[19]: 2000 10 11  0 20 OSCAR       7.1   4.6   65  547 1988  9 19 12  3 LESLIE      7.1   6.0   62  879
[18]: 2000 10 11  0 20 OSCAR       7.1   4.6   65  547 1976  7 18  0 20 ISAAC       7.0   6.5   30   85
[17]: 1994  7  1 18 28 RAFAEL      7.0   5.1   47  135 1988  4 10 18 10 PATTY       7.4   5.5   93  228
[16]: 1989  9  9  6 13 CHRIS       7.0   4.6   21  602 2000  7 28  0 28 PATTY       7.0   6.2   37  236
[15]: 1985  9 28  0  6 FLORENCE    7.1   5.4   48  753 1958 12 25 18 20 BERYL       7.2   6.2   58  755
[14]: 1978 12  1  6  4 ALBERTO     7.1   4.7   21  674 1993  1 18  0 27 VALERIE     7.3   5.2   66  431
[13]: 1994  7  1 18 28 RAFAEL      7.0   5.1   47  135 1987  5  9  6  7 PATTY       7.0   4.3   52  385
[12]: 1994  7  1 18 28 RAFAEL      7.0   5.1   47  135 1995  1 14  0 16 MICHAEL     7.0   6.4   23  493
[10]: 1995  5 22  6 14 ERNESTO     7.1   4.9   53  190 1988  9 19 12  3 LESLIE      7.1   6.0   62  879
[9]: 1989  9  9  6 13 CHRIS       7.0   4.6   21  602 1995  5 22  6 14 ERNESTO     7.1   4.9   53  190
[8]: 1978 12  1  6  4 ALBERTO     7.1   4.7   21  674 1988  9 19 12  3 LESLIE      7.1   6.0   62  879
[7]: 1978 12  1  6  4 ALBERTO     7.1   4.7   21  674 1995  5 22  6 14 ERNESTO     7.1   4.9   53  190
[6]: 1989  9  9  6 13 CHRIS       7.0   4.6   21  602 1996  3 25  0 25 GORDON      7.3   6.0   74  683
[3]: 1987  5  9  6  7 PATTY       7.0   4.3   52  385 2003  6  4 12  7 DEBBY       7.5   5.3   88   79
[2]: 1995  5 22  6 14 ERNESTO     7.1   4.9   53  190 2004 12 28  0  1 PATTY       7.1   6.1   94  198
[1]: 2000 10 11  0 20 OSCAR       7.1   4.6   65  547 1951  2 23  6 16 HELENE      7.4   5.7   39  591
