[4]: 154.049561 132.432159
[4]: 126.140038 126.836334
[4]: 127.395836 117.904129
[4]: 149.092270 173.930054
[4]: 130.282120 124.594322
[4]: 125.046967 126.765602
[4]: 134.364929 122.387993
[4]: 121.295654 126.389420
[4]: 118.162842 111.252876
[4]: 122.805389 123.659187
[4]: 126.411903 133.923080
[4]: 128.597733 128.397034
[4]: 128.286880 127.930695
[4]: 137.270752 122.162163
[4]: 125.372040 123.592026
[4]: 156.809402 132.753708
[4]: 127.783325 118.670052
[4]: 72.980225 67.263580
[4]: 124.885666 125.855522
[4]: 132.717636 131.628586
[4]: 129.569244 130.921097
[4]: 110.453743 113.843704
[4]: 122.497063 117.078583
[4]: 126.176132 123.219727
[4]: 131.875656 128.845459
[4]: 120.692352 137.093811
[4]: 148.318329 133.075012
[4]: 124.800568 118.086906
[4]: 117.511276 129.906662
[4]: 90.300476 74.227898
[4]: 134.936523 133.324158
[4]: 133.367096 140.945679
[4]: 116.767014 131.868683
[4]: -526185516389589559577411584.000000 128.115768
[3]: 125.026855 129.667557
[3]: 137.869568 129.926086
[3]: 122.740372 127.448074
[3]: 97.300285 60.540619
[3]: 136.402710 131.771637
[3]: 137.985291 126.479179
[3]: 147.773956 135.141663
[3]: 130.160492 130.633560
[3]: 122.848213 135.352875
[3]: 133.610931 125.978561
[3]: 94.360901 119.108917
[3]: 119.110962 127.657806
[3]: 126.443123 128.203644
[3]: 120.985214 132.660767
[3]: 129.798447 129.234131
[3]: 159.458817 131.750046
[3]: 132.676132 132.714172
[3]: 164.068253 155.685638
[3]: 107.020203 124.603302
[3]: 111.299873 122.442459
[3]: 131.199753 124.990410
[3]: 151.524185 136.959061
[3]: 127.978401 132.554504
[3]: 136.750961 128.384995
[3]: 155.104065 129.326920
[3]: 130.741196 120.673088
[3]: 118.163284 128.321609
[3]: 124.273186 128.891006
[3]: 119.190964 125.635117
[3]: 85.661438 64.354279
[3]: 138.780701 128.957504
[3]: 126.824638 117.774368
[3]: 107.888786 124.986511
[3]: -699318871739428305614405632.000000 121.671371
[2]: 117.057434 127.894775
[2]: 130.235565 136.264862
[2]: 128.663086 137.254089
[2]: 105.831703 113.327965
[2]: 133.670715 139.689117
[2]: 130.928833 126.364342
[2]: 124.017494 130.981094
[2]: 138.091553 128.233978
[2]: 124.068474 143.741364
[2]: 126.879883 136.178146
[2]: 114.781075 114.198883
[2]: 119.960342 130.096924
[2]: 128.442688 122.856323
[2]: 125.063889 141.394409
[2]: 117.146385 131.694214
[2]: 125.453217 125.654327
[2]: 119.980629 135.343277
[2]: 87.804893 68.268845
[2]: 124.136497 129.859833
[2]: 118.593628 117.726288
[2]: 131.057724 129.149658
[2]: 132.155106 144.983566
[2]: 126.890823 140.783249
[2]: 130.528488 136.607025
[2]: 123.647247 122.202629
[2]: 142.947525 115.770721
[2]: 128.928833 127.232552
[2]: 121.828491 141.488953
[2]: 121.542648 117.123810
[2]: 142.466888 187.028641
[2]: 123.703789 115.487915
[2]: 123.100403 115.701958
[2]: 124.141556 126.823853
[2]: -270773687279182257728782336.000000 119.795769
[1]: 127.901779 124.435265
[1]: 127.471359 126.022057
[1]: 127.379921 136.218262
[1]: 127.525314 195.582352
[1]: 128.181427 128.496063
[1]: 127.423538 127.885963
[1]: 127.356049 126.182396
[1]: 127.222542 126.707695
[1]: 127.118706 139.348587
[1]: 127.188004 128.695145
[1]: 127.549744 120.969055
[1]: 127.940575 129.116302
[1]: 127.842880 129.162750
[1]: 127.267906 133.181931
[1]: 127.105331 133.151993
[1]: 127.644928 118.258011
[1]: 127.718880 134.611816
[1]: 127.781891 191.817841
[1]: 127.534515 132.786499
[1]: 126.893906 122.490532
[1]: 127.576462 125.744560
[1]: 127.796494 135.743011
[1]: 127.622307 140.021667
[1]: 127.162994 134.113419
[1]: 127.269859 129.365189
[1]: 127.681412 119.186768
[1]: 127.846275 122.164551
[1]: 127.641411 136.165558
[1]: 127.656830 127.482735
[1]: 127.495361 131.550781
[1]: 128.044312 119.676590
[1]: 127.318626 117.413986
[1]: 127.497551 126.122925
[1]: -136227323416449520309895168.000000 130.843796
[0]: 117.269096 124.891190
[0]: 124.853607 117.632103
[0]: 128.568954 117.247887
[0]: 110.434433 91.521843
[0]: 122.425812 115.437042
[0]: 126.871490 129.795883
[0]: 130.253098 121.578682
[0]: 118.778687 123.861870
[0]: 103.769821 103.972305
[0]: 109.321960 121.032570
[0]: 151.407486 151.454742
[0]: 130.654099 124.158813
[0]: 132.570648 131.248230
[0]: 122.095947 105.238052
[0]: 108.406761 117.011108
[0]: 143.520203 130.063766
[0]: 117.139175 116.268654
[0]: 147.256302 155.970764
[0]: 128.614899 124.307205
[0]: 118.163261 141.321823
[0]: 117.718742 127.129501
[0]: 93.860535 105.662453
[0]: 113.534409 105.882210
[0]: 115.385155 112.333275
[0]: 130.833939 126.447815
[0]: 142.622742 147.295670
[0]: 141.249084 128.576889
[0]: 124.166313 112.386185
[0]: 132.907974 138.924698
[0]: 136.524567 185.904358
[0]: 135.801422 143.981277
[0]: 138.133209 146.401062
[0]: 107.548409 127.767845
[0]: -412590023661828371696844800.000000 137.356873
