[4]: 132.596405 132.432159
[4]: 126.516449 126.836334
[4]: 118.157288 117.904129
[4]: 174.250671 173.930054
[4]: 124.169769 124.594322
[4]: 126.954697 126.765602
[4]: 122.413528 122.387993
[4]: 126.095612 126.389420
[4]: 111.478783 111.252876
[4]: 123.982994 123.659187
[4]: 133.967255 133.923080
[4]: 128.196625 128.397034
[4]: 127.666588 127.930695
[4]: 121.964317 122.162163
[4]: 123.272690 123.592026
[4]: 132.267838 132.753708
[4]: 118.744476 118.670052
[4]: 67.257591 67.263580
[4]: 125.982437 125.855522
[4]: 131.745590 131.628586
[4]: 131.013199 130.921097
[4]: 113.888489 113.843704
[4]: 117.189713 117.078583
[4]: 123.586075 123.219727
[4]: 128.737564 128.845459
[4]: 136.968369 137.093811
[4]: 132.950958 133.075012
[4]: 117.961052 118.086906
[4]: 129.721344 129.906662
[4]: 74.247101 74.227898
[4]: 133.326981 133.324158
[4]: 141.149582 140.945679
[4]: 131.723419 131.868683
[4]: 127.804321 128.115768
[3]: 129.810699 129.667557
[3]: 130.102219 129.926086
[3]: 127.329956 127.448074
[3]: 60.630829 60.540619
[3]: 131.940506 131.771637
[3]: 126.482849 126.479179
[3]: 135.059494 135.141663
[3]: 130.815918 130.633560
[3]: 135.306168 135.352875
[3]: 125.797134 125.978561
[3]: 119.288010 119.108917
[3]: 127.766174 127.657806
[3]: 128.431931 128.203644
[3]: 132.753784 132.660767
[3]: 129.251358 129.234131
[3]: 131.932251 131.750046
[3]: 132.784027 132.714172
[3]: 155.571030 155.685638
[3]: 124.626305 124.603302
[3]: 122.540390 122.442459
[3]: 125.085220 124.990410
[3]: 137.076645 136.959061
[3]: 132.478790 132.554504
[3]: 128.282394 128.384995
[3]: 129.450104 129.326920
[3]: 120.764381 120.673088
[3]: 128.472092 128.321609
[3]: 129.087250 128.891006
[3]: 125.757370 125.635117
[3]: 64.239983 64.354279
[3]: 129.101364 128.957504
[3]: 117.847183 117.774368
[3]: 125.054268 124.986511
[3]: 121.729225 121.671371
[2]: 128.050903 127.894775
[2]: 136.002792 136.264862
[2]: 137.084442 137.254089
[2]: 113.210625 113.327965
[2]: 139.750900 139.689117
[2]: 126.282082 126.364342
[2]: 131.015686 130.981094
[2]: 128.470398 128.233978
[2]: 143.894531 143.741364
[2]: 135.914276 136.178146
[2]: 114.116623 114.198883
[2]: 130.144592 130.096924
[2]: 123.335693 122.856323
[2]: 141.297455 141.394409
[2]: 131.871185 131.694214
[2]: 126.026367 125.654327
[2]: 135.097031 135.343277
[2]: 68.344940 68.268845
[2]: 129.963043 129.859833
[2]: 117.658249 117.726288
[2]: 129.122437 129.149658
[2]: 145.081726 144.983566
[2]: 140.768188 140.783249
[2]: 136.311874 136.607025
[2]: 122.437508 122.202629
[2]: 115.949097 115.770721
[2]: 127.543457 127.232552
[2]: 141.559311 141.488953
[2]: 117.074959 117.123810
[2]: 187.003586 187.028641
[2]: 115.559784 115.487915
[2]: 115.156937 115.701958
[2]: 127.169044 126.823853
[2]: 119.980560 119.795769
[1]: 124.053467 124.435265
[1]: 126.242508 126.022057
[1]: 136.148926 136.218262
[1]: 195.580856 195.582352
[1]: 128.928192 128.496063
[1]: 127.816109 127.885963
[1]: 126.018814 126.182396
[1]: 126.544800 126.707695
[1]: 139.257095 139.348587
[1]: 128.737427 128.695145
[1]: 120.922264 120.969055
[1]: 129.074142 129.116302
[1]: 129.304245 129.162750
[1]: 133.335236 133.181931
[1]: 133.212616 133.151993
[1]: 118.557289 118.258011
[1]: 134.708160 134.611816
[1]: 191.922333 191.817841
[1]: 132.647675 132.786499
[1]: 122.383316 122.490532
[1]: 125.629646 125.744560
[1]: 135.508270 135.743011
[1]: 140.129486 140.021667
[1]: 133.829529 134.113419
[1]: 129.233459 129.365189
[1]: 119.120590 119.186768
[1]: 122.160088 122.164551
[1]: 136.169998 136.165558
[1]: 127.670776 127.482735
[1]: 131.654236 131.550781
[1]: 119.742973 119.676590
[1]: 117.443649 117.413986
[1]: 125.822273 126.122925
[1]: 131.207077 130.843796
[0]: 124.885429 124.891190
[0]: 117.842079 117.632103
[0]: 117.371582 117.247887
[0]: 91.441002 91.521843
[0]: 115.137909 115.437042
[0]: 129.853622 129.795883
[0]: 121.770859 121.578682
[0]: 123.966568 123.861870
[0]: 103.625084 103.972305
[0]: 121.057281 121.032570
[0]: 151.377914 151.454742
[0]: 124.250000 124.158813
[0]: 130.646027 131.248230
[0]: 105.290787 105.238052
[0]: 117.036507 117.011108
[0]: 129.666641 130.063766
[0]: 116.293861 116.268654
[0]: 155.925705 155.970764
[0]: 124.172791 124.307205
[0]: 141.245209 141.321823
[0]: 127.104393 127.129501
[0]: 105.600632 105.662453
[0]: 105.715630 105.882210
[0]: 112.659370 112.333275
[0]: 126.272057 126.447815
[0]: 147.284882 147.295670
[0]: 128.203995 128.576889
[0]: 112.154327 112.386185
[0]: 138.810623 138.924698
[0]: 185.795654 185.904358
[0]: 143.684677 143.981277
[0]: 146.724609 146.401062
[0]: 127.805656 127.767845
[0]: 137.088669 137.356873
