[4]: 89.883850 132.432159
[4]: 128.750168 126.836334
[4]: 125.671227 117.904129
[4]: 174.177399 173.930054
[4]: 129.801712 124.594322
[4]: 128.985245 126.765602
[4]: 127.438644 122.387993
[4]: 127.825310 126.389420
[4]: 128.380890 111.252876
[4]: 129.383102 123.659187
[4]: 127.886414 133.923080
[4]: 129.565353 128.397034
[4]: 126.334618 127.930695
[4]: 130.230011 122.162163
[4]: 126.080284 123.592026
[4]: 131.911591 132.753708
[4]: 126.212906 118.670052
[4]: 60.831371 67.263580
[4]: 125.672516 125.855522
[4]: 127.514793 131.628586
[4]: 129.105591 130.921097
[4]: 128.784454 113.843704
[4]: 129.205490 117.078583
[4]: 130.026520 123.219727
[4]: 126.822815 128.845459
[4]: 126.612762 137.093811
[4]: 127.021461 133.075012
[4]: 128.954361 118.086906
[4]: 124.206635 129.906662
[4]: 125.491623 74.227898
[4]: 126.680786 133.324158
[4]: 171.458603 140.945679
[4]: 128.660889 131.868683
[4]: 123.091621 128.115768
[3]: 170.315994 129.667557
[3]: 127.736107 129.926086
[3]: 126.688225 127.448074
[3]: 87.035606 60.540619
[3]: 128.855911 131.771637
[3]: 128.425049 126.479179
[3]: 129.890579 135.141663
[3]: 127.441620 130.633560
[3]: 126.813271 135.352875
[3]: 125.903145 125.978561
[3]: 124.984741 119.108917
[3]: 128.538986 127.657806
[3]: 127.571457 128.203644
[3]: 128.027542 132.660767
[3]: 127.872993 129.234131
[3]: 130.484268 131.750046
[3]: 128.700714 132.714172
[3]: 126.435585 155.685638
[3]: 127.106369 124.603302
[3]: 126.747726 122.442459
[3]: 127.304367 124.990410
[3]: 127.362274 136.959061
[3]: 126.673111 132.554504
[3]: 127.573929 128.384995
[3]: 128.780136 129.326920
[3]: 124.455643 120.673088
[3]: 127.580688 128.321609
[3]: 127.463783 128.891006
[3]: 127.821983 125.635117
[3]: 58.237228 64.354279
[3]: 129.727234 128.957504
[3]: 83.027611 117.774368
[3]: 127.474167 124.986511
[3]: 126.168571 121.671371
[2]: 168.944962 127.894775
[2]: 131.076797 136.264862
[2]: 130.767380 137.254089
[2]: 96.405205 113.327965
[2]: 130.292023 139.689117
[2]: 127.124031 126.364342
[2]: 132.961472 130.981094
[2]: 132.282898 128.233978
[2]: 136.961151 143.741364
[2]: 133.075073 136.178146
[2]: 114.573601 114.198883
[2]: 132.520706 130.096924
[2]: 133.530640 122.856323
[2]: 139.335220 141.394409
[2]: 132.883194 131.694214
[2]: 130.163879 125.654327
[2]: 134.859863 135.343277
[2]: 122.453590 68.268845
[2]: 128.155899 129.859833
[2]: 118.903809 117.726288
[2]: 126.699684 129.149658
[2]: 134.604813 144.983566
[2]: 136.218903 140.783249
[2]: 141.305893 136.607025
[2]: 127.863892 122.202629
[2]: 121.687531 115.770721
[2]: 121.719238 127.232552
[2]: 131.161896 141.488953
[2]: 120.307129 117.123810
[2]: 186.575577 187.028641
[2]: 119.927551 115.487915
[2]: 72.608185 115.701958
[2]: 136.184402 126.823853
[2]: 117.365532 119.795769
[1]: 83.609978 124.435265
[1]: 128.869598 126.022057
[1]: 133.196198 136.218262
[1]: 178.753845 195.582352
[1]: 128.796127 128.496063
[1]: 125.899368 127.885963
[1]: 131.276291 126.182396
[1]: 128.214661 126.707695
[1]: 133.043243 139.348587
[1]: 129.107849 128.695145
[1]: 118.639671 120.969055
[1]: 127.754150 129.116302
[1]: 131.647781 129.162750
[1]: 132.105392 133.181931
[1]: 131.866394 133.151993
[1]: 124.409897 118.258011
[1]: 135.026505 134.611816
[1]: 190.314102 191.817841
[1]: 129.434753 132.786499
[1]: 121.103981 122.490532
[1]: 124.447044 125.744560
[1]: 131.613617 135.743011
[1]: 131.614212 140.021667
[1]: 134.450089 134.113419
[1]: 130.504135 129.365189
[1]: 123.212578 119.186768
[1]: 124.095123 122.164551
[1]: 129.869003 136.165558
[1]: 127.024338 127.482735
[1]: 117.590324 131.550781
[1]: 125.369705 119.676590
[1]: 160.601334 117.413986
[1]: 130.920212 126.122925
[1]: 125.718941 130.843796
[0]: 132.829285 124.891190
[0]: 118.215424 117.632103
[0]: 117.943863 117.247887
[0]: 82.876854 91.521843
[0]: 120.935410 115.437042
[0]: 126.153244 129.795883
[0]: 110.114471 121.578682
[0]: 117.730858 123.861870
[0]: 103.728989 103.972305
[0]: 115.041962 121.032570
[0]: 161.413162 151.454742
[0]: 118.682411 124.158813
[0]: 117.354828 131.248230
[0]: 98.277710 105.238052
[0]: 112.770073 117.011108
[0]: 118.184227 130.063766
[0]: 108.219376 116.268654
[0]: 147.803467 155.970764
[0]: 127.415031 124.307205
[0]: 145.389206 141.321823
[0]: 131.423157 127.129501
[0]: 112.192024 105.662453
[0]: 109.229813 105.882210
[0]: 92.460724 112.333275
[0]: 120.107330 126.447815
[0]: 148.816437 147.295670
[0]: 143.248932 128.576889
[0]: 117.891243 112.386185
[0]: 143.485550 138.924698
[0]: 170.902344 185.904358
[0]: 142.403061 143.981277
[0]: 150.322647 146.401062
[0]: 109.071625 127.767845
[0]: 151.899155 137.356873
