[4]: 131.894424 132.432159
[4]: 126.482300 126.836334
[4]: 118.123276 117.904129
[4]: 174.973404 173.930054
[4]: 123.852913 124.594322
[4]: 126.538025 126.765602
[4]: 121.335533 122.387993
[4]: 125.865456 126.389420
[4]: 110.817589 111.252876
[4]: 124.125099 123.659187
[4]: 134.470230 133.923080
[4]: 128.948807 128.397034
[4]: 127.256470 127.930695
[4]: 122.824097 122.162163
[4]: 122.952774 123.592026
[4]: 131.766953 132.753708
[4]: 118.051758 118.670052
[4]: 67.075645 67.263580
[4]: 126.069771 125.855522
[4]: 132.015869 131.628586
[4]: 131.131683 130.921097
[4]: 114.123436 113.843704
[4]: 117.370216 117.078583
[4]: 124.106369 123.219727
[4]: 129.496033 128.845459
[4]: 135.774017 137.093811
[4]: 132.274490 133.075012
[4]: 117.662170 118.086906
[4]: 129.039444 129.906662
[4]: 75.455307 74.227898
[4]: 133.462845 133.324158
[4]: 141.971985 140.945679
[4]: 131.598114 131.868683
[4]: 126.955948 128.115768
[3]: 130.144409 129.667557
[3]: 129.860657 129.926086
[3]: 127.101311 127.448074
[3]: 60.618065 60.540619
[3]: 131.448257 131.771637
[3]: 126.590477 126.479179
[3]: 135.743454 135.141663
[3]: 130.631775 130.633560
[3]: 135.296371 135.352875
[3]: 125.451683 125.978561
[3]: 119.806732 119.108917
[3]: 127.730125 127.657806
[3]: 128.161713 128.203644
[3]: 132.370560 132.660767
[3]: 129.488785 129.234131
[3]: 132.191238 131.750046
[3]: 132.715317 132.714172
[3]: 155.105591 155.685638
[3]: 124.731300 124.603302
[3]: 122.273376 122.442459
[3]: 125.074036 124.990410
[3]: 136.382950 136.959061
[3]: 132.597412 132.554504
[3]: 128.118301 128.384995
[3]: 129.108871 129.326920
[3]: 121.198799 120.673088
[3]: 128.514969 128.321609
[3]: 129.296371 128.891006
[3]: 126.360893 125.635117
[3]: 63.735348 64.354279
[3]: 129.613235 128.957504
[3]: 117.392220 117.774368
[3]: 125.045280 124.986511
[3]: 122.055099 121.671371
[2]: 129.031967 127.894775
[2]: 135.694321 136.264862
[2]: 137.421402 137.254089
[2]: 112.113739 113.327965
[2]: 140.657745 139.689117
[2]: 126.949310 126.364342
[2]: 132.356125 130.981094
[2]: 129.386505 128.233978
[2]: 144.920685 143.741364
[2]: 135.968124 136.178146
[2]: 112.693047 114.198883
[2]: 129.576279 130.096924
[2]: 124.050690 122.856323
[2]: 140.694397 141.394409
[2]: 131.502228 131.694214
[2]: 126.564964 125.654327
[2]: 136.272278 135.343277
[2]: 69.114380 68.268845
[2]: 129.548218 129.859833
[2]: 117.326080 117.726288
[2]: 129.106323 129.149658
[2]: 144.806793 144.983566
[2]: 140.922928 140.783249
[2]: 135.218628 136.607025
[2]: 121.435997 122.202629
[2]: 117.197197 115.770721
[2]: 128.306946 127.232552
[2]: 142.673599 141.488953
[2]: 117.688110 117.123810
[2]: 186.561295 187.028641
[2]: 114.172485 115.487915
[2]: 114.575882 115.701958
[2]: 127.373344 126.823853
[2]: 121.036186 119.795769
[1]: 123.934662 124.435265
[1]: 126.477356 126.022057
[1]: 137.010803 136.218262
[1]: 195.412247 195.582352
[1]: 129.371689 128.496063
[1]: 128.356232 127.885963
[1]: 126.812836 126.182396
[1]: 126.725662 126.707695
[1]: 139.655121 139.348587
[1]: 128.341705 128.695145
[1]: 121.233856 120.969055
[1]: 129.095871 129.116302
[1]: 129.582779 129.162750
[1]: 133.230133 133.181931
[1]: 133.442001 133.151993
[1]: 118.712608 118.258011
[1]: 135.161758 134.611816
[1]: 191.946152 191.817841
[1]: 132.313736 132.786499
[1]: 122.330124 122.490532
[1]: 125.530106 125.744560
[1]: 135.442551 135.743011
[1]: 139.541214 140.021667
[1]: 134.251968 134.113419
[1]: 129.029755 129.365189
[1]: 120.380234 119.186768
[1]: 122.583641 122.164551
[1]: 136.252274 136.165558
[1]: 128.111877 127.482735
[1]: 131.575562 131.550781
[1]: 120.498718 119.676590
[1]: 117.500969 117.413986
[1]: 125.799316 126.122925
[1]: 131.402603 130.843796
[0]: 124.280785 124.891190
[0]: 118.154381 117.632103
[0]: 116.245514 117.247887
[0]: 91.516006 91.521843
[0]: 114.516518 115.437042
[0]: 128.778595 129.795883
[0]: 119.845535 121.578682
[0]: 123.154556 123.861870
[0]: 102.723763 103.972305
[0]: 121.684029 121.032570
[0]: 151.565689 151.454742
[0]: 124.045227 124.158813
[0]: 130.286789 131.248230
[0]: 105.412338 105.238052
[0]: 117.237190 117.011108
[0]: 129.211014 130.063766
[0]: 115.238304 116.268654
[0]: 155.615372 155.970764
[0]: 124.758087 124.307205
[0]: 141.786407 141.321823
[0]: 127.101692 127.129501
[0]: 106.364113 105.662453
[0]: 105.742729 105.882210
[0]: 112.912643 112.333275
[0]: 127.175148 126.447815
[0]: 145.422974 147.295670
[0]: 127.639320 128.576889
[0]: 110.912468 112.386185
[0]: 137.819183 138.924698
[0]: 185.867584 185.904358
[0]: 143.727798 143.981277
[0]: 146.970734 146.401062
[0]: 127.774307 127.767845
[0]: 136.273315 137.356873
