[4]: 133.418243 132.432159
[4]: 126.306572 126.836334
[4]: 116.977333 117.904129
[4]: 172.893005 173.930054
[4]: 126.266388 124.594322
[4]: 126.356583 126.765602
[4]: 121.908691 122.387993
[4]: 127.828087 126.389420
[4]: 112.721008 111.252876
[4]: 123.042320 123.659187
[4]: 134.447647 133.923080
[4]: 128.802887 128.397034
[4]: 128.893005 127.930695
[4]: 122.686218 122.162163
[4]: 125.205116 123.592026
[4]: 134.173737 132.753708
[4]: 119.460175 118.670052
[4]: 67.148849 67.263580
[4]: 125.451614 125.855522
[4]: 130.965912 131.628586
[4]: 130.029160 130.921097
[4]: 113.826424 113.843704
[4]: 117.134422 117.078583
[4]: 122.302452 123.219727
[4]: 127.584373 128.845459
[4]: 136.959183 137.093811
[4]: 135.378860 133.075012
[4]: 117.663551 118.086906
[4]: 130.981857 129.906662
[4]: 73.294601 74.227898
[4]: 134.392487 133.324158
[4]: 139.351593 140.945679
[4]: 131.736145 131.868683
[4]: 129.480072 128.115768
[3]: 127.343063 129.667557
[3]: 129.264206 129.926086
[3]: 127.221718 127.448074
[3]: 60.677673 60.540619
[3]: 132.245895 131.771637
[3]: 127.480286 126.479179
[3]: 135.539978 135.141663
[3]: 129.601700 130.633560
[3]: 134.615952 135.352875
[3]: 126.396492 125.978561
[3]: 117.619698 119.108917
[3]: 126.698479 127.657806
[3]: 127.323265 128.203644
[3]: 132.310043 132.660767
[3]: 128.606476 129.234131
[3]: 130.891800 131.750046
[3]: 133.092545 132.714172
[3]: 158.060318 155.685638
[3]: 123.959946 124.603302
[3]: 123.765762 122.442459
[3]: 125.575104 124.990410
[3]: 137.283844 136.959061
[3]: 131.678070 132.554504
[3]: 130.266312 128.384995
[3]: 130.026047 129.326920
[3]: 120.819199 120.673088
[3]: 126.602570 128.321609
[3]: 129.508606 128.891006
[3]: 125.592079 125.635117
[3]: 64.848145 64.354279
[3]: 129.140671 128.957504
[3]: 120.827965 117.774368
[3]: 125.670319 124.986511
[3]: 121.741821 121.671371
[2]: 126.716583 127.894775
[2]: 137.236389 136.264862
[2]: 136.969559 137.254089
[2]: 111.820198 113.327965
[2]: 138.934723 139.689117
[2]: 126.492226 126.364342
[2]: 129.524506 130.981094
[2]: 127.970909 128.233978
[2]: 141.893356 143.741364
[2]: 137.751175 136.178146
[2]: 114.296646 114.198883
[2]: 128.698578 130.096924
[2]: 122.544754 122.856323
[2]: 140.297684 141.394409
[2]: 131.536072 131.694214
[2]: 125.193748 125.654327
[2]: 134.259186 135.343277
[2]: 67.499962 68.268845
[2]: 131.011322 129.859833
[2]: 116.974419 117.726288
[2]: 130.821793 129.149658
[2]: 145.008133 144.983566
[2]: 141.869614 140.783249
[2]: 138.229858 136.607025
[2]: 123.760979 122.202629
[2]: 115.315376 115.770721
[2]: 125.541565 127.232552
[2]: 140.814224 141.488953
[2]: 116.452698 117.123810
[2]: 185.798676 187.028641
[2]: 114.991150 115.487915
[2]: 116.954491 115.701958
[2]: 126.423447 126.823853
[2]: 119.319916 119.795769
[1]: 126.141731 124.435265
[1]: 126.454475 126.022057
[1]: 136.894455 136.218262
[1]: 196.257492 195.582352
[1]: 127.223167 128.496063
[1]: 127.534210 127.885963
[1]: 126.424255 126.182396
[1]: 126.908333 126.707695
[1]: 138.297562 139.348587
[1]: 128.905075 128.695145
[1]: 120.861526 120.969055
[1]: 130.146835 129.116302
[1]: 128.959702 129.162750
[1]: 133.519028 133.181931
[1]: 132.785507 133.151993
[1]: 118.254631 118.258011
[1]: 134.079971 134.611816
[1]: 190.721893 191.817841
[1]: 132.836029 132.786499
[1]: 123.325455 122.490532
[1]: 125.801857 125.744560
[1]: 136.401169 135.743011
[1]: 139.777908 140.021667
[1]: 133.324448 134.113419
[1]: 129.279739 129.365189
[1]: 119.635490 119.186768
[1]: 121.517548 122.164551
[1]: 135.230835 136.165558
[1]: 126.305695 127.482735
[1]: 132.252777 131.550781
[1]: 118.753975 119.676590
[1]: 116.163040 117.413986
[1]: 125.859589 126.122925
[1]: 129.342651 130.843796
[0]: 125.766335 124.891190
[0]: 117.374451 117.632103
[0]: 117.951241 117.247887
[0]: 92.509918 91.521843
[0]: 115.275131 115.437042
[0]: 129.397369 129.795883
[0]: 122.972786 121.578682
[0]: 123.498154 123.861870
[0]: 106.188599 103.972305
[0]: 119.266975 121.032570
[0]: 152.658600 151.454742
[0]: 125.108940 124.158813
[0]: 131.744949 131.248230
[0]: 105.738434 105.238052
[0]: 116.451370 117.011108
[0]: 130.053818 130.063766
[0]: 116.676109 116.268654
[0]: 155.432739 155.970764
[0]: 124.094772 124.307205
[0]: 140.553268 141.321823
[0]: 125.586403 127.129501
[0]: 104.446480 105.662453
[0]: 105.719635 105.882210
[0]: 110.276505 112.333275
[0]: 125.457718 126.447815
[0]: 147.395050 147.295670
[0]: 130.545883 128.576889
[0]: 113.803589 112.386185
[0]: 139.885742 138.924698
[0]: 186.872269 185.904358
[0]: 144.317017 143.981277
[0]: 144.929184 146.401062
[0]: 127.883163 127.767845
[0]: 137.983521 137.356873
