[19]: 1989  8 12  6 21 DEBBY      67.6 335.5  111  194 2000 10 11  0 20 OSCAR       7.1   4.6   65  547
[18]: 1973  3  4  0 26 BERYL      54.4 111.4   40  434 2000 10 11  0 20 OSCAR       7.1   4.6   65  547
[17]: 1998 12 16 18  5 OSCAR      32.3 272.4   42  455 1994  7  1 18 28 RAFAEL      7.0   5.1   47  135
[16]: 1972  3 13  6 10 DEBBY      66.4 206.7   81   81 1989  9  9  6 13 CHRIS       7.0   4.6   21  602
[15]: 1994  7  1 18 28 RAFAEL      7.0   5.1   47  135 1985  9 28  0  6 FLORENCE    7.1   5.4   48  753
[14]: 1994  7  1 18 28 RAFAEL      7.0   5.1   47  135 1978 12  1  6  4 ALBERTO     7.1   4.7   21  674
[13]: 1995  5 22  6 14 ERNESTO     7.1   4.9   53  190 1994  7  1 18 28 RAFAEL      7.0   5.1   47  135
[12]: 1993  8 19  0 19 BERYL      49.6 179.7   52  375 1994  7  1 18 28 RAFAEL      7.0   5.1   47  135
[11]: 1995  5 22  6 14 ERNESTO     7.1   4.9   53  190 1952  3 21 18 10 DEBBY       7.1   5.7   77  178
[10]: 1994  7  1 18 28 RAFAEL      7.0   5.1   47  135 1995  5 22  6 14 ERNESTO     7.1   4.9   53  190
[8]: 1963  9 21  0 13 MICHAEL    37.2 311.2   33  578 1978 12  1  6  4 ALBERTO     7.1   4.7   21  674
[7]: 1967  2 25 18 18 FLORENCE   54.9  69.0   72    9 1978 12  1  6  4 ALBERTO     7.1   4.7   21  674
[6]: 2003  3 11 18  6 NADINE     14.1 107.0   72   69 1989  9  9  6 13 CHRIS       7.0   4.6   21  602
[5]: 1995  5 22  6 14 ERNESTO     7.1   4.9   53  190 1999  8 15 18 25 BERYL       7.0   4.2  101   90
[4]: 1989  9  9  6 13 CHRIS       7.0   4.6   21  602 1983  5  8 12  1 ALBERTO     7.1   4.5  121  234
[2]: 1989  9  9  6 13 CHRIS       7.0   4.6   21  602 1995  5 22  6 14 ERNESTO     7.1   4.9   53  190
[1]: 1987  9 17  6 26 JOYCE      56.8  15.6  158  173 2000 10 11  0 20 OSCAR       7.1   4.6   65  547
[0]: 1963  3 26  0 10 VALERIE    52.6  35.7   25  474 1995  5 22  6 14 ERNESTO     7.1   4.9   53  190
