[4]: 132.432159 136.387604
[4]: 126.836334 123.686333
[4]: 117.904129 118.990524
[4]: 173.930054 174.000320
[4]: 124.594322 123.844551
[4]: 126.765602 125.579460
[4]: 122.387993 125.154030
[4]: 126.389420 125.859001
[4]: 111.252876 110.042496
[4]: 123.659187 124.568169
[4]: 133.923080 135.275909
[4]: 128.397034 135.336411
[4]: 127.930695 126.581596
[4]: 122.162163 125.143204
[4]: 123.592026 121.067062
[4]: 132.753708 132.711533
[4]: 118.670052 117.750870
[4]: 67.263580 67.563431
[4]: 125.855522 129.108444
[4]: 131.628586 129.003235
[4]: 130.921097 128.578033
[4]: 113.843704 110.381042
[4]: 117.078583 114.156158
[4]: 123.219727 124.651581
[4]: 128.845459 129.256561
[4]: 137.093811 132.216278
[4]: 133.075012 131.091629
[4]: 118.086906 119.203003
[4]: 129.906662 129.801666
[4]: 74.227898 74.912796
[4]: 133.324158 133.775284
[4]: 140.945679 135.471252
[4]: 131.868683 130.160736
[4]: 128.115768 122.821877
[3]: 129.667557 123.590469
[3]: 129.926086 130.338623
[3]: 127.448074 126.222458
[3]: 60.540619 61.765259
[3]: 131.771637 129.990829
[3]: 126.479179 126.375008
[3]: 135.141663 134.014923
[3]: 130.633560 128.960190
[3]: 135.352875 137.439468
[3]: 125.978561 124.543579
[3]: 119.108917 119.611694
[3]: 127.657806 122.185135
[3]: 128.203644 128.581299
[3]: 132.660767 131.518860
[3]: 129.234131 130.637894
[3]: 131.750046 131.392044
[3]: 132.714172 132.753906
[3]: 155.685638 157.835159
[3]: 124.603302 121.871552
[3]: 122.442459 124.320503
[3]: 124.990410 127.726768
[3]: 136.959061 141.568314
[3]: 132.554504 132.909958
[3]: 128.384995 129.144470
[3]: 129.326920 128.722961
[3]: 120.673088 123.457275
[3]: 128.321609 126.937172
[3]: 128.891006 129.082031
[3]: 125.635117 127.242668
[3]: 64.354279 64.260086
[3]: 128.957504 129.396088
[3]: 117.774368 124.074333
[3]: 124.986511 126.774048
[3]: 121.671371 124.879791
[2]: 127.894775 123.681137
[2]: 136.264862 138.191803
[2]: 137.254089 136.211761
[2]: 113.327965 113.022713
[2]: 139.689117 142.426361
[2]: 126.364342 129.808197
[2]: 130.981094 127.324120
[2]: 128.233978 128.970734
[2]: 143.741364 145.684280
[2]: 136.178146 139.006378
[2]: 114.198883 112.268997
[2]: 130.096924 120.646133
[2]: 122.856323 122.644844
[2]: 141.394409 137.921921
[2]: 131.694214 131.763016
[2]: 125.654327 124.273605
[2]: 135.343277 140.044540
[2]: 68.268845 68.093117
[2]: 129.859833 126.570404
[2]: 117.726288 123.819427
[2]: 129.149658 133.178146
[2]: 144.983566 150.043640
[2]: 140.783249 147.127945
[2]: 136.607025 134.254929
[2]: 122.202629 122.039688
[2]: 115.770721 120.235535
[2]: 127.232552 131.053665
[2]: 141.488953 142.069427
[2]: 117.123810 117.354347
[2]: 187.028641 183.794540
[2]: 115.487915 114.534111
[2]: 115.701958 123.120918
[2]: 126.823853 125.639671
[2]: 119.795769 128.230927
[1]: 124.435265 126.659462
[1]: 126.022057 128.874023
[1]: 136.218262 137.194626
[1]: 195.582352 195.787369
[1]: 128.496063 129.238037
[1]: 127.885963 128.187698
[1]: 126.182396 126.258965
[1]: 126.707695 125.348160
[1]: 139.348587 138.482224
[1]: 128.695145 128.909882
[1]: 120.969055 121.069107
[1]: 129.116302 126.537560
[1]: 129.162750 129.903259
[1]: 133.181931 133.351242
[1]: 133.151993 133.751038
[1]: 118.258011 119.441437
[1]: 134.611816 134.763428
[1]: 191.817841 191.911423
[1]: 132.786499 131.157379
[1]: 122.490532 124.301598
[1]: 125.744560 126.152840
[1]: 135.743011 137.285675
[1]: 140.021667 137.679077
[1]: 134.113419 132.076797
[1]: 129.365189 126.952904
[1]: 119.186768 123.106590
[1]: 122.164551 124.581963
[1]: 136.165558 135.286896
[1]: 127.482735 127.696014
[1]: 131.550781 134.763657
[1]: 119.676590 120.887253
[1]: 117.413986 117.761971
[1]: 126.122925 125.672310
[1]: 130.843796 132.380173
[0]: 124.891190 129.312057
[0]: 117.632103 115.431671
[0]: 117.247887 117.416603
[0]: 91.521843 88.758026
[0]: 115.437042 114.547234
[0]: 129.795883 127.199516
[0]: 121.578682 123.643677
[0]: 123.861870 127.019463
[0]: 103.972305 101.810730
[0]: 121.032570 118.455177
[0]: 151.454742 151.448898
[0]: 124.158813 135.592957
[0]: 131.248230 131.632477
[0]: 105.238052 106.719276
[0]: 117.011108 117.377678
[0]: 130.063766 130.742447
[0]: 116.268654 111.995956
[0]: 155.970764 151.980713
[0]: 124.307205 129.063629
[0]: 141.321823 133.620346
[0]: 127.129501 121.943253
[0]: 105.662453 97.211487
[0]: 105.882210 104.413414
[0]: 112.333275 114.652802
[0]: 126.447815 129.421417
[0]: 147.295670 140.467148
[0]: 128.576889 125.550591
[0]: 112.386185 111.319473
[0]: 138.924698 136.709290
[0]: 185.904358 186.738144
[0]: 143.981277 142.700943
[0]: 146.401062 137.189102
[0]: 127.767845 129.417114
[0]: 137.356873 128.801605
