[4]: 133.521164 132.432159
[4]: 125.895248 126.836334
[4]: 117.312126 117.904129
[4]: 173.027740 173.930054
[4]: 126.803802 124.594322
[4]: 126.323929 126.765602
[4]: 121.984070 122.387993
[4]: 127.687401 126.389420
[4]: 113.570366 111.252876
[4]: 123.282722 123.659187
[4]: 135.093430 133.923080
[4]: 128.974411 128.397034
[4]: 129.027344 127.930695
[4]: 122.518387 122.162163
[4]: 125.115448 123.592026
[4]: 134.494934 132.753708
[4]: 120.432724 118.670052
[4]: 67.324089 67.263580
[4]: 125.459030 125.855522
[4]: 130.582489 131.628586
[4]: 130.171707 130.921097
[4]: 113.587479 113.843704
[4]: 117.327888 117.078583
[4]: 121.887482 123.219727
[4]: 128.065369 128.845459
[4]: 136.528687 137.093811
[4]: 135.417755 133.075012
[4]: 117.902771 118.086906
[4]: 130.499924 129.906662
[4]: 73.040649 74.227898
[4]: 134.905701 133.324158
[4]: 139.338120 140.945679
[4]: 131.931931 131.868683
[4]: 130.118469 128.115768
[3]: 126.821960 129.667557
[3]: 129.251053 129.926086
[3]: 126.900513 127.448074
[3]: 60.685539 60.540619
[3]: 131.879898 131.771637
[3]: 127.353271 126.479179
[3]: 135.198807 135.141663
[3]: 129.877090 130.633560
[3]: 134.251678 135.352875
[3]: 126.097061 125.978561
[3]: 117.116585 119.108917
[3]: 126.251213 127.657806
[3]: 127.415199 128.203644
[3]: 132.394653 132.660767
[3]: 128.708893 129.234131
[3]: 130.627518 131.750046
[3]: 132.717941 132.714172
[3]: 158.189209 155.685638
[3]: 123.772530 124.603302
[3]: 124.112839 122.442459
[3]: 125.694359 124.990410
[3]: 137.893326 136.959061
[3]: 131.575974 132.554504
[3]: 130.732788 128.384995
[3]: 129.813766 129.326920
[3]: 121.116432 120.673088
[3]: 125.906372 128.321609
[3]: 129.819687 128.891006
[3]: 126.034279 125.635117
[3]: 65.058647 64.354279
[3]: 128.897079 128.957504
[3]: 121.436279 117.774368
[3]: 125.662193 124.986511
[3]: 121.339371 121.671371
[2]: 126.484154 127.894775
[2]: 137.314575 136.264862
[2]: 136.390289 137.254089
[2]: 111.904060 113.327965
[2]: 138.297684 139.689117
[2]: 126.381767 126.364342
[2]: 129.412506 130.981094
[2]: 127.878342 128.233978
[2]: 141.257721 143.741364
[2]: 137.638779 136.178146
[2]: 113.910034 114.198883
[2]: 128.536621 130.096924
[2]: 122.383118 122.856323
[2]: 140.396896 141.394409
[2]: 131.799286 131.694214
[2]: 125.385109 125.654327
[2]: 133.666168 135.343277
[2]: 67.189972 68.268845
[2]: 130.906525 129.859833
[2]: 117.303665 117.726288
[2]: 130.681854 129.149658
[2]: 145.106522 144.983566
[2]: 141.639328 140.783249
[2]: 138.058197 136.607025
[2]: 123.796577 122.202629
[2]: 116.039169 115.770721
[2]: 125.463776 127.232552
[2]: 140.829376 141.488953
[2]: 116.731850 117.123810
[2]: 185.893631 187.028641
[2]: 115.199043 115.487915
[2]: 116.409790 115.701958
[2]: 126.476273 126.823853
[2]: 118.412659 119.795769
[1]: 126.771156 124.435265
[1]: 126.661003 126.022057
[1]: 137.246231 136.218262
[1]: 196.124832 195.582352
[1]: 127.330383 128.496063
[1]: 127.607285 127.885963
[1]: 126.576462 126.182396
[1]: 126.300575 126.707695
[1]: 138.426804 139.348587
[1]: 128.569702 128.695145
[1]: 120.715416 120.969055
[1]: 130.025543 129.116302
[1]: 128.471207 129.162750
[1]: 133.514130 133.181931
[1]: 132.594238 133.151993
[1]: 118.214249 118.258011
[1]: 134.168137 134.611816
[1]: 190.723328 191.817841
[1]: 133.225113 132.786499
[1]: 123.393730 122.490532
[1]: 126.178619 125.744560
[1]: 136.629410 135.743011
[1]: 139.815948 140.021667
[1]: 133.722015 134.113419
[1]: 129.004898 129.365189
[1]: 119.413292 119.186768
[1]: 121.531128 122.164551
[1]: 135.190033 136.165558
[1]: 126.222870 127.482735
[1]: 132.637634 131.550781
[1]: 118.812843 119.676590
[1]: 115.847153 117.413986
[1]: 125.648735 126.122925
[1]: 129.517700 130.843796
[0]: 125.776733 124.891190
[0]: 117.490974 117.632103
[0]: 118.174866 117.247887
[0]: 92.639961 91.521843
[0]: 115.623451 115.437042
[0]: 129.615280 129.795883
[0]: 123.192833 121.578682
[0]: 124.108665 123.861870
[0]: 106.174606 103.972305
[0]: 119.811295 121.032570
[0]: 153.148132 151.454742
[0]: 125.726189 124.158813
[0]: 132.228165 131.248230
[0]: 105.682770 105.238052
[0]: 116.351616 117.011108
[0]: 129.813705 130.063766
[0]: 116.556221 116.268654
[0]: 155.619247 155.970764
[0]: 123.984787 124.307205
[0]: 140.185440 141.321823
[0]: 125.027771 127.129501
[0]: 103.623367 105.662453
[0]: 105.799088 105.882210
[0]: 109.928215 112.333275
[0]: 125.435005 126.447815
[0]: 147.037918 147.295670
[0]: 131.333740 128.576889
[0]: 113.209167 112.386185
[0]: 139.743210 138.924698
[0]: 186.561554 185.904358
[0]: 143.754822 143.981277
[0]: 145.237625 146.401062
[0]: 127.857376 127.767845
[0]: 138.559235 137.356873
