[4]: 132.432159 137.826431
[4]: 126.836334 124.711090
[4]: 117.904129 120.618439
[4]: 173.930054 172.556610
[4]: 124.594322 123.038422
[4]: 126.765602 125.935677
[4]: 122.387993 126.372017
[4]: 126.389420 122.194145
[4]: 111.252876 113.571091
[4]: 123.659187 124.860008
[4]: 133.923080 133.162918
[4]: 128.397034 134.031693
[4]: 127.930695 127.918694
[4]: 122.162163 125.863136
[4]: 123.592026 119.844276
[4]: 132.753708 132.224503
[4]: 118.670052 119.578758
[4]: 67.263580 66.087097
[4]: 125.855522 129.898422
[4]: 131.628586 126.129433
[4]: 130.921097 127.741760
[4]: 113.843704 111.603958
[4]: 117.078583 110.283669
[4]: 123.219727 125.677910
[4]: 128.845459 128.569611
[4]: 137.093811 129.275528
[4]: 133.075012 129.509903
[4]: 118.086906 119.396744
[4]: 129.906662 130.833557
[4]: 74.227898 74.633072
[4]: 133.324158 133.371155
[4]: 140.945679 132.672195
[4]: 131.868683 128.091721
[4]: 128.115768 122.503014
[3]: 129.667557 123.100197
[3]: 129.926086 130.624710
[3]: 127.448074 124.610657
[3]: 60.540619 62.036003
[3]: 131.771637 131.185150
[3]: 126.479179 125.919144
[3]: 135.141663 134.843582
[3]: 130.633560 130.061264
[3]: 135.352875 133.258270
[3]: 125.978561 124.652191
[3]: 119.108917 120.246193
[3]: 127.657806 124.559258
[3]: 128.203644 126.850372
[3]: 132.660767 130.353409
[3]: 129.234131 131.401108
[3]: 131.750046 133.576004
[3]: 132.714172 131.513626
[3]: 155.685638 162.996292
[3]: 124.603302 121.353889
[3]: 122.442459 124.562103
[3]: 124.990410 127.306122
[3]: 136.959061 139.367386
[3]: 132.554504 132.970947
[3]: 128.384995 128.624557
[3]: 129.326920 130.494904
[3]: 120.673088 125.417526
[3]: 128.321609 129.442719
[3]: 128.891006 127.050850
[3]: 125.635117 126.600792
[3]: 64.354279 64.850845
[3]: 128.957504 129.918915
[3]: 117.774368 127.131073
[3]: 124.986511 127.340706
[3]: 121.671371 125.927277
[2]: 127.894775 120.736458
[2]: 136.264862 135.464996
[2]: 137.254089 135.147202
[2]: 113.327965 109.492447
[2]: 139.689117 143.324509
[2]: 126.364342 131.055222
[2]: 130.981094 124.833511
[2]: 128.233978 133.225998
[2]: 143.741364 144.974075
[2]: 136.178146 141.015503
[2]: 114.198883 115.244087
[2]: 130.096924 120.360352
[2]: 122.856323 122.346710
[2]: 141.394409 135.795471
[2]: 131.694214 135.105850
[2]: 125.654327 124.177231
[2]: 135.343277 136.835693
[2]: 68.268845 69.468552
[2]: 129.859833 124.999435
[2]: 117.726288 128.689713
[2]: 129.149658 134.003952
[2]: 144.983566 153.329025
[2]: 140.783249 155.228012
[2]: 136.607025 132.940811
[2]: 122.202629 123.407188
[2]: 115.770721 124.248848
[2]: 127.232552 131.686066
[2]: 141.488953 141.326767
[2]: 117.123810 115.178764
[2]: 187.028641 180.176254
[2]: 115.487915 112.878075
[2]: 115.701958 124.063789
[2]: 126.823853 128.390076
[2]: 119.795769 130.111511
[1]: 124.435265 126.765701
[1]: 126.022057 128.213165
[1]: 136.218262 136.732483
[1]: 195.582352 196.130310
[1]: 128.496063 129.143631
[1]: 127.885963 127.883156
[1]: 126.182396 125.488731
[1]: 126.707695 127.040497
[1]: 139.348587 136.862488
[1]: 128.695145 128.307785
[1]: 120.969055 122.518387
[1]: 129.116302 126.361671
[1]: 129.162750 130.462097
[1]: 133.181931 131.948593
[1]: 133.151993 135.251648
[1]: 118.258011 118.839180
[1]: 134.611816 132.873322
[1]: 191.817841 191.410614
[1]: 132.786499 131.469528
[1]: 122.490532 124.696320
[1]: 125.744560 126.347038
[1]: 135.743011 138.235153
[1]: 140.021667 142.621994
[1]: 134.113419 131.108017
[1]: 129.365189 126.932480
[1]: 119.186768 124.225395
[1]: 122.164551 125.364845
[1]: 136.165558 135.665588
[1]: 127.482735 127.160973
[1]: 131.550781 133.969177
[1]: 119.676590 120.093147
[1]: 117.413986 118.313896
[1]: 126.122925 127.422607
[1]: 130.843796 133.335815
[0]: 124.891190 131.083099
[0]: 117.632103 117.838379
[0]: 117.247887 119.255699
[0]: 91.521843 92.757568
[0]: 115.437042 113.525604
[0]: 129.795883 126.330643
[0]: 121.578682 125.068138
[0]: 123.861870 123.505615
[0]: 103.972305 105.715805
[0]: 121.032570 116.652946
[0]: 151.454742 147.807846
[0]: 124.158813 134.682541
[0]: 131.248230 131.742508
[0]: 105.238052 111.344849
[0]: 117.011108 112.992256
[0]: 130.063766 129.604294
[0]: 116.268654 117.211975
[0]: 155.970764 148.439697
[0]: 124.307205 129.971161
[0]: 141.321823 130.759354
[0]: 127.129501 122.267265
[0]: 105.662453 94.566093
[0]: 105.882210 95.146309
[0]: 112.333275 116.781815
[0]: 126.447815 126.822556
[0]: 147.295670 135.800446
[0]: 128.576889 122.998810
[0]: 112.386185 114.006889
[0]: 138.924698 139.031815
[0]: 185.904358 189.834381
[0]: 143.981277 144.947098
[0]: 146.401062 135.022705
[0]: 127.767845 126.162727
[0]: 137.356873 125.008507
