[4]: 133.708817 132.432159
[4]: 126.423317 126.836334
[4]: 116.617653 117.904129
[4]: 172.845215 173.930054
[4]: 126.597206 124.594322
[4]: 126.204277 126.765602
[4]: 122.245483 122.387993
[4]: 128.003235 126.389420
[4]: 113.448891 111.252876
[4]: 123.227722 123.659187
[4]: 134.784744 133.923080
[4]: 128.611328 128.397034
[4]: 129.130005 127.930695
[4]: 122.947113 122.162163
[4]: 125.013260 123.592026
[4]: 134.106476 132.753708
[4]: 119.971344 118.670052
[4]: 67.322914 67.263580
[4]: 125.464363 125.855522
[4]: 130.723816 131.628586
[4]: 129.907806 130.921097
[4]: 113.464363 113.843704
[4]: 117.032761 117.078583
[4]: 122.069542 123.219727
[4]: 127.718132 128.845459
[4]: 137.025970 137.093811
[4]: 135.479279 133.075012
[4]: 118.455597 118.086906
[4]: 130.588760 129.906662
[4]: 73.129211 74.227898
[4]: 133.911667 133.324158
[4]: 139.117447 140.945679
[4]: 132.072067 131.868683
[4]: 129.651505 128.115768
[3]: 127.124901 129.667557
[3]: 129.254410 129.926086
[3]: 127.305344 127.448074
[3]: 60.926338 60.540619
[3]: 131.885101 131.771637
[3]: 127.613182 126.479179
[3]: 135.253632 135.141663
[3]: 129.363922 130.633560
[3]: 134.602951 135.352875
[3]: 126.240746 125.978561
[3]: 117.289795 119.108917
[3]: 126.374001 127.657806
[3]: 127.062492 128.203644
[3]: 132.057251 132.660767
[3]: 128.636612 129.234131
[3]: 130.568192 131.750046
[3]: 133.134903 132.714172
[3]: 158.792068 155.685638
[3]: 124.119514 124.603302
[3]: 123.952583 122.442459
[3]: 125.998047 124.990410
[3]: 137.800034 136.959061
[3]: 131.612564 132.554504
[3]: 130.467972 128.384995
[3]: 130.509445 129.326920
[3]: 120.924698 120.673088
[3]: 126.420952 128.321609
[3]: 129.477112 128.891006
[3]: 125.335648 125.635117
[3]: 65.114594 64.354279
[3]: 129.267075 128.957504
[3]: 121.255974 117.774368
[3]: 125.860413 124.986511
[3]: 121.642242 121.671371
[2]: 126.742661 127.894775
[2]: 136.745682 136.264862
[2]: 136.765747 137.254089
[2]: 111.324921 113.327965
[2]: 138.726898 139.689117
[2]: 126.991882 126.364342
[2]: 128.888565 130.981094
[2]: 128.425537 128.233978
[2]: 141.586716 143.741364
[2]: 137.934006 136.178146
[2]: 114.138184 114.198883
[2]: 128.558075 130.096924
[2]: 122.281464 122.856323
[2]: 140.162613 141.394409
[2]: 131.597473 131.694214
[2]: 125.715752 125.654327
[2]: 133.922867 135.343277
[2]: 67.329781 68.268845
[2]: 130.574860 129.859833
[2]: 117.626205 117.726288
[2]: 130.908295 129.149658
[2]: 145.385971 144.983566
[2]: 142.153549 140.783249
[2]: 138.210220 136.607025
[2]: 123.451645 122.202629
[2]: 115.333359 115.770721
[2]: 125.092651 127.232552
[2]: 140.196533 141.488953
[2]: 116.433815 117.123810
[2]: 185.722992 187.028641
[2]: 115.787712 115.487915
[2]: 116.712173 115.701958
[2]: 126.119957 126.823853
[2]: 118.986153 119.795769
[1]: 126.128853 124.435265
[1]: 127.063530 126.022057
[1]: 137.364075 136.218262
[1]: 196.345795 195.582352
[1]: 126.955597 128.496063
[1]: 127.564461 127.885963
[1]: 126.610268 126.182396
[1]: 126.134918 126.707695
[1]: 137.828064 139.348587
[1]: 128.551239 128.695145
[1]: 120.216095 120.969055
[1]: 130.605362 129.116302
[1]: 128.545105 129.162750
[1]: 133.410568 133.181931
[1]: 132.853729 133.151993
[1]: 118.380875 118.258011
[1]: 133.932266 134.611816
[1]: 190.643631 191.817841
[1]: 133.390900 132.786499
[1]: 123.271614 122.490532
[1]: 125.854668 125.744560
[1]: 136.709412 135.743011
[1]: 139.614304 140.021667
[1]: 133.623413 134.113419
[1]: 128.807083 129.365189
[1]: 119.190903 119.186768
[1]: 121.237167 122.164551
[1]: 135.124420 136.165558
[1]: 126.450775 127.482735
[1]: 132.976288 131.550781
[1]: 118.674187 119.676590
[1]: 116.257072 117.413986
[1]: 125.865471 126.122925
[1]: 128.858002 130.843796
[0]: 125.638977 124.891190
[0]: 117.061432 117.632103
[0]: 117.987503 117.247887
[0]: 92.796402 91.521843
[0]: 115.768654 115.437042
[0]: 128.856369 129.795883
[0]: 123.390747 121.578682
[0]: 123.911255 123.861870
[0]: 106.257538 103.972305
[0]: 119.413231 121.032570
[0]: 153.612793 151.454742
[0]: 125.315269 124.158813
[0]: 132.540588 131.248230
[0]: 105.937187 105.238052
[0]: 116.467865 117.011108
[0]: 129.720322 130.063766
[0]: 116.601585 116.268654
[0]: 155.355591 155.970764
[0]: 123.780975 124.307205
[0]: 140.003189 141.321823
[0]: 125.073929 127.129501
[0]: 103.491127 105.662453
[0]: 105.763138 105.882210
[0]: 109.960793 112.333275
[0]: 125.636826 126.447815
[0]: 147.708084 147.295670
[0]: 131.390228 128.576889
[0]: 113.761765 112.386185
[0]: 140.501556 138.924698
[0]: 186.547989 185.904358
[0]: 143.940552 143.981277
[0]: 144.864288 146.401062
[0]: 127.609512 127.767845
[0]: 138.849991 137.356873
