[4]: 132.432159 133.787964
[4]: 126.836334 125.457542
[4]: 117.904129 116.390434
[4]: 173.930054 172.430054
[4]: 124.594322 127.391228
[4]: 126.765602 127.363739
[4]: 122.387993 122.782135
[4]: 126.389420 128.346573
[4]: 111.252876 115.397682
[4]: 123.659187 122.880432
[4]: 133.923080 136.076248
[4]: 128.397034 128.554031
[4]: 127.930695 129.145248
[4]: 122.162163 122.289307
[4]: 123.592026 124.162338
[4]: 132.753708 135.099869
[4]: 118.670052 121.217232
[4]: 67.263580 68.335854
[4]: 125.855522 125.479836
[4]: 131.628586 129.805450
[4]: 130.921097 129.260162
[4]: 113.843704 112.281425
[4]: 117.078583 116.916664
[4]: 123.219727 122.461014
[4]: 128.845459 127.681236
[4]: 137.093811 136.894852
[4]: 133.075012 135.676834
[4]: 118.086906 119.284424
[4]: 129.906662 131.158951
[4]: 74.227898 71.577660
[4]: 133.324158 134.021667
[4]: 140.945679 138.345230
[4]: 131.868683 131.683594
[4]: 128.115768 131.737320
[3]: 129.667557 126.110031
[3]: 129.926086 129.777267
[3]: 127.448074 127.973274
[3]: 60.540619 60.993202
[3]: 131.771637 131.100662
[3]: 126.479179 127.378242
[3]: 135.141663 135.253433
[3]: 130.633560 129.097839
[3]: 135.352875 134.366364
[3]: 125.978561 126.653641
[3]: 119.108917 116.308296
[3]: 127.657806 126.372696
[3]: 128.203644 126.902390
[3]: 132.660767 132.050171
[3]: 129.234131 128.573776
[3]: 131.750046 131.010544
[3]: 132.714172 133.430130
[3]: 155.685638 159.576279
[3]: 124.603302 123.279068
[3]: 122.442459 123.792282
[3]: 124.990410 126.785873
[3]: 136.959061 139.097137
[3]: 132.554504 131.597610
[3]: 128.384995 130.801575
[3]: 129.326920 130.944199
[3]: 120.673088 121.123474
[3]: 128.321609 126.118317
[3]: 128.891006 129.173569
[3]: 125.635117 125.400673
[3]: 64.354279 66.031647
[3]: 128.957504 129.455292
[3]: 117.774368 121.740860
[3]: 124.986511 125.347610
[3]: 121.671371 120.261955
[2]: 127.894775 127.119865
[2]: 136.264862 136.561050
[2]: 137.254089 136.440781
[2]: 113.327965 112.295227
[2]: 139.689117 137.265656
[2]: 126.364342 125.753128
[2]: 130.981094 128.245682
[2]: 128.233978 128.274612
[2]: 143.741364 139.926117
[2]: 136.178146 138.271286
[2]: 114.198883 113.972412
[2]: 130.096924 128.337402
[2]: 122.856323 123.008400
[2]: 141.394409 140.437775
[2]: 131.694214 132.326782
[2]: 125.654327 125.196289
[2]: 135.343277 132.745209
[2]: 68.268845 66.128983
[2]: 129.859833 130.965988
[2]: 117.726288 119.284760
[2]: 129.149658 131.697632
[2]: 144.983566 146.336929
[2]: 140.783249 142.136673
[2]: 136.607025 137.759705
[2]: 122.202629 123.998734
[2]: 115.770721 115.882912
[2]: 127.232552 124.830826
[2]: 141.488953 138.784927
[2]: 117.123810 115.946960
[2]: 187.028641 185.383774
[2]: 115.487915 116.323372
[2]: 115.701958 117.292610
[2]: 126.823853 127.081421
[2]: 119.795769 117.814964
[1]: 124.435265 126.664429
[1]: 126.022057 127.412384
[1]: 136.218262 137.887863
[1]: 195.582352 195.887314
[1]: 128.496063 127.138580
[1]: 127.885963 127.200500
[1]: 126.182396 126.345398
[1]: 126.707695 125.578957
[1]: 139.348587 137.383301
[1]: 128.695145 128.158859
[1]: 120.969055 120.054512
[1]: 129.116302 130.754898
[1]: 129.162750 128.651871
[1]: 133.181931 133.787720
[1]: 133.151993 133.159164
[1]: 118.258011 117.658974
[1]: 134.611816 133.549088
[1]: 191.817841 190.755981
[1]: 132.786499 133.896912
[1]: 122.490532 123.269363
[1]: 125.744560 125.865005
[1]: 135.743011 136.853928
[1]: 140.021667 139.771271
[1]: 134.113419 133.359985
[1]: 129.365189 128.357407
[1]: 119.186768 118.949387
[1]: 122.164551 121.318726
[1]: 136.165558 135.494736
[1]: 127.482735 126.166656
[1]: 131.550781 134.088196
[1]: 119.676590 118.709900
[1]: 117.413986 115.592766
[1]: 126.122925 126.074791
[1]: 130.843796 128.584961
[0]: 124.891190 125.648346
[0]: 117.632103 117.287270
[0]: 117.247887 117.259186
[0]: 91.521843 92.674446
[0]: 115.437042 117.072769
[0]: 129.795883 129.607376
[0]: 121.578682 123.791374
[0]: 123.861870 124.589920
[0]: 103.972305 106.627258
[0]: 121.032570 119.347076
[0]: 151.454742 153.733215
[0]: 124.158813 125.449921
[0]: 131.248230 131.827667
[0]: 105.238052 105.859734
[0]: 117.011108 116.309570
[0]: 130.063766 129.479050
[0]: 116.268654 116.596321
[0]: 155.970764 155.269470
[0]: 124.307205 123.703308
[0]: 141.321823 139.441010
[0]: 127.129501 124.007347
[0]: 105.662453 102.073891
[0]: 105.882210 105.686455
[0]: 112.333275 109.878922
[0]: 126.447815 125.115891
[0]: 147.295670 147.363235
[0]: 128.576889 131.686371
[0]: 112.386185 114.265488
[0]: 138.924698 140.726044
[0]: 185.904358 186.407837
[0]: 143.981277 143.047272
[0]: 146.401062 145.312592
[0]: 127.767845 127.312416
[0]: 137.356873 139.748169
