[4]: 131.008484 132.432159
[4]: 126.461662 126.836334
[4]: 118.100128 117.904129
[4]: 176.784531 173.930054
[4]: 123.297104 124.594322
[4]: 126.441093 126.765602
[4]: 121.695770 122.387993
[4]: 125.498878 126.389420
[4]: 110.533699 111.252876
[4]: 124.103889 123.659187
[4]: 134.898758 133.923080
[4]: 129.107254 128.397034
[4]: 126.959900 127.930695
[4]: 121.650871 122.162163
[4]: 123.476151 123.592026
[4]: 132.158554 132.753708
[4]: 117.345528 118.670052
[4]: 67.732109 67.263580
[4]: 126.319511 125.855522
[4]: 130.544174 131.628586
[4]: 130.288223 130.921097
[4]: 114.225388 113.843704
[4]: 116.902832 117.078583
[4]: 125.771973 123.219727
[4]: 130.785583 128.845459
[4]: 135.173523 137.093811
[4]: 132.079559 133.075012
[4]: 117.588760 118.086906
[4]: 129.594681 129.906662
[4]: 76.137665 74.227898
[4]: 134.628708 133.324158
[4]: 142.580673 140.945679
[4]: 131.078522 131.868683
[4]: 127.359291 128.115768
[3]: 131.478012 129.667557
[3]: 129.397446 129.926086
[3]: 127.288002 127.448074
[3]: 60.979023 60.540619
[3]: 131.016571 131.771637
[3]: 126.376701 126.479179
[3]: 135.531036 135.141663
[3]: 130.648987 130.633560
[3]: 135.042496 135.352875
[3]: 125.373528 125.978561
[3]: 120.285530 119.108917
[3]: 127.943573 127.657806
[3]: 128.423141 128.203644
[3]: 133.251938 132.660767
[3]: 129.103943 129.234131
[3]: 132.267487 131.750046
[3]: 132.308289 132.714172
[3]: 154.029327 155.685638
[3]: 124.637383 124.603302
[3]: 123.407433 122.442459
[3]: 125.672913 124.990410
[3]: 135.756500 136.959061
[3]: 132.438538 132.554504
[3]: 127.522217 128.384995
[3]: 128.547287 129.326920
[3]: 122.153099 120.673088
[3]: 128.538391 128.321609
[3]: 129.284515 128.891006
[3]: 126.558670 125.635117
[3]: 63.031734 64.354279
[3]: 129.147995 128.957504
[3]: 117.045822 117.774368
[3]: 125.556114 124.986511
[3]: 122.419273 121.671371
[2]: 129.102875 127.894775
[2]: 135.747208 136.264862
[2]: 137.775620 137.254089
[2]: 111.542969 113.327965
[2]: 141.480820 139.689117
[2]: 127.048454 126.364342
[2]: 131.918442 130.981094
[2]: 129.271637 128.233978
[2]: 145.564926 143.741364
[2]: 136.174652 136.178146
[2]: 112.885262 114.198883
[2]: 129.033813 130.096924
[2]: 123.799568 122.856323
[2]: 140.355194 141.394409
[2]: 131.245789 131.694214
[2]: 126.727486 125.654327
[2]: 136.726456 135.343277
[2]: 68.645927 68.268845
[2]: 129.136612 129.859833
[2]: 117.924408 117.726288
[2]: 129.856857 129.149658
[2]: 144.422424 144.983566
[2]: 140.732727 140.783249
[2]: 134.120941 136.607025
[2]: 120.882721 122.202629
[2]: 117.474297 115.770721
[2]: 128.918915 127.232552
[2]: 143.315887 141.488953
[2]: 117.285088 117.123810
[2]: 185.533661 187.028641
[2]: 113.340706 115.487915
[2]: 115.024506 115.701958
[2]: 127.083702 126.823853
[2]: 121.626350 119.795769
[1]: 123.634575 124.435265
[1]: 126.931061 126.022057
[1]: 137.427917 136.218262
[1]: 194.985565 195.582352
[1]: 129.772690 128.496063
[1]: 128.545685 127.885963
[1]: 126.711975 126.182396
[1]: 127.097816 126.707695
[1]: 140.215439 139.348587
[1]: 128.089752 128.695145
[1]: 120.772453 120.969055
[1]: 129.198593 129.116302
[1]: 130.077637 129.162750
[1]: 133.574951 133.181931
[1]: 133.273743 133.151993
[1]: 117.876328 118.258011
[1]: 135.464951 134.611816
[1]: 191.871277 191.817841
[1]: 132.378769 132.786499
[1]: 122.564789 122.490532
[1]: 125.353622 125.744560
[1]: 135.828049 135.743011
[1]: 139.507111 140.021667
[1]: 133.552902 134.113419
[1]: 128.978256 129.365189
[1]: 120.256111 119.186768
[1]: 122.253632 122.164551
[1]: 135.649643 136.165558
[1]: 127.837509 127.482735
[1]: 132.481247 131.550781
[1]: 119.773155 119.676590
[1]: 117.560127 117.413986
[1]: 126.010170 126.122925
[1]: 130.977646 130.843796
[0]: 124.021912 124.891190
[0]: 118.077080 117.632103
[0]: 115.095642 117.247887
[0]: 91.110771 91.521843
[0]: 114.152962 115.437042
[0]: 128.803558 129.795883
[0]: 120.142387 121.578682
[0]: 123.193947 123.861870
[0]: 101.708946 103.972305
[0]: 121.810005 121.032570
[0]: 151.064102 151.454742
[0]: 124.111458 124.158813
[0]: 130.039780 131.248230
[0]: 105.539230 105.238052
[0]: 117.483284 117.011108
[0]: 129.470398 130.063766
[0]: 115.458450 116.268654
[0]: 156.039185 155.970764
[0]: 124.963135 124.307205
[0]: 141.324661 141.321823
[0]: 126.776062 127.129501
[0]: 106.683250 105.662453
[0]: 106.469368 105.882210
[0]: 113.670021 112.333275
[0]: 127.084045 126.447815
[0]: 145.018127 147.295670
[0]: 127.564835 128.576889
[0]: 110.817307 112.386185
[0]: 137.797028 138.924698
[0]: 186.005676 185.904358
[0]: 144.784912 143.981277
[0]: 146.417374 146.401062
[0]: 127.901695 127.767845
[0]: 135.326202 137.356873
