[4]: 132.303101 132.432159
[4]: 126.821243 126.836334
[4]: 117.762924 117.904129
[4]: 175.136124 173.930054
[4]: 124.688866 124.594322
[4]: 126.460304 126.765602
[4]: 122.337631 122.387993
[4]: 126.088066 126.389420
[4]: 111.670959 111.252876
[4]: 123.329437 123.659187
[4]: 134.080276 133.923080
[4]: 129.039062 128.397034
[4]: 127.863091 127.930695
[4]: 121.833336 122.162163
[4]: 123.275658 123.592026
[4]: 132.926575 132.753708
[4]: 118.462692 118.670052
[4]: 67.651390 67.263580
[4]: 125.585121 125.855522
[4]: 131.000641 131.628586
[4]: 130.837784 130.921097
[4]: 113.809868 113.843704
[4]: 117.142723 117.078583
[4]: 123.654099 123.219727
[4]: 129.041290 128.845459
[4]: 136.867065 137.093811
[4]: 133.378357 133.075012
[4]: 117.967697 118.086906
[4]: 129.774704 129.906662
[4]: 74.797531 74.227898
[4]: 133.769058 133.324158
[4]: 140.939545 140.945679
[4]: 132.223236 131.868683
[4]: 128.503738 128.115768
[3]: 129.764847 129.667557
[3]: 130.029541 129.926086
[3]: 127.455612 127.448074
[3]: 60.527363 60.540619
[3]: 131.352997 131.771637
[3]: 127.207634 126.479179
[3]: 135.089249 135.141663
[3]: 130.960129 130.633560
[3]: 134.879501 135.352875
[3]: 126.087532 125.978561
[3]: 119.167130 119.108917
[3]: 127.447136 127.657806
[3]: 127.835823 128.203644
[3]: 132.865280 132.660767
[3]: 129.690842 129.234131
[3]: 131.772461 131.750046
[3]: 132.324478 132.714172
[3]: 154.367065 155.685638
[3]: 124.011040 124.603302
[3]: 123.050529 122.442459
[3]: 125.316154 124.990410
[3]: 136.848648 136.959061
[3]: 132.337997 132.554504
[3]: 128.636581 128.384995
[3]: 129.023163 129.326920
[3]: 120.895836 120.673088
[3]: 128.435394 128.321609
[3]: 129.010727 128.891006
[3]: 126.255905 125.635117
[3]: 63.644123 64.354279
[3]: 129.293686 128.957504
[3]: 118.157417 117.774368
[3]: 124.933693 124.986511
[3]: 121.826180 121.671371
[2]: 127.883751 127.894775
[2]: 136.413330 136.264862
[2]: 137.409180 137.254089
[2]: 113.185318 113.327965
[2]: 139.901749 139.689117
[2]: 126.036140 126.364342
[2]: 131.090424 130.981094
[2]: 128.068832 128.233978
[2]: 143.817154 143.741364
[2]: 135.913177 136.178146
[2]: 114.200432 114.198883
[2]: 129.233612 130.096924
[2]: 122.798531 122.856323
[2]: 141.689713 141.394409
[2]: 131.724258 131.694214
[2]: 125.575790 125.654327
[2]: 134.814438 135.343277
[2]: 68.347137 68.268845
[2]: 130.303879 129.859833
[2]: 117.657257 117.726288
[2]: 129.674850 129.149658
[2]: 145.220184 144.983566
[2]: 140.278854 140.783249
[2]: 137.191711 136.607025
[2]: 121.776466 122.202629
[2]: 115.926369 115.770721
[2]: 126.475937 127.232552
[2]: 141.080032 141.488953
[2]: 117.029022 117.123810
[2]: 186.993851 187.028641
[2]: 115.236885 115.487915
[2]: 116.093620 115.701958
[2]: 126.653023 126.823853
[2]: 119.267189 119.795769
[1]: 124.487930 124.435265
[1]: 125.937386 126.022057
[1]: 136.262772 136.218262
[1]: 195.175461 195.582352
[1]: 128.657547 128.496063
[1]: 127.786057 127.885963
[1]: 126.097511 126.182396
[1]: 127.041824 126.707695
[1]: 139.007172 139.348587
[1]: 128.836136 128.695145
[1]: 121.028191 120.969055
[1]: 128.626556 129.116302
[1]: 128.799149 129.162750
[1]: 133.334732 133.181931
[1]: 133.279282 133.151993
[1]: 118.065422 118.258011
[1]: 135.136292 134.611816
[1]: 192.103653 191.817841
[1]: 133.168152 132.786499
[1]: 122.687614 122.490532
[1]: 125.447121 125.744560
[1]: 135.786530 135.743011
[1]: 139.845093 140.021667
[1]: 133.657318 134.113419
[1]: 129.383408 129.365189
[1]: 118.927338 119.186768
[1]: 121.687386 122.164551
[1]: 136.198669 136.165558
[1]: 126.989563 127.482735
[1]: 131.647980 131.550781
[1]: 119.259033 119.676590
[1]: 117.432785 117.413986
[1]: 126.105530 126.122925
[1]: 130.324448 130.843796
[0]: 124.895119 124.891190
[0]: 117.496414 117.632103
[0]: 117.174263 117.247887
[0]: 91.182114 91.521843
[0]: 115.413979 115.437042
[0]: 129.777527 129.795883
[0]: 121.642769 121.578682
[0]: 123.631081 123.861870
[0]: 104.318825 103.972305
[0]: 121.415855 121.032570
[0]: 151.142090 151.454742
[0]: 125.172043 124.158813
[0]: 132.165558 131.248230
[0]: 104.910988 105.238052
[0]: 116.679642 117.011108
[0]: 130.153442 130.063766
[0]: 116.890511 116.268654
[0]: 156.060333 155.970764
[0]: 124.364571 124.307205
[0]: 141.176224 141.321823
[0]: 126.652756 127.129501
[0]: 105.509216 105.662453
[0]: 106.784004 105.882210
[0]: 111.488312 112.333275
[0]: 126.992661 126.447815
[0]: 147.416885 147.295670
[0]: 129.476532 128.576889
[0]: 112.793991 112.386185
[0]: 138.998383 138.924698
[0]: 186.060593 185.904358
[0]: 143.829071 143.981277
[0]: 145.578690 146.401062
[0]: 127.669655 127.767845
[0]: 137.888199 137.356873
