[19]: 1951  6 22  0  6 GORDON      7.0  79.7   49  296 1991  6  4  0  9 MICHAEL     7.7  78.9   25  860
[18]: 1967  5 26  0  9 KIRK        7.0  79.1   74  461 2004  4  7  0 27 DEBBY      32.1  47.9  154   63
[17]: 1952  9 21  0  9 LESLIE      7.1  80.8   71  218 1968 10 20 18 28 ERNESTO     7.8  81.1   28  677
[16]: 1952  9 21  0  9 LESLIE      7.1  80.8   71  218 1956 12 27  0 26 RAFAEL      7.2  78.8  130  613
[15]: 1967  5 26  0  9 KIRK        7.0  79.1   74  461 1968 10 20 18 28 ERNESTO     7.8  81.1   28  677
[14]: 2001  8  3  0  8 KIRK        7.1  79.2  151  183 1988 10 22  0  7 BERYL       7.3  79.3   23  784
[13]: 1997 10 25 18 27 FLORENCE    7.1  79.6  113  616 1993 11 25 18 15 NADINE      8.1  80.4   34  736
[12]: 1983  8 12 18 18 GORDON      7.1  80.3   39  200 1991  6  4  0  9 MICHAEL     7.7  78.9   25  860
[11]: 1983  8 12 18 18 GORDON      7.1  80.3   39  200 1988 10 22  0  7 BERYL       7.3  79.3   23  784
[10]: 1955  3 17 12 16 MICHAEL     7.2  80.1   94  796 1993 11 25 18 15 NADINE      8.1  80.4   34  736
[9]: 1952  9 21  0  9 LESLIE      7.1  80.8   71  218 1983  2 26 12 19 CHRIS       7.2  81.4  111  442
[8]: 1951  6 22  0  6 GORDON      7.0  79.7   49  296 1956 12 27  0 26 RAFAEL      7.2  78.8  130  613
[7]: 1951  6 22  0  6 GORDON      7.0  79.7   49  296 1988 10 22  0  7 BERYL       7.3  79.3   23  784
[6]: 1983  8 12 18 18 GORDON      7.1  80.3   39  200 1991  6  4  0  9 MICHAEL     7.7  78.9   25  860
[5]: 1959  7  1  6 14 OSCAR       7.1  79.8   60  548 1985  1 13  6  8 MICHAEL     8.1  79.3   65  601
[4]: 1959  7  1  6 14 OSCAR       7.1  79.8   60  548 1993 11 25 18 15 NADINE      8.1  80.4   34  736
[3]: 1959  7  1  6 14 OSCAR       7.1  79.8   60  548 1968 10 20 18 28 ERNESTO     7.8  81.1   28  677
[2]: 2001  8  3  0  8 KIRK        7.1  79.2  151  183 1956 12 27  0 26 RAFAEL      7.2  78.8  130  613
[1]: 1967  5 26  0  9 KIRK        7.0  79.1   74  461 1982  4 21 18 13 WILLIAM     7.4   3.1  145  182
[0]: 1960  6  5 18  1 TONY        7.1  80.4  106  505 1995  8 20  6  7 GORDON      7.8   4.8   26  754
