[4]: 132.898605 132.432159
[4]: 126.985176 126.836334
[4]: 117.610512 117.904129
[4]: 174.359131 173.930054
[4]: 124.620735 124.594322
[4]: 126.448235 126.765602
[4]: 122.056366 122.387993
[4]: 126.357536 126.389420
[4]: 111.008087 111.252876
[4]: 123.419533 123.659187
[4]: 134.316391 133.923080
[4]: 128.694229 128.397034
[4]: 128.030197 127.930695
[4]: 122.530838 122.162163
[4]: 123.743858 123.592026
[4]: 132.782700 132.753708
[4]: 118.537819 118.670052
[4]: 67.455925 67.263580
[4]: 125.168381 125.855522
[4]: 131.248138 131.628586
[4]: 130.917084 130.921097
[4]: 113.786430 113.843704
[4]: 117.031158 117.078583
[4]: 123.135246 123.219727
[4]: 129.100677 128.845459
[4]: 136.699387 137.093811
[4]: 133.413040 133.075012
[4]: 117.868721 118.086906
[4]: 130.135956 129.906662
[4]: 74.712776 74.227898
[4]: 133.680679 133.324158
[4]: 140.797455 140.945679
[4]: 132.345566 131.868683
[4]: 128.107819 128.115768
[3]: 129.366211 129.667557
[3]: 129.828720 129.926086
[3]: 127.511116 127.448074
[3]: 60.597191 60.540619
[3]: 131.353485 131.771637
[3]: 127.227859 126.479179
[3]: 135.297623 135.141663
[3]: 130.637146 130.633560
[3]: 134.953720 135.352875
[3]: 125.626060 125.978561
[3]: 118.615837 119.108917
[3]: 127.254387 127.657806
[3]: 127.642685 128.203644
[3]: 132.645020 132.660767
[3]: 129.360748 129.234131
[3]: 131.578384 131.750046
[3]: 132.350372 132.714172
[3]: 155.380966 155.685638
[3]: 124.216385 124.603302
[3]: 122.798592 122.442459
[3]: 125.207100 124.990410
[3]: 136.856110 136.959061
[3]: 132.129929 132.554504
[3]: 128.937103 128.384995
[3]: 128.860947 129.326920
[3]: 120.744049 120.673088
[3]: 128.145218 128.321609
[3]: 129.076553 128.891006
[3]: 125.987434 125.635117
[3]: 63.848457 64.354279
[3]: 129.363174 128.957504
[3]: 118.256416 117.774368
[3]: 125.016228 124.986511
[3]: 122.227936 121.671371
[2]: 127.599167 127.894775
[2]: 136.074173 136.264862
[2]: 137.394760 137.254089
[2]: 112.720932 113.327965
[2]: 140.149475 139.689117
[2]: 126.053337 126.364342
[2]: 131.161453 130.981094
[2]: 127.967979 128.233978
[2]: 143.878632 143.741364
[2]: 136.186127 136.178146
[2]: 114.496803 114.198883
[2]: 129.012695 130.096924
[2]: 122.625443 122.856323
[2]: 141.504639 141.394409
[2]: 131.838791 131.694214
[2]: 125.858429 125.654327
[2]: 134.727325 135.343277
[2]: 68.171028 68.268845
[2]: 130.477798 129.859833
[2]: 117.580246 117.726288
[2]: 129.845978 129.149658
[2]: 144.975250 144.983566
[2]: 140.818741 140.783249
[2]: 137.291595 136.607025
[2]: 121.532501 122.202629
[2]: 116.308525 115.770721
[2]: 126.719894 127.232552
[2]: 141.567230 141.488953
[2]: 116.784416 117.123810
[2]: 186.623276 187.028641
[2]: 115.374405 115.487915
[2]: 116.388771 115.701958
[2]: 125.879433 126.823853
[2]: 119.668877 119.795769
[1]: 124.751053 124.435265
[1]: 126.348312 126.022057
[1]: 136.235184 136.218262
[1]: 195.521927 195.582352
[1]: 128.600525 128.496063
[1]: 127.766602 127.885963
[1]: 126.430885 126.182396
[1]: 127.250427 126.707695
[1]: 139.704788 139.348587
[1]: 128.821884 128.695145
[1]: 121.091980 120.969055
[1]: 129.232391 129.116302
[1]: 128.818298 129.162750
[1]: 132.935623 133.181931
[1]: 132.983521 133.151993
[1]: 118.301895 118.258011
[1]: 135.094696 134.611816
[1]: 191.626801 191.817841
[1]: 133.256805 132.786499
[1]: 122.802361 122.490532
[1]: 125.367676 125.744560
[1]: 135.995880 135.743011
[1]: 140.040588 140.021667
[1]: 133.651062 134.113419
[1]: 129.537323 129.365189
[1]: 119.322815 119.186768
[1]: 121.792412 122.164551
[1]: 136.021698 136.165558
[1]: 127.303062 127.482735
[1]: 131.763412 131.550781
[1]: 119.301117 119.676590
[1]: 117.306175 117.413986
[1]: 126.431892 126.122925
[1]: 130.246857 130.843796
[0]: 124.694054 124.891190
[0]: 117.426529 117.632103
[0]: 117.300987 117.247887
[0]: 91.390076 91.521843
[0]: 115.257683 115.437042
[0]: 129.781937 129.795883
[0]: 121.307228 121.578682
[0]: 123.581856 123.861870
[0]: 104.100296 103.972305
[0]: 121.526398 121.032570
[0]: 151.141373 151.454742
[0]: 125.308517 124.158813
[0]: 132.378601 131.248230
[0]: 104.986908 105.238052
[0]: 116.716904 117.011108
[0]: 129.983734 130.063766
[0]: 116.920067 116.268654
[0]: 156.251099 155.970764
[0]: 124.274452 124.307205
[0]: 141.170898 141.321823
[0]: 126.567566 127.129501
[0]: 105.547195 105.662453
[0]: 106.298843 105.882210
[0]: 111.567825 112.333275
[0]: 127.201965 126.447815
[0]: 146.944717 147.295670
[0]: 129.379974 128.576889
[0]: 112.467010 112.386185
[0]: 138.853912 138.924698
[0]: 186.204880 185.904358
[0]: 143.716904 143.981277
[0]: 145.442368 146.401062
[0]: 127.892685 127.767845
[0]: 137.537613 137.356873
