[19]: 1976  8  7  6 14 BERYL       7.2   4.6   90   20 2004  1 24 18 16 LESLIE      7.2   5.0   27  621
[16]: 1970  1 28 12 11 ISAAC       7.0   6.0   78   92 1964  6 25 12  9 ISAAC       7.1   5.8  132  283
[15]: 2004  1 24 18 16 LESLIE      7.2   5.0   27  621 2003 10 15 18  7 GORDON      7.0   5.5   96  195
[13]: 1964  6 25 12  9 ISAAC       7.1   5.8  132  283 2003 10 15 18  7 GORDON      7.0   5.5   96  195
[10]: 1978 12 14  0  5 JOYCE       7.1   4.3   43  618 1970  1 28 12 11 ISAAC       7.0   6.0   78   92
[9]: 1993  7 25 12  7 FLORENCE   53.7  29.2  144  645 1978 12 14  0  5 JOYCE       7.1   4.3   43  618
[8]: 1975  9 11  6 10 ALBERTO     7.2   5.5   37  230 1976  8  7  6 14 BERYL       7.2   4.6   90   20
[7]: 2003 10 15 18  7 GORDON      7.0   5.5   96  195 1975  9 11  6 10 ALBERTO     7.2   5.5   37  230
[6]: 2004  1 24 18 16 LESLIE      7.2   5.0   27  621 1990 11 26  6 15 TONY        7.2   5.6  132  735
[5]: 1999  8 27  6 15 FLORENCE    7.1   5.2  125  119 1962  1 15  0 20 OSCAR       7.2   4.7   94  108
[3]: 1962  1 15  0 20 OSCAR       7.2   4.7   94  108 2004  1 24 18 16 LESLIE      7.2   5.0   27  621
[1]: 2003 10 15 18  7 GORDON      7.0   5.5   96  195 1999  8 27  6 15 FLORENCE    7.1   5.2  125  119
