[4]: 132.432159 88.047600
[4]: 126.836334 126.973824
[4]: 117.904129 127.158035
[4]: 173.930054 171.250977
[4]: 124.594322 127.325012
[4]: 126.765602 128.019363
[4]: 122.387993 125.263458
[4]: 126.389420 127.736923
[4]: 111.252876 126.571426
[4]: 123.659187 127.549690
[4]: 133.923080 128.539597
[4]: 128.397034 128.779892
[4]: 127.930695 129.453339
[4]: 122.162163 126.472435
[4]: 123.592026 125.932465
[4]: 132.753708 191.028366
[4]: 118.670052 125.698975
[4]: 67.263580 123.402908
[4]: 125.855522 127.755577
[4]: 131.628586 125.333443
[4]: 130.921097 129.078537
[4]: 113.843704 127.338394
[4]: 117.078583 129.207108
[4]: 123.219727 126.654533
[4]: 128.845459 126.416801
[4]: 137.093811 128.809418
[4]: 133.075012 128.565323
[4]: 118.086906 127.001610
[4]: 129.906662 127.549881
[4]: 74.227898 126.738403
[4]: 133.324158 130.900040
[4]: 140.945679 172.546600
[4]: 131.868683 128.103302
[4]: 128.115768 127.733841
[3]: 129.667557 169.711838
[3]: 129.926086 126.985039
[3]: 127.448074 127.618736
[3]: 60.540619 84.396477
[3]: 131.771637 128.165070
[3]: 126.479179 128.992111
[3]: 135.141663 127.553276
[3]: 130.633560 128.619110
[3]: 135.352875 127.283424
[3]: 125.978561 124.504990
[3]: 119.108917 127.181229
[3]: 127.657806 128.707672
[3]: 128.203644 128.111282
[3]: 132.660767 128.632248
[3]: 129.234131 127.038696
[3]: 131.750046 128.829376
[3]: 132.714172 128.036301
[3]: 155.685638 191.273331
[3]: 124.603302 127.265877
[3]: 122.442459 128.851593
[3]: 124.990410 127.538445
[3]: 136.959061 128.001328
[3]: 132.554504 129.540771
[3]: 128.384995 129.699158
[3]: 129.326920 127.795479
[3]: 120.673088 128.291565
[3]: 128.321609 126.969704
[3]: 128.891006 126.538696
[3]: 125.635117 127.407524
[3]: 64.354279 127.736267
[3]: 128.957504 127.692207
[3]: 117.774368 85.066277
[3]: 124.986511 127.797058
[3]: 121.671371 127.183121
[2]: 127.894775 170.220764
[2]: 136.264862 128.014359
[2]: 137.254089 126.096703
[2]: 113.327965 85.287796
[2]: 139.689117 128.315033
[2]: 126.364342 126.333549
[2]: 130.981094 127.637680
[2]: 128.233978 126.776222
[2]: 143.741364 126.491829
[2]: 136.178146 129.639603
[2]: 114.198883 126.869209
[2]: 130.096924 127.855301
[2]: 122.856323 127.992439
[2]: 141.394409 126.457993
[2]: 131.694214 127.573280
[2]: 125.654327 127.134697
[2]: 135.343277 127.476639
[2]: 68.268845 64.156807
[2]: 129.859833 127.949951
[2]: 117.726288 124.626083
[2]: 129.149658 128.142715
[2]: 144.983566 127.228134
[2]: 140.783249 125.616852
[2]: 136.607025 124.420380
[2]: 122.202629 126.178856
[2]: 115.770721 126.574364
[2]: 127.232552 128.702209
[2]: 141.488953 128.179626
[2]: 117.123810 127.935150
[2]: 187.028641 127.001221
[2]: 115.487915 128.606598
[2]: 115.701958 84.681641
[2]: 126.823853 127.274078
[2]: 119.795769 126.977890
[1]: 124.435265 82.556107
[1]: 126.022057 127.920609
[1]: 136.218262 128.649811
[1]: 195.582352 170.254608
[1]: 128.496063 128.922348
[1]: 127.885963 126.320518
[1]: 126.182396 128.969238
[1]: 126.707695 125.729134
[1]: 139.348587 128.130020
[1]: 128.695145 127.099251
[1]: 120.969055 127.618660
[1]: 129.116302 126.401138
[1]: 129.162750 125.803429
[1]: 133.181931 127.486649
[1]: 133.151993 127.878433
[1]: 118.258011 63.397266
[1]: 134.611816 129.663620
[1]: 191.817841 131.336517
[1]: 132.786499 127.169228
[1]: 122.490532 128.740677
[1]: 125.744560 125.539406
[1]: 135.743011 128.618530
[1]: 140.021667 126.091515
[1]: 134.113419 127.841805
[1]: 129.365189 128.686127
[1]: 119.186768 127.041145
[1]: 122.164551 127.159485
[1]: 136.165558 128.867859
[1]: 127.482735 127.738686
[1]: 131.550781 128.505478
[1]: 119.676590 124.974846
[1]: 117.413986 168.048172
[1]: 126.122925 126.809105
[1]: 130.843796 127.769569
[0]: 124.891190 0.008915
[0]: 117.632103 0.012973
[0]: 117.247887 0.010647
[0]: 91.521843 0.009362
[0]: 115.437042 0.011560
[0]: 129.795883 0.010961
[0]: 121.578682 0.010255
[0]: 123.861870 0.009355
[0]: 103.972305 0.010403
[0]: 121.032570 0.008750
[0]: 151.454742 0.014118
[0]: 124.158813 0.012253
[0]: 131.248230 0.011130
[0]: 105.238052 0.010709
[0]: 117.011108 0.010240
[0]: 130.063766 0.012391
[0]: 116.268654 0.010975
[0]: 155.970764 0.013949
[0]: 124.307205 0.013928
[0]: 141.321823 0.009340
[0]: 127.129501 0.009797
[0]: 105.662453 0.009431
[0]: 105.882210 0.010819
[0]: 112.333275 0.010779
[0]: 126.447815 0.011171
[0]: 147.295670 0.011928
[0]: 128.576889 0.013114
[0]: 112.386185 0.011048
[0]: 138.924698 0.012835
[0]: 185.904358 0.013758
[0]: 143.981277 0.009939
[0]: 146.401062 0.012367
[0]: 127.767845 0.010793
[0]: 137.356873 0.012367
