[4]: 132.450577 132.432159
[4]: 126.654778 126.836334
[4]: 118.156876 117.904129
[4]: 174.104645 173.930054
[4]: 124.250572 124.594322
[4]: 126.928421 126.765602
[4]: 122.471107 122.387993
[4]: 126.305908 126.389420
[4]: 111.401741 111.252876
[4]: 123.757988 123.659187
[4]: 133.920654 133.923080
[4]: 128.336273 128.397034
[4]: 127.568451 127.930695
[4]: 121.977882 122.162163
[4]: 123.478638 123.592026
[4]: 132.413162 132.753708
[4]: 118.596588 118.670052
[4]: 67.354897 67.263580
[4]: 125.892509 125.855522
[4]: 131.829727 131.628586
[4]: 130.917877 130.921097
[4]: 113.817360 113.843704
[4]: 117.137299 117.078583
[4]: 123.522873 123.219727
[4]: 128.886642 128.845459
[4]: 136.990967 137.093811
[4]: 133.068649 133.075012
[4]: 118.076180 118.086906
[4]: 129.863647 129.906662
[4]: 74.230522 74.227898
[4]: 133.242966 133.324158
[4]: 141.097031 140.945679
[4]: 131.888306 131.868683
[4]: 127.939117 128.115768
[3]: 129.749573 129.667557
[3]: 130.001007 129.926086
[3]: 127.311691 127.448074
[3]: 60.587841 60.540619
[3]: 131.962814 131.771637
[3]: 126.397820 126.479179
[3]: 135.175064 135.141663
[3]: 130.742706 130.633560
[3]: 135.367569 135.352875
[3]: 125.921280 125.978561
[3]: 119.144897 119.108917
[3]: 127.707329 127.657806
[3]: 128.336090 128.203644
[3]: 132.718323 132.660767
[3]: 129.254486 129.234131
[3]: 131.902420 131.750046
[3]: 132.846451 132.714172
[3]: 155.607407 155.685638
[3]: 124.630241 124.603302
[3]: 122.404991 122.442459
[3]: 125.053001 124.990410
[3]: 137.010605 136.959061
[3]: 132.511307 132.554504
[3]: 128.292511 128.384995
[3]: 129.376617 129.326920
[3]: 120.776306 120.673088
[3]: 128.423615 128.321609
[3]: 128.966568 128.891006
[3]: 125.746689 125.635117
[3]: 64.295326 64.354279
[3]: 129.043488 128.957504
[3]: 117.793922 117.774368
[3]: 124.930244 124.986511
[3]: 121.717926 121.671371
[2]: 127.949150 127.894775
[2]: 136.232101 136.264862
[2]: 137.165070 137.254089
[2]: 113.205482 113.327965
[2]: 139.615891 139.689117
[2]: 126.157021 126.364342
[2]: 130.962067 130.981094
[2]: 128.326004 128.233978
[2]: 143.778656 143.741364
[2]: 136.114944 136.178146
[2]: 114.325920 114.198883
[2]: 130.045273 130.096924
[2]: 123.114059 122.856323
[2]: 141.315002 141.394409
[2]: 131.741196 131.694214
[2]: 125.832932 125.654327
[2]: 135.233139 135.343277
[2]: 68.351425 68.268845
[2]: 129.768051 129.859833
[2]: 117.663078 117.726288
[2]: 129.225815 129.149658
[2]: 145.127609 144.983566
[2]: 140.843781 140.783249
[2]: 136.525986 136.607025
[2]: 122.229233 122.202629
[2]: 115.871590 115.770721
[2]: 127.361549 127.232552
[2]: 141.491638 141.488953
[2]: 117.034988 117.123810
[2]: 187.065445 187.028641
[2]: 115.578354 115.487915
[2]: 115.483818 115.701958
[2]: 126.994820 126.823853
[2]: 119.839310 119.795769
[1]: 124.256325 124.435265
[1]: 126.195717 126.022057
[1]: 136.112076 136.218262
[1]: 195.575607 195.582352
[1]: 128.822952 128.496063
[1]: 127.881989 127.885963
[1]: 126.045845 126.182396
[1]: 126.555214 126.707695
[1]: 139.341461 139.348587
[1]: 128.776321 128.695145
[1]: 120.925804 120.969055
[1]: 129.062943 129.116302
[1]: 129.406509 129.162750
[1]: 133.394485 133.181931
[1]: 133.197906 133.151993
[1]: 118.431351 118.258011
[1]: 134.696030 134.611816
[1]: 191.881683 191.817841
[1]: 132.801163 132.786499
[1]: 122.385742 122.490532
[1]: 125.677757 125.744560
[1]: 135.648697 135.743011
[1]: 140.098724 140.021667
[1]: 133.931656 134.113419
[1]: 129.301544 129.365189
[1]: 118.994064 119.186768
[1]: 122.083412 122.164551
[1]: 136.203537 136.165558
[1]: 127.618866 127.482735
[1]: 131.618393 131.550781
[1]: 119.708687 119.676590
[1]: 117.350204 117.413986
[1]: 125.921661 126.122925
[1]: 131.081223 130.843796
[0]: 124.910896 124.891190
[0]: 117.583855 117.632103
[0]: 117.354546 117.247887
[0]: 91.604782 91.521843
[0]: 115.315247 115.437042
[0]: 129.937469 129.795883
[0]: 121.618370 121.578682
[0]: 123.899185 123.861870
[0]: 103.788551 103.972305
[0]: 120.967361 121.032570
[0]: 151.316025 151.454742
[0]: 124.286118 124.158813
[0]: 130.956177 131.248230
[0]: 105.236740 105.238052
[0]: 117.024689 117.011108
[0]: 129.860138 130.063766
[0]: 116.243568 116.268654
[0]: 155.989151 155.970764
[0]: 124.332420 124.307205
[0]: 141.320206 141.321823
[0]: 127.050407 127.129501
[0]: 105.596924 105.662453
[0]: 105.744301 105.882210
[0]: 112.408119 112.333275
[0]: 126.398460 126.447815
[0]: 147.378220 147.295670
[0]: 128.408539 128.576889
[0]: 112.286377 112.386185
[0]: 138.798721 138.924698
[0]: 185.815292 185.904358
[0]: 143.826141 143.981277
[0]: 146.498672 146.401062
[0]: 127.842201 127.767845
[0]: 137.200943 137.356873
