[4]: 134.062210 132.432159
[4]: 126.723015 126.836334
[4]: 116.475357 117.904129
[4]: 173.024994 173.930054
[4]: 126.891350 124.594322
[4]: 126.289047 126.765602
[4]: 121.780258 122.387993
[4]: 128.469284 126.389420
[4]: 113.862648 111.252876
[4]: 122.095558 123.659187
[4]: 135.506577 133.923080
[4]: 127.872826 128.397034
[4]: 128.280533 127.930695
[4]: 122.232986 122.162163
[4]: 124.917603 123.592026
[4]: 133.532761 132.753708
[4]: 118.403297 118.670052
[4]: 68.005516 67.263580
[4]: 125.719231 125.855522
[4]: 131.742172 131.628586
[4]: 129.092255 130.921097
[4]: 115.193489 113.843704
[4]: 116.945679 117.078583
[4]: 123.446815 123.219727
[4]: 126.964676 128.845459
[4]: 138.070404 137.093811
[4]: 134.412201 133.075012
[4]: 118.591896 118.086906
[4]: 131.841278 129.906662
[4]: 72.390205 74.227898
[4]: 133.996445 133.324158
[4]: 138.347473 140.945679
[4]: 131.708435 131.868683
[4]: 129.492477 128.115768
[3]: 128.892990 129.667557
[3]: 129.779083 129.926086
[3]: 128.473770 127.448074
[3]: 60.838345 60.540619
[3]: 130.841080 131.771637
[3]: 127.295052 126.479179
[3]: 134.539459 135.141663
[3]: 128.806641 130.633560
[3]: 134.765533 135.352875
[3]: 126.865662 125.978561
[3]: 116.700798 119.108917
[3]: 127.556442 127.657806
[3]: 128.526855 128.203644
[3]: 132.488800 132.660767
[3]: 128.476990 129.234131
[3]: 132.440186 131.750046
[3]: 134.117813 132.714172
[3]: 158.356186 155.685638
[3]: 124.398155 124.603302
[3]: 122.520195 122.442459
[3]: 126.774071 124.990410
[3]: 137.603729 136.959061
[3]: 133.108978 132.554504
[3]: 128.621887 128.384995
[3]: 130.217789 129.326920
[3]: 120.019569 120.673088
[3]: 126.918350 128.321609
[3]: 127.750351 128.891006
[3]: 124.633163 125.635117
[3]: 65.474556 64.354279
[3]: 129.482620 128.957504
[3]: 120.167290 117.774368
[3]: 126.267342 124.986511
[3]: 120.171051 121.671371
[2]: 126.114037 127.894775
[2]: 135.608826 136.264862
[2]: 137.196823 137.254089
[2]: 111.898048 113.327965
[2]: 139.046997 139.689117
[2]: 126.930023 126.364342
[2]: 129.488586 130.981094
[2]: 127.514832 128.233978
[2]: 141.124130 143.741364
[2]: 138.124054 136.178146
[2]: 113.781235 114.198883
[2]: 128.624420 130.096924
[2]: 122.854233 122.856323
[2]: 140.310928 141.394409
[2]: 131.925095 131.694214
[2]: 126.123497 125.654327
[2]: 135.553711 135.343277
[2]: 66.832924 68.268845
[2]: 130.459320 129.859833
[2]: 118.143776 117.726288
[2]: 131.625763 129.149658
[2]: 143.958969 144.983566
[2]: 142.143860 140.783249
[2]: 137.484924 136.607025
[2]: 124.548233 122.202629
[2]: 115.146324 115.770721
[2]: 126.050102 127.232552
[2]: 140.141632 141.488953
[2]: 115.245964 117.123810
[2]: 185.863144 187.028641
[2]: 115.591568 115.487915
[2]: 117.511490 115.701958
[2]: 126.638252 126.823853
[2]: 120.699005 119.795769
[1]: 124.774490 124.435265
[1]: 126.552872 126.022057
[1]: 137.363861 136.218262
[1]: 195.763214 195.582352
[1]: 127.513420 128.496063
[1]: 128.031754 127.885963
[1]: 127.349075 126.182396
[1]: 125.726639 126.707695
[1]: 137.769592 139.348587
[1]: 128.855957 128.695145
[1]: 120.253441 120.969055
[1]: 129.515686 129.116302
[1]: 128.774643 129.162750
[1]: 133.851990 133.181931
[1]: 132.687500 133.151993
[1]: 117.510620 118.258011
[1]: 134.958054 134.611816
[1]: 190.999771 191.817841
[1]: 134.029572 132.786499
[1]: 122.309082 122.490532
[1]: 126.497238 125.744560
[1]: 135.431793 135.743011
[1]: 138.738159 140.021667
[1]: 134.276871 134.113419
[1]: 130.039688 129.365189
[1]: 118.450241 119.186768
[1]: 121.395065 122.164551
[1]: 136.004593 136.165558
[1]: 125.742203 127.482735
[1]: 133.824921 131.550781
[1]: 119.523926 119.676590
[1]: 117.009415 117.413986
[1]: 125.882812 126.122925
[1]: 129.041626 130.843796
[0]: 125.480759 124.891190
[0]: 117.958336 117.632103
[0]: 116.411377 117.247887
[0]: 92.608765 91.521843
[0]: 115.642677 115.437042
[0]: 128.664795 129.795883
[0]: 123.243950 121.578682
[0]: 125.457947 123.861870
[0]: 106.240082 103.972305
[0]: 119.419128 121.032570
[0]: 153.767502 151.454742
[0]: 125.954292 124.158813
[0]: 130.982269 131.248230
[0]: 105.621849 105.238052
[0]: 116.593185 117.011108
[0]: 128.801666 130.063766
[0]: 114.363953 116.268654
[0]: 155.466125 155.970764
[0]: 122.614098 124.307205
[0]: 140.953598 141.321823
[0]: 123.614532 127.129501
[0]: 104.830338 105.662453
[0]: 105.229836 105.882210
[0]: 110.573296 112.333275
[0]: 124.243523 126.447815
[0]: 148.544540 147.295670
[0]: 130.778946 128.576889
[0]: 114.618919 112.386185
[0]: 141.965561 138.924698
[0]: 185.671860 185.904358
[0]: 142.869507 143.981277
[0]: 145.161484 146.401062
[0]: 126.969444 127.767845
[0]: 138.579330 137.356873
