[4]: 132.432159 133.623795
[4]: 126.836334 126.168228
[4]: 117.904129 116.769859
[4]: 173.930054 172.780502
[4]: 124.594322 126.531273
[4]: 126.765602 126.598473
[4]: 122.387993 122.268631
[4]: 126.389420 127.950546
[4]: 111.252876 113.413200
[4]: 123.659187 123.243004
[4]: 133.923080 134.837845
[4]: 128.397034 128.877441
[4]: 127.930695 128.983124
[4]: 122.162163 122.745483
[4]: 123.592026 125.129349
[4]: 132.753708 134.332672
[4]: 118.670052 120.421089
[4]: 67.263580 67.392303
[4]: 125.855522 125.503746
[4]: 131.628586 130.639557
[4]: 130.921097 130.035095
[4]: 113.843704 113.555016
[4]: 117.078583 117.081787
[4]: 123.219727 121.941711
[4]: 128.845459 127.775459
[4]: 137.093811 136.908752
[4]: 133.075012 135.448380
[4]: 118.086906 118.201988
[4]: 129.906662 130.752502
[4]: 74.227898 73.025635
[4]: 133.324158 134.203323
[4]: 140.945679 139.057022
[4]: 131.868683 131.898972
[4]: 128.115768 129.966080
[3]: 129.667557 126.920593
[3]: 129.926086 129.210297
[3]: 127.448074 127.284630
[3]: 60.540619 60.828079
[3]: 131.771637 132.088303
[3]: 126.479179 127.446571
[3]: 135.141663 135.133545
[3]: 130.633560 129.716537
[3]: 135.352875 134.387054
[3]: 125.978561 126.202415
[3]: 119.108917 117.134087
[3]: 127.657806 126.279015
[3]: 128.203644 127.403511
[3]: 132.660767 132.297501
[3]: 129.234131 128.773315
[3]: 131.750046 130.445404
[3]: 132.714172 132.828629
[3]: 155.685638 158.733154
[3]: 124.603302 123.879173
[3]: 122.442459 124.137909
[3]: 124.990410 125.708031
[3]: 136.959061 137.785645
[3]: 132.554504 131.741653
[3]: 128.384995 130.687759
[3]: 129.326920 130.164505
[3]: 120.673088 120.905304
[3]: 128.321609 126.089546
[3]: 128.891006 129.654526
[3]: 125.635117 125.482918
[3]: 64.354279 65.321449
[3]: 128.957504 129.058731
[3]: 117.774368 121.291809
[3]: 124.986511 125.692047
[3]: 121.671371 121.417007
[2]: 127.894775 126.859550
[2]: 136.264862 137.224304
[2]: 137.254089 136.753876
[2]: 113.327965 111.664345
[2]: 139.689117 138.480423
[2]: 126.364342 126.427422
[2]: 130.981094 128.930450
[2]: 128.233978 128.242599
[2]: 143.741364 141.792160
[2]: 136.178146 137.945557
[2]: 114.198883 114.016945
[2]: 130.096924 128.484497
[2]: 122.856323 122.379219
[2]: 141.394409 140.482971
[2]: 131.694214 131.570343
[2]: 125.654327 125.374100
[2]: 135.343277 133.577850
[2]: 68.268845 67.086494
[2]: 129.859833 130.676422
[2]: 117.726288 117.514465
[2]: 129.149658 131.057877
[2]: 144.983566 145.096802
[2]: 140.783249 141.914307
[2]: 136.607025 138.176346
[2]: 122.202629 123.804153
[2]: 115.770721 115.636688
[2]: 127.232552 125.452515
[2]: 141.488953 140.432449
[2]: 117.123810 116.416870
[2]: 187.028641 185.771057
[2]: 115.487915 115.444687
[2]: 115.701958 116.654678
[2]: 126.823853 126.304237
[2]: 119.795769 118.733574
[1]: 124.435265 126.261353
[1]: 126.022057 126.852180
[1]: 136.218262 137.298126
[1]: 195.582352 196.350861
[1]: 128.496063 127.207542
[1]: 127.885963 127.595253
[1]: 126.182396 126.744865
[1]: 126.707695 126.043076
[1]: 139.348587 137.995651
[1]: 128.695145 128.445251
[1]: 120.969055 120.567886
[1]: 129.116302 130.462524
[1]: 129.162750 128.435379
[1]: 133.181931 133.352951
[1]: 133.151993 132.637955
[1]: 118.258011 118.465477
[1]: 134.611816 134.049225
[1]: 191.817841 190.607544
[1]: 132.786499 133.259415
[1]: 122.490532 123.193626
[1]: 125.744560 125.833511
[1]: 135.743011 136.908401
[1]: 140.021667 139.742844
[1]: 134.113419 133.599838
[1]: 129.365189 128.858322
[1]: 119.186768 119.315163
[1]: 122.164551 121.375038
[1]: 136.165558 135.171066
[1]: 127.482735 126.359329
[1]: 131.550781 132.993469
[1]: 119.676590 118.696190
[1]: 117.413986 116.105522
[1]: 126.122925 125.820137
[1]: 130.843796 129.170914
[0]: 124.891190 125.680420
[0]: 117.632103 117.169807
[0]: 117.247887 118.002411
[0]: 91.521843 92.669502
[0]: 115.437042 115.673462
[0]: 129.795883 129.179092
[0]: 121.578682 123.311668
[0]: 123.861870 123.886940
[0]: 103.972305 106.239105
[0]: 121.032570 119.614136
[0]: 151.454742 153.360504
[0]: 124.158813 125.377266
[0]: 131.248230 132.305649
[0]: 105.238052 105.712234
[0]: 117.011108 116.501160
[0]: 130.063766 129.859680
[0]: 116.268654 116.741119
[0]: 155.970764 155.315704
[0]: 124.307205 124.068092
[0]: 141.321823 140.028030
[0]: 127.129501 125.138336
[0]: 105.662453 103.628410
[0]: 105.882210 105.798729
[0]: 112.333275 110.006966
[0]: 126.447815 125.499443
[0]: 147.295670 147.296707
[0]: 128.576889 131.225174
[0]: 112.386185 113.629440
[0]: 138.924698 140.202393
[0]: 185.904358 186.643875
[0]: 143.981277 144.099899
[0]: 146.401062 145.033279
[0]: 127.767845 127.827789
[0]: 137.356873 138.637863
