[4]: 133.006104 132.432159
[4]: 126.569267 126.836334
[4]: 117.680634 117.904129
[4]: 173.443161 173.930054
[4]: 124.642296 124.594322
[4]: 126.982651 126.765602
[4]: 122.168716 122.387993
[4]: 126.717781 126.389420
[4]: 111.416473 111.252876
[4]: 123.840157 123.659187
[4]: 133.273666 133.923080
[4]: 128.331955 128.397034
[4]: 127.981071 127.930695
[4]: 122.235725 122.162163
[4]: 124.027245 123.592026
[4]: 132.707642 132.753708
[4]: 118.590973 118.670052
[4]: 66.890457 67.263580
[4]: 125.625664 125.855522
[4]: 132.505112 131.628586
[4]: 130.518967 130.921097
[4]: 114.021622 113.843704
[4]: 117.471527 117.078583
[4]: 123.347801 123.219727
[4]: 128.529419 128.845459
[4]: 136.944244 137.093811
[4]: 133.338455 133.075012
[4]: 118.090927 118.086906
[4]: 130.495682 129.906662
[4]: 74.187172 74.227898
[4]: 133.600006 133.324158
[4]: 140.831055 140.945679
[4]: 131.876282 131.868683
[4]: 127.624161 128.115768
[3]: 129.366867 129.667557
[3]: 129.968933 129.926086
[3]: 127.429474 127.448074
[3]: 60.542267 60.540619
[3]: 131.494965 131.771637
[3]: 126.452034 126.479179
[3]: 135.175949 135.141663
[3]: 130.318008 130.633560
[3]: 135.418228 135.352875
[3]: 125.578018 125.978561
[3]: 119.174614 119.108917
[3]: 127.722115 127.657806
[3]: 128.231445 128.203644
[3]: 132.679413 132.660767
[3]: 128.884476 129.234131
[3]: 131.966431 131.750046
[3]: 132.737259 132.714172
[3]: 156.020142 155.685638
[3]: 124.536568 124.603302
[3]: 122.132774 122.442459
[3]: 125.199051 124.990410
[3]: 137.172974 136.959061
[3]: 132.366867 132.554504
[3]: 128.460693 128.384995
[3]: 129.483017 129.326920
[3]: 120.694717 120.673088
[3]: 128.093430 128.321609
[3]: 128.870895 128.891006
[3]: 125.441414 125.635117
[3]: 64.524162 64.354279
[3]: 128.789551 128.957504
[3]: 117.548668 117.774368
[3]: 125.115288 124.986511
[3]: 122.021698 121.671371
[2]: 127.639915 127.894775
[2]: 136.541595 136.264862
[2]: 137.244644 137.254089
[2]: 113.408249 113.327965
[2]: 139.485550 139.689117
[2]: 126.394791 126.364342
[2]: 131.176743 130.981094
[2]: 128.318604 128.233978
[2]: 143.777252 143.741364
[2]: 136.422256 136.178146
[2]: 114.438103 114.198883
[2]: 130.057800 130.096924
[2]: 122.700180 122.856323
[2]: 141.093384 141.394409
[2]: 131.454575 131.694214
[2]: 125.201500 125.654327
[2]: 135.169571 135.343277
[2]: 68.457291 68.268845
[2]: 129.987976 129.859833
[2]: 117.319405 117.726288
[2]: 129.472656 129.149658
[2]: 144.913376 144.983566
[2]: 140.899445 140.783249
[2]: 136.285095 136.607025
[2]: 122.163124 122.202629
[2]: 115.846428 115.770721
[2]: 127.012184 127.232552
[2]: 141.737289 141.488953
[2]: 116.921188 117.123810
[2]: 187.119415 187.028641
[2]: 115.161774 115.487915
[2]: 116.053261 115.701958
[2]: 126.585541 126.823853
[2]: 120.080009 119.795769
[1]: 124.212181 124.435265
[1]: 125.856262 126.022057
[1]: 136.409561 136.218262
[1]: 195.781509 195.582352
[1]: 128.964340 128.496063
[1]: 127.760262 127.885963
[1]: 126.229073 126.182396
[1]: 126.678970 126.707695
[1]: 138.951721 139.348587
[1]: 128.751541 128.695145
[1]: 121.443047 120.969055
[1]: 129.030060 129.116302
[1]: 129.103714 129.162750
[1]: 133.347351 133.181931
[1]: 133.301331 133.151993
[1]: 118.343063 118.258011
[1]: 134.922913 134.611816
[1]: 191.759171 191.817841
[1]: 132.944565 132.786499
[1]: 122.278984 122.490532
[1]: 125.631165 125.744560
[1]: 135.317688 135.743011
[1]: 139.623459 140.021667
[1]: 134.140228 134.113419
[1]: 129.476212 129.365189
[1]: 119.338547 119.186768
[1]: 122.260063 122.164551
[1]: 135.849487 136.165558
[1]: 127.130730 127.482735
[1]: 131.306320 131.550781
[1]: 120.014641 119.676590
[1]: 117.404655 117.413986
[1]: 126.205559 126.122925
[1]: 130.847855 130.843796
[0]: 125.111320 124.891190
[0]: 117.711838 117.632103
[0]: 117.254715 117.247887
[0]: 91.428986 91.521843
[0]: 115.332848 115.437042
[0]: 129.705658 129.795883
[0]: 121.506264 121.578682
[0]: 123.786018 123.861870
[0]: 104.022301 103.972305
[0]: 120.911835 121.032570
[0]: 151.405060 151.454742
[0]: 124.275986 124.158813
[0]: 131.417664 131.248230
[0]: 105.180786 105.238052
[0]: 116.973412 117.011108
[0]: 130.292969 130.063766
[0]: 116.127098 116.268654
[0]: 156.127533 155.970764
[0]: 124.293228 124.307205
[0]: 141.446915 141.321823
[0]: 127.102486 127.129501
[0]: 105.685509 105.662453
[0]: 105.878387 105.882210
[0]: 112.356003 112.333275
[0]: 126.545540 126.447815
[0]: 147.267151 147.295670
[0]: 128.679504 128.576889
[0]: 112.405487 112.386185
[0]: 139.161835 138.924698
[0]: 185.973755 185.904358
[0]: 143.932327 143.981277
[0]: 146.477966 146.401062
[0]: 127.779419 127.767845
[0]: 137.231476 137.356873
