[4]: 90.890663 132.432159
[4]: 128.005219 126.836334
[4]: 124.734169 117.904129
[4]: 172.601791 173.930054
[4]: 128.602432 124.594322
[4]: 128.353989 126.765602
[4]: 126.764008 122.387993
[4]: 126.625404 126.389420
[4]: 127.684364 111.252876
[4]: 129.154709 123.659187
[4]: 129.052307 133.923080
[4]: 128.711914 128.397034
[4]: 125.158424 127.930695
[4]: 128.406296 122.162163
[4]: 124.911911 123.592026
[4]: 132.234131 132.753708
[4]: 125.120071 118.670052
[4]: 60.581612 67.263580
[4]: 125.211662 125.855522
[4]: 127.941895 131.628586
[4]: 130.544830 130.921097
[4]: 129.421539 113.843704
[4]: 128.205368 117.078583
[4]: 127.593056 123.219727
[4]: 128.091232 128.845459
[4]: 126.983467 137.093811
[4]: 128.439789 133.075012
[4]: 128.160294 118.086906
[4]: 123.767944 129.906662
[4]: 124.108192 74.227898
[4]: 127.170158 133.324158
[4]: 174.040359 140.945679
[4]: 128.132309 131.868683
[4]: 124.614952 128.115768
[3]: 169.964676 129.667557
[3]: 127.090485 129.926086
[3]: 125.748955 127.448074
[3]: 85.460548 60.540619
[3]: 127.713852 131.771637
[3]: 127.382851 126.479179
[3]: 128.721695 135.141663
[3]: 128.161331 130.633560
[3]: 126.880623 135.352875
[3]: 125.659744 125.978561
[3]: 126.577950 119.108917
[3]: 128.213394 127.657806
[3]: 127.502930 128.203644
[3]: 127.299431 132.660767
[3]: 127.237694 129.234131
[3]: 129.426361 131.750046
[3]: 127.419083 132.714172
[3]: 130.270752 155.685638
[3]: 126.990814 124.603302
[3]: 128.444946 122.442459
[3]: 128.389496 124.990410
[3]: 126.029243 136.959061
[3]: 126.533165 132.554504
[3]: 126.959099 128.384995
[3]: 127.992371 129.326920
[3]: 126.227028 120.673088
[3]: 127.482658 128.321609
[3]: 126.673447 128.891006
[3]: 129.001984 125.635117
[3]: 59.421558 64.354279
[3]: 129.397263 128.957504
[3]: 84.271103 117.774368
[3]: 127.332558 124.986511
[3]: 127.405876 121.671371
[2]: 169.213577 127.894775
[2]: 130.461838 136.264862
[2]: 131.982330 137.254089
[2]: 98.024208 113.327965
[2]: 135.554779 139.689117
[2]: 128.156204 126.364342
[2]: 130.086975 130.981094
[2]: 129.620544 128.233978
[2]: 135.419312 143.741364
[2]: 128.280701 136.178146
[2]: 114.386475 114.198883
[2]: 129.680405 130.096924
[2]: 131.233582 122.856323
[2]: 136.876144 141.394409
[2]: 130.083511 131.694214
[2]: 130.217682 125.654327
[2]: 137.835571 135.343277
[2]: 111.274895 68.268845
[2]: 127.388008 129.859833
[2]: 117.501778 117.726288
[2]: 126.155235 129.149658
[2]: 135.034531 144.983566
[2]: 138.765610 140.783249
[2]: 134.833542 136.607025
[2]: 127.313782 122.202629
[2]: 121.317734 115.770721
[2]: 126.264885 127.232552
[2]: 133.507095 141.488953
[2]: 119.096497 117.123810
[2]: 185.036713 187.028641
[2]: 121.263916 115.487915
[2]: 71.394707 115.701958
[2]: 132.112793 126.823853
[2]: 122.031548 119.795769
[1]: 83.345116 124.435265
[1]: 129.660278 126.022057
[1]: 135.515717 136.218262
[1]: 183.947388 195.582352
[1]: 133.702896 128.496063
[1]: 126.635262 127.885963
[1]: 129.643936 126.182396
[1]: 128.407196 126.707695
[1]: 133.836441 139.348587
[1]: 125.505783 128.695145
[1]: 115.535263 120.969055
[1]: 126.072792 129.116302
[1]: 131.844330 129.162750
[1]: 133.949020 133.181931
[1]: 132.301636 133.151993
[1]: 123.766533 118.258011
[1]: 139.667389 134.611816
[1]: 187.207504 191.817841
[1]: 129.967789 132.786499
[1]: 120.708603 122.490532
[1]: 124.100388 125.744560
[1]: 131.059967 135.743011
[1]: 135.768021 140.021667
[1]: 133.751373 134.113419
[1]: 128.393738 129.365189
[1]: 123.370605 119.186768
[1]: 124.473335 122.164551
[1]: 132.743240 136.165558
[1]: 126.464348 127.482735
[1]: 114.314697 131.550781
[1]: 124.748238 119.676590
[1]: 155.025101 117.413986
[1]: 129.632294 126.122925
[1]: 127.783348 130.843796
[0]: 125.681297 124.891190
[0]: 120.162018 117.632103
[0]: 116.378700 117.247887
[0]: 85.012848 91.521843
[0]: 110.621628 115.437042
[0]: 126.179443 129.795883
[0]: 119.280159 121.578682
[0]: 121.798126 123.861870
[0]: 106.067726 103.972305
[0]: 127.419205 121.032570
[0]: 161.257294 151.454742
[0]: 126.599518 124.158813
[0]: 122.303352 131.248230
[0]: 103.216133 105.238052
[0]: 118.983231 117.011108
[0]: 119.844841 130.063766
[0]: 101.842880 116.268654
[0]: 165.719940 155.970764
[0]: 128.716248 124.307205
[0]: 144.197083 141.321823
[0]: 128.565216 127.129501
[0]: 113.735191 105.662453
[0]: 102.031792 105.882210
[0]: 107.296059 112.333275
[0]: 123.281792 126.447815
[0]: 145.576660 147.295670
[0]: 134.335037 128.576889
[0]: 113.323059 112.386185
[0]: 144.713959 138.924698
[0]: 178.286911 185.904358
[0]: 141.029404 143.981277
[0]: 159.466141 146.401062
[0]: 117.584709 127.767845
[0]: 138.437607 137.356873
