[4]: 132.429916 132.432159
[4]: 126.672485 126.836334
[4]: 117.686684 117.904129
[4]: 174.128189 173.930054
[4]: 124.256523 124.594322
[4]: 127.110176 126.765602
[4]: 122.185768 122.387993
[4]: 126.329102 126.389420
[4]: 111.335373 111.252876
[4]: 123.871895 123.659187
[4]: 133.584442 133.923080
[4]: 128.395813 128.397034
[4]: 127.242561 127.930695
[4]: 122.154121 122.162163
[4]: 123.419289 123.592026
[4]: 132.020309 132.753708
[4]: 118.369957 118.670052
[4]: 67.079796 67.263580
[4]: 125.919250 125.855522
[4]: 132.006424 131.628586
[4]: 130.561829 130.921097
[4]: 114.037041 113.843704
[4]: 117.514793 117.078583
[4]: 123.733955 123.219727
[4]: 128.688187 128.845459
[4]: 136.873962 137.093811
[4]: 132.795120 133.075012
[4]: 117.976601 118.086906
[4]: 130.058060 129.906662
[4]: 74.518127 74.227898
[4]: 133.324814 133.324158
[4]: 141.453400 140.945679
[4]: 131.800430 131.868683
[4]: 127.475533 128.115768
[3]: 129.657120 129.667557
[3]: 129.744263 129.926086
[3]: 127.238411 127.448074
[3]: 60.576378 60.540619
[3]: 131.740524 131.771637
[3]: 126.256592 126.479179
[3]: 135.235291 135.141663
[3]: 130.540878 130.633560
[3]: 135.366989 135.352875
[3]: 125.642532 125.978561
[3]: 119.638321 119.108917
[3]: 127.953583 127.657806
[3]: 128.469727 128.203644
[3]: 132.724762 132.660767
[3]: 129.177170 129.234131
[3]: 132.290527 131.750046
[3]: 132.623505 132.714172
[3]: 155.625290 155.685638
[3]: 124.555161 124.603302
[3]: 122.453972 122.442459
[3]: 125.192230 124.990410
[3]: 137.094711 136.959061
[3]: 132.465210 132.554504
[3]: 128.093857 128.384995
[3]: 129.464584 129.326920
[3]: 120.605789 120.673088
[3]: 128.258698 128.321609
[3]: 128.938446 128.891006
[3]: 125.597832 125.635117
[3]: 64.286781 64.354279
[3]: 129.117874 128.957504
[3]: 117.398270 117.774368
[3]: 124.995789 124.986511
[3]: 121.859962 121.671371
[2]: 128.509064 127.894775
[2]: 136.226761 136.264862
[2]: 136.993408 137.254089
[2]: 113.278564 113.327965
[2]: 139.786118 139.689117
[2]: 126.235741 126.364342
[2]: 131.499527 130.981094
[2]: 128.756393 128.233978
[2]: 144.240341 143.741364
[2]: 136.467026 136.178146
[2]: 113.705704 114.198883
[2]: 129.706100 130.096924
[2]: 123.495789 122.856323
[2]: 140.718094 141.394409
[2]: 131.711670 131.694214
[2]: 125.981247 125.654327
[2]: 135.875900 135.343277
[2]: 68.857384 68.268845
[2]: 129.420944 129.859833
[2]: 117.344032 117.726288
[2]: 129.304062 129.149658
[2]: 145.127121 144.983566
[2]: 141.023117 140.783249
[2]: 135.835526 136.607025
[2]: 122.315590 122.202629
[2]: 116.198471 115.770721
[2]: 128.026459 127.232552
[2]: 141.839035 141.488953
[2]: 117.092964 117.123810
[2]: 186.959244 187.028641
[2]: 115.043060 115.487915
[2]: 114.592323 115.701958
[2]: 127.440567 126.823853
[2]: 120.481888 119.795769
[1]: 124.119553 124.435265
[1]: 126.019066 126.022057
[1]: 136.449295 136.218262
[1]: 195.668152 195.582352
[1]: 129.376068 128.496063
[1]: 127.771683 127.885963
[1]: 125.975464 126.182396
[1]: 126.253708 126.707695
[1]: 139.055328 139.348587
[1]: 128.771530 128.695145
[1]: 121.444603 120.969055
[1]: 129.239563 129.116302
[1]: 129.606033 129.162750
[1]: 133.449753 133.181931
[1]: 133.238861 133.151993
[1]: 118.482651 118.258011
[1]: 134.815994 134.611816
[1]: 192.078522 191.817841
[1]: 132.976013 132.786499
[1]: 122.361778 122.490532
[1]: 125.738083 125.744560
[1]: 135.273407 135.743011
[1]: 139.675659 140.021667
[1]: 134.122513 134.113419
[1]: 129.534927 129.365189
[1]: 119.249413 119.186768
[1]: 122.163773 122.164551
[1]: 135.923431 136.165558
[1]: 127.513046 127.482735
[1]: 131.386154 131.550781
[1]: 120.315208 119.676590
[1]: 117.349823 117.413986
[1]: 125.711906 126.122925
[1]: 130.766296 130.843796
[0]: 124.580872 124.891190
[0]: 118.004959 117.632103
[0]: 117.710205 117.247887
[0]: 91.416046 91.521843
[0]: 114.710800 115.437042
[0]: 129.938507 129.795883
[0]: 121.343254 121.578682
[0]: 123.957062 123.861870
[0]: 103.596016 103.972305
[0]: 120.735519 121.032570
[0]: 151.303391 151.454742
[0]: 124.112740 124.158813
[0]: 130.552734 131.248230
[0]: 105.552391 105.238052
[0]: 117.135315 117.011108
[0]: 129.654175 130.063766
[0]: 115.872292 116.268654
[0]: 155.763229 155.970764
[0]: 124.555298 124.307205
[0]: 141.490982 141.321823
[0]: 127.123856 127.129501
[0]: 105.597214 105.662453
[0]: 105.590622 105.882210
[0]: 112.885124 112.333275
[0]: 126.188095 126.447815
[0]: 147.118729 147.295670
[0]: 128.084076 128.576889
[0]: 112.290649 112.386185
[0]: 138.854935 138.924698
[0]: 185.649902 185.904358
[0]: 143.630478 143.981277
[0]: 147.566330 146.401062
[0]: 127.616539 127.767845
[0]: 137.232147 137.356873
