[4]: 131.819672 132.432159
[4]: 127.403534 126.836334
[4]: 118.266090 117.904129
[4]: 174.303741 173.930054
[4]: 124.458542 124.594322
[4]: 126.683891 126.765602
[4]: 122.296211 122.387993
[4]: 126.094170 126.389420
[4]: 111.326408 111.252876
[4]: 123.485176 123.659187
[4]: 134.583786 133.923080
[4]: 128.897110 128.397034
[4]: 127.513557 127.930695
[4]: 122.606453 122.162163
[4]: 124.094406 123.592026
[4]: 132.923187 132.753708
[4]: 118.060081 118.670052
[4]: 66.985497 67.263580
[4]: 125.562538 125.855522
[4]: 131.477570 131.628586
[4]: 130.586639 130.921097
[4]: 114.009987 113.843704
[4]: 117.323479 117.078583
[4]: 123.141014 123.219727
[4]: 129.207596 128.845459
[4]: 137.242554 137.093811
[4]: 132.571335 133.075012
[4]: 117.800888 118.086906
[4]: 129.940796 129.906662
[4]: 74.917725 74.227898
[4]: 133.088623 133.324158
[4]: 141.103592 140.945679
[4]: 132.357407 131.868683
[4]: 128.971222 128.115768
[3]: 129.842209 129.667557
[3]: 129.735138 129.926086
[3]: 127.370613 127.448074
[3]: 60.925785 60.540619
[3]: 131.630325 131.771637
[3]: 127.021072 126.479179
[3]: 134.880905 135.141663
[3]: 130.463394 130.633560
[3]: 134.694244 135.352875
[3]: 125.835182 125.978561
[3]: 118.977287 119.108917
[3]: 127.038551 127.657806
[3]: 127.949974 128.203644
[3]: 131.982986 132.660767
[3]: 128.845245 129.234131
[3]: 131.525436 131.750046
[3]: 133.016861 132.714172
[3]: 155.990555 155.685638
[3]: 124.485954 124.603302
[3]: 123.137115 122.442459
[3]: 124.932343 124.990410
[3]: 136.471283 136.959061
[3]: 132.129395 132.554504
[3]: 128.889420 128.384995
[3]: 129.204147 129.326920
[3]: 120.712502 120.673088
[3]: 128.218582 128.321609
[3]: 128.967850 128.891006
[3]: 126.097473 125.635117
[3]: 63.605354 64.354279
[3]: 129.804199 128.957504
[3]: 118.287888 117.774368
[3]: 124.596771 124.986511
[3]: 121.925079 121.671371
[2]: 128.641403 127.894775
[2]: 136.260132 136.264862
[2]: 136.775360 137.254089
[2]: 112.278564 113.327965
[2]: 140.485336 139.689117
[2]: 125.479973 126.364342
[2]: 131.148300 130.981094
[2]: 129.254364 128.233978
[2]: 144.049347 143.741364
[2]: 136.169922 136.178146
[2]: 112.865326 114.198883
[2]: 130.026123 130.096924
[2]: 124.100945 122.856323
[2]: 141.321579 141.394409
[2]: 131.711029 131.694214
[2]: 126.121292 125.654327
[2]: 135.153427 135.343277
[2]: 68.752205 68.268845
[2]: 130.260300 129.859833
[2]: 117.136917 117.726288
[2]: 129.787689 129.149658
[2]: 145.377502 144.983566
[2]: 141.018585 140.783249
[2]: 136.850662 136.607025
[2]: 121.720955 122.202629
[2]: 115.482056 115.770721
[2]: 128.197723 127.232552
[2]: 141.513947 141.488953
[2]: 117.168404 117.123810
[2]: 186.201096 187.028641
[2]: 115.422127 115.487915
[2]: 114.462425 115.701958
[2]: 126.720718 126.823853
[2]: 118.819099 119.795769
[1]: 124.734978 124.435265
[1]: 125.361977 126.022057
[1]: 136.154709 136.218262
[1]: 195.720535 195.582352
[1]: 128.626526 128.496063
[1]: 127.694611 127.885963
[1]: 126.272629 126.182396
[1]: 126.782646 126.707695
[1]: 139.294678 139.348587
[1]: 128.902573 128.695145
[1]: 121.342102 120.969055
[1]: 128.972443 129.116302
[1]: 129.258652 129.162750
[1]: 133.280396 133.181931
[1]: 132.877121 133.151993
[1]: 118.248329 118.258011
[1]: 134.709442 134.611816
[1]: 191.633759 191.817841
[1]: 133.064896 132.786499
[1]: 123.036949 122.490532
[1]: 125.886505 125.744560
[1]: 135.546265 135.743011
[1]: 139.755005 140.021667
[1]: 133.698257 134.113419
[1]: 129.560547 129.365189
[1]: 119.196243 119.186768
[1]: 122.150055 122.164551
[1]: 135.863998 136.165558
[1]: 126.919807 127.482735
[1]: 131.982849 131.550781
[1]: 119.496895 119.676590
[1]: 117.574059 117.413986
[1]: 125.895355 126.122925
[1]: 130.048904 130.843796
[0]: 124.251495 124.891190
[0]: 118.016319 117.632103
[0]: 117.537842 117.247887
[0]: 91.225014 91.521843
[0]: 114.808990 115.437042
[0]: 130.435333 129.795883
[0]: 121.720741 121.578682
[0]: 123.208611 123.861870
[0]: 104.393898 103.972305
[0]: 121.195374 121.032570
[0]: 151.841873 151.454742
[0]: 124.537758 124.158813
[0]: 130.512558 131.248230
[0]: 105.528534 105.238052
[0]: 117.183067 117.011108
[0]: 129.673752 130.063766
[0]: 116.708870 116.268654
[0]: 155.102081 155.970764
[0]: 124.004440 124.307205
[0]: 140.714508 141.321823
[0]: 126.728600 127.129501
[0]: 105.884079 105.662453
[0]: 106.152145 105.882210
[0]: 112.086113 112.333275
[0]: 126.460022 126.447815
[0]: 147.351181 147.295670
[0]: 128.240051 128.576889
[0]: 112.954124 112.386185
[0]: 138.897064 138.924698
[0]: 186.561935 185.904358
[0]: 143.546387 143.981277
[0]: 146.779510 146.401062
[0]: 128.026733 127.767845
[0]: 138.011185 137.356873
