[4]: 89.837929 132.432159
[4]: 129.355637 126.836334
[4]: 125.861313 117.904129
[4]: 176.396393 173.930054
[4]: 131.513779 124.594322
[4]: 129.252136 126.765602
[4]: 127.267807 122.387993
[4]: 130.236008 126.389420
[4]: 129.784210 111.252876
[4]: 131.751480 123.659187
[4]: 125.451187 133.923080
[4]: 128.621292 128.397034
[4]: 126.491470 127.930695
[4]: 134.384583 122.162163
[4]: 126.787453 123.592026
[4]: 133.270355 132.753708
[4]: 130.192490 118.670052
[4]: 59.756195 67.263580
[4]: 128.097702 125.855522
[4]: 126.884003 131.628586
[4]: 131.172501 130.921097
[4]: 130.633865 113.843704
[4]: 131.999390 117.078583
[4]: 133.696991 123.219727
[4]: 126.606155 128.845459
[4]: 124.294434 137.093811
[4]: 126.117233 133.075012
[4]: 131.047928 118.086906
[4]: 122.558846 129.906662
[4]: 125.001701 74.227898
[4]: 125.431732 133.324158
[4]: 169.192719 140.945679
[4]: 129.592422 131.868683
[4]: 121.934166 128.115768
[3]: 170.807404 129.667557
[3]: 126.598724 129.926086
[3]: 126.167343 127.448074
[3]: 87.572784 60.540619
[3]: 130.713577 131.771637
[3]: 128.646835 126.479179
[3]: 129.168701 135.141663
[3]: 127.901649 130.633560
[3]: 126.813225 135.352875
[3]: 126.032234 125.978561
[3]: 125.048180 119.108917
[3]: 128.629318 127.657806
[3]: 127.250839 128.203644
[3]: 129.008972 132.660767
[3]: 127.160629 129.234131
[3]: 130.103897 131.750046
[3]: 128.184387 132.714172
[3]: 126.559578 155.685638
[3]: 127.503387 124.603302
[3]: 126.502495 122.442459
[3]: 127.757645 124.990410
[3]: 127.811172 136.959061
[3]: 127.683388 132.554504
[3]: 127.825409 128.384995
[3]: 128.696945 129.326920
[3]: 124.582298 120.673088
[3]: 128.597290 128.321609
[3]: 128.346390 128.891006
[3]: 128.103958 125.635117
[3]: 61.026146 64.354279
[3]: 128.719940 128.957504
[3]: 82.980972 117.774368
[3]: 127.320580 124.986511
[3]: 125.698997 121.671371
[2]: 168.898605 127.894775
[2]: 129.938812 136.264862
[2]: 130.112503 137.254089
[2]: 88.643631 113.327965
[2]: 129.034988 139.689117
[2]: 128.557632 126.364342
[2]: 128.963348 130.981094
[2]: 132.415802 128.233978
[2]: 132.758453 143.741364
[2]: 131.377853 136.178146
[2]: 121.823196 114.198883
[2]: 128.040497 130.096924
[2]: 132.444107 122.856323
[2]: 134.933594 141.394409
[2]: 130.800690 131.694214
[2]: 128.439178 125.654327
[2]: 136.705475 135.343277
[2]: 126.972641 68.268845
[2]: 130.608871 129.859833
[2]: 123.777908 117.726288
[2]: 129.288940 129.149658
[2]: 130.669907 144.983566
[2]: 134.550873 140.783249
[2]: 135.743439 136.607025
[2]: 125.109230 122.202629
[2]: 125.336189 115.770721
[2]: 122.223984 127.232552
[2]: 130.154816 141.488953
[2]: 122.389458 117.123810
[2]: 190.535339 187.028641
[2]: 123.838943 115.487915
[2]: 80.008270 115.701958
[2]: 131.978088 126.823853
[2]: 122.873711 119.795769
[1]: 84.308105 124.435265
[1]: 128.524445 126.022057
[1]: 134.717560 136.218262
[1]: 179.810944 195.582352
[1]: 131.349274 128.496063
[1]: 127.894592 127.885963
[1]: 130.782684 126.182396
[1]: 130.856186 126.707695
[1]: 134.095505 139.348587
[1]: 129.318665 128.695145
[1]: 117.551651 120.969055
[1]: 126.141708 129.116302
[1]: 134.305908 129.162750
[1]: 135.358704 133.181931
[1]: 132.694168 133.151993
[1]: 123.949409 118.258011
[1]: 141.046371 134.611816
[1]: 191.145844 191.817841
[1]: 132.441116 132.786499
[1]: 121.922852 122.490532
[1]: 126.222107 125.744560
[1]: 131.489929 135.743011
[1]: 135.579010 140.021667
[1]: 136.940308 134.113419
[1]: 128.219589 129.365189
[1]: 122.660629 119.186768
[1]: 121.942993 122.164551
[1]: 131.492859 136.165558
[1]: 125.523468 127.482735
[1]: 118.173706 131.550781
[1]: 124.588196 119.676590
[1]: 160.203339 117.413986
[1]: 131.035889 126.122925
[1]: 124.862030 130.843796
[0]: 109.605087 124.891190
[0]: 120.839142 117.632103
[0]: 117.129753 117.247887
[0]: 109.696152 91.521843
[0]: 113.368782 115.437042
[0]: 120.297623 129.795883
[0]: 117.210976 121.578682
[0]: 108.527374 123.861870
[0]: 105.208031 103.972305
[0]: 112.911201 121.032570
[0]: 157.612900 151.454742
[0]: 128.154526 124.158813
[0]: 114.627831 131.248230
[0]: 90.741066 105.238052
[0]: 113.935066 117.011108
[0]: 119.245247 130.063766
[0]: 90.752373 116.268654
[0]: 142.505203 155.970764
[0]: 115.133934 124.307205
[0]: 139.336533 141.321823
[0]: 121.223755 127.129501
[0]: 113.990044 105.662453
[0]: 99.223305 105.882210
[0]: 89.497963 112.333275
[0]: 127.928505 126.447815
[0]: 148.417191 147.295670
[0]: 146.125336 128.576889
[0]: 112.200790 112.386185
[0]: 145.571487 138.924698
[0]: 155.743546 185.904358
[0]: 142.125671 143.981277
[0]: 167.155090 146.401062
[0]: 112.807350 127.767845
[0]: 148.939255 137.356873
