[4]: 133.516098 132.432159
[4]: 126.330673 126.836334
[4]: 116.907288 117.904129
[4]: 172.836884 173.930054
[4]: 126.364769 124.594322
[4]: 126.322838 126.765602
[4]: 122.127441 122.387993
[4]: 127.864807 126.389420
[4]: 113.121033 111.252876
[4]: 123.074600 123.659187
[4]: 134.707062 133.923080
[4]: 128.894714 128.397034
[4]: 128.973343 127.930695
[4]: 122.795425 122.162163
[4]: 125.240570 123.592026
[4]: 134.323395 132.753708
[4]: 119.972237 118.670052
[4]: 67.302429 67.263580
[4]: 125.346413 125.855522
[4]: 130.792419 131.628586
[4]: 129.923035 130.921097
[4]: 113.715294 113.843704
[4]: 117.078003 117.078583
[4]: 122.046677 123.219727
[4]: 127.656197 128.845459
[4]: 136.964554 137.093811
[4]: 135.400833 133.075012
[4]: 117.967567 118.086906
[4]: 130.844635 129.906662
[4]: 73.092873 74.227898
[4]: 134.370468 133.324158
[4]: 139.287399 140.945679
[4]: 131.897324 131.868683
[4]: 129.848190 128.115768
[3]: 127.007248 129.667557
[3]: 129.124374 129.926086
[3]: 127.290344 127.448074
[3]: 60.811192 60.540619
[3]: 132.159119 131.771637
[3]: 127.448685 126.479179
[3]: 135.109177 135.141663
[3]: 129.805115 130.633560
[3]: 134.445023 135.352875
[3]: 126.241562 125.978561
[3]: 117.288940 119.108917
[3]: 126.401077 127.657806
[3]: 127.320656 128.203644
[3]: 132.140732 132.660767
[3]: 128.703415 129.234131
[3]: 130.535645 131.750046
[3]: 133.061096 132.714172
[3]: 158.499420 155.685638
[3]: 124.023613 124.603302
[3]: 124.082130 122.442459
[3]: 125.646461 124.990410
[3]: 137.663986 136.959061
[3]: 131.790771 132.554504
[3]: 130.620819 128.384995
[3]: 130.157562 129.326920
[3]: 120.867607 120.673088
[3]: 126.150940 128.321609
[3]: 129.558411 128.891006
[3]: 125.387207 125.635117
[3]: 65.224419 64.354279
[3]: 129.090393 128.957504
[3]: 121.259018 117.774368
[3]: 125.744019 124.986511
[3]: 121.636253 121.671371
[2]: 126.677734 127.894775
[2]: 137.139420 136.264862
[2]: 136.740784 137.254089
[2]: 111.714447 113.327965
[2]: 138.611816 139.689117
[2]: 126.590584 126.364342
[2]: 129.192902 130.981094
[2]: 127.991379 128.233978
[2]: 141.770950 143.741364
[2]: 137.963135 136.178146
[2]: 114.085876 114.198883
[2]: 128.386200 130.096924
[2]: 122.381485 122.856323
[2]: 140.379013 141.394409
[2]: 131.541824 131.694214
[2]: 125.232803 125.654327
[2]: 133.921783 135.343277
[2]: 67.226021 68.268845
[2]: 130.734390 129.859833
[2]: 117.380768 117.726288
[2]: 131.072540 129.149658
[2]: 144.967117 144.983566
[2]: 141.923706 140.783249
[2]: 138.135040 136.607025
[2]: 123.847328 122.202629
[2]: 115.434319 115.770721
[2]: 125.305664 127.232552
[2]: 140.549957 141.488953
[2]: 116.406548 117.123810
[2]: 185.770157 187.028641
[2]: 115.467995 115.487915
[2]: 116.710297 115.701958
[2]: 126.292099 126.823853
[2]: 118.853874 119.795769
[1]: 126.320015 124.435265
[1]: 126.687057 126.022057
[1]: 137.141235 136.218262
[1]: 196.440414 195.582352
[1]: 127.237778 128.496063
[1]: 127.756157 127.885963
[1]: 126.718147 126.182396
[1]: 126.353050 126.707695
[1]: 138.056427 139.348587
[1]: 128.621765 128.695145
[1]: 120.587639 120.969055
[1]: 130.323044 129.116302
[1]: 128.613754 129.162750
[1]: 133.499100 133.181931
[1]: 132.632019 133.151993
[1]: 118.421455 118.258011
[1]: 134.094055 134.611816
[1]: 190.590286 191.817841
[1]: 133.097473 132.786499
[1]: 123.134941 122.490532
[1]: 125.913017 125.744560
[1]: 136.760132 135.743011
[1]: 139.613297 140.021667
[1]: 133.569138 134.113419
[1]: 128.932373 129.365189
[1]: 119.418114 119.186768
[1]: 121.678276 122.164551
[1]: 135.192764 136.165558
[1]: 126.484413 127.482735
[1]: 132.757874 131.550781
[1]: 118.432411 119.676590
[1]: 116.082161 117.413986
[1]: 125.795181 126.122925
[1]: 129.144501 130.843796
[0]: 125.855125 124.891190
[0]: 117.339439 117.632103
[0]: 117.979454 117.247887
[0]: 92.693924 91.521843
[0]: 115.574242 115.437042
[0]: 129.121490 129.795883
[0]: 123.211075 121.578682
[0]: 123.808533 123.861870
[0]: 106.365486 103.972305
[0]: 119.508987 121.032570
[0]: 153.297394 151.454742
[0]: 125.486885 124.158813
[0]: 132.221298 131.248230
[0]: 105.735535 105.238052
[0]: 116.476311 117.011108
[0]: 129.997681 130.063766
[0]: 116.510017 116.268654
[0]: 155.385529 155.970764
[0]: 124.185966 124.307205
[0]: 140.165421 141.321823
[0]: 125.229218 127.129501
[0]: 103.800789 105.662453
[0]: 105.813004 105.882210
[0]: 110.002495 112.333275
[0]: 125.511993 126.447815
[0]: 147.443817 147.295670
[0]: 131.065598 128.576889
[0]: 113.781357 112.386185
[0]: 140.113052 138.924698
[0]: 186.728394 185.904358
[0]: 144.194656 143.981277
[0]: 144.853241 146.401062
[0]: 127.832085 127.767845
[0]: 138.452927 137.356873
