[4]: 135.685440 132.432159
[4]: 126.922310 126.836334
[4]: 114.503082 117.904129
[4]: 174.717560 173.930054
[4]: 127.601974 124.594322
[4]: 127.267487 126.765602
[4]: 121.544861 122.387993
[4]: 129.335205 126.389420
[4]: 114.839798 111.252876
[4]: 124.673500 123.659187
[4]: 137.342880 133.923080
[4]: 127.973259 128.397034
[4]: 127.896996 127.930695
[4]: 121.375160 122.162163
[4]: 123.536232 123.592026
[4]: 134.369232 132.753708
[4]: 119.303246 118.670052
[4]: 68.506569 67.263580
[4]: 126.320175 125.855522
[4]: 129.406326 131.628586
[4]: 128.997070 130.921097
[4]: 114.610916 113.843704
[4]: 116.995728 117.078583
[4]: 123.693436 123.219727
[4]: 127.429909 128.845459
[4]: 137.478561 137.093811
[4]: 133.684494 133.075012
[4]: 119.936157 118.086906
[4]: 131.664001 129.906662
[4]: 72.898972 74.227898
[4]: 135.832123 133.324158
[4]: 135.803009 140.945679
[4]: 131.548340 131.868683
[4]: 129.608383 128.115768
[3]: 125.440926 129.667557
[3]: 128.905075 129.926086
[3]: 129.212219 127.448074
[3]: 61.189537 60.540619
[3]: 131.647430 131.771637
[3]: 126.343185 126.479179
[3]: 136.001724 135.141663
[3]: 128.779266 130.633560
[3]: 133.155762 135.352875
[3]: 124.738052 125.978561
[3]: 116.353271 119.108917
[3]: 127.743530 127.657806
[3]: 128.476822 128.203644
[3]: 131.446945 132.660767
[3]: 128.751816 129.234131
[3]: 130.854950 131.750046
[3]: 133.125656 132.714172
[3]: 159.019699 155.685638
[3]: 124.723274 124.603302
[3]: 123.966064 122.442459
[3]: 127.445457 124.990410
[3]: 137.200012 136.959061
[3]: 132.760025 132.554504
[3]: 128.972549 128.384995
[3]: 131.809204 129.326920
[3]: 120.175148 120.673088
[3]: 127.740868 128.321609
[3]: 127.944481 128.891006
[3]: 125.528893 125.635117
[3]: 64.812103 64.354279
[3]: 129.059509 128.957504
[3]: 123.309563 117.774368
[3]: 125.738213 124.986511
[3]: 122.261322 121.671371
[2]: 124.989525 127.894775
[2]: 135.135361 136.264862
[2]: 140.239471 137.254089
[2]: 110.360916 113.327965
[2]: 137.668427 139.689117
[2]: 126.484451 126.364342
[2]: 129.743744 130.981094
[2]: 124.929718 128.233978
[2]: 142.284805 143.741364
[2]: 136.493637 136.178146
[2]: 110.867516 114.198883
[2]: 128.641403 130.096924
[2]: 124.360115 122.856323
[2]: 142.098663 141.394409
[2]: 132.340210 131.694214
[2]: 125.832893 125.654327
[2]: 135.831772 135.343277
[2]: 66.766769 68.268845
[2]: 129.651794 129.859833
[2]: 119.834656 117.726288
[2]: 131.640915 129.149658
[2]: 144.202682 144.983566
[2]: 142.451508 140.783249
[2]: 137.167587 136.607025
[2]: 124.249542 122.202629
[2]: 115.645882 115.770721
[2]: 127.476135 127.232552
[2]: 138.972168 141.488953
[2]: 115.218040 117.123810
[2]: 183.980652 187.028641
[2]: 112.198769 115.487915
[2]: 119.941071 115.701958
[2]: 127.089470 126.823853
[2]: 119.350922 119.795769
[1]: 126.803551 124.435265
[1]: 127.670692 126.022057
[1]: 138.942032 136.218262
[1]: 195.652069 195.582352
[1]: 127.405907 128.496063
[1]: 127.795296 127.885963
[1]: 126.246315 126.182396
[1]: 125.427261 126.707695
[1]: 137.185776 139.348587
[1]: 127.704979 128.695145
[1]: 119.660873 120.969055
[1]: 130.053528 129.116302
[1]: 129.211639 129.162750
[1]: 134.471436 133.181931
[1]: 133.293701 133.151993
[1]: 117.363747 118.258011
[1]: 134.490143 134.611816
[1]: 190.839249 191.817841
[1]: 133.298599 132.786499
[1]: 123.458580 122.490532
[1]: 126.637108 125.744560
[1]: 135.946548 135.743011
[1]: 139.506195 140.021667
[1]: 132.516632 134.113419
[1]: 129.223572 129.365189
[1]: 118.719398 119.186768
[1]: 121.389229 122.164551
[1]: 135.354630 136.165558
[1]: 125.753059 127.482735
[1]: 134.990189 131.550781
[1]: 119.454918 119.676590
[1]: 115.283875 117.413986
[1]: 125.568924 126.122925
[1]: 128.513672 130.843796
[0]: 126.509590 124.891190
[0]: 118.094276 117.632103
[0]: 112.906143 117.247887
[0]: 92.778709 91.521843
[0]: 115.757225 115.437042
[0]: 129.350098 129.795883
[0]: 122.857216 121.578682
[0]: 127.657402 123.861870
[0]: 106.600632 103.972305
[0]: 122.099907 121.032570
[0]: 155.607285 151.454742
[0]: 125.057793 124.158813
[0]: 129.308578 131.248230
[0]: 105.372940 105.238052
[0]: 116.808029 117.011108
[0]: 130.081924 130.063766
[0]: 114.842552 116.268654
[0]: 153.652466 155.970764
[0]: 123.331856 124.307205
[0]: 138.662262 141.321823
[0]: 122.886284 127.129501
[0]: 105.350014 105.662453
[0]: 104.656975 105.882210
[0]: 112.409004 112.333275
[0]: 123.242775 126.447815
[0]: 147.930954 147.295670
[0]: 129.132477 128.576889
[0]: 115.111755 112.386185
[0]: 140.983459 138.924698
[0]: 186.236725 185.904358
[0]: 144.842987 143.981277
[0]: 143.573181 146.401062
[0]: 127.588783 127.767845
[0]: 138.049179 137.356873
