[4]: 91.249001 132.432159
[4]: 129.964493 126.836334
[4]: 127.462059 117.904129
[4]: 179.934433 173.930054
[4]: 135.059021 124.594322
[4]: 129.758667 126.765602
[4]: 127.643959 122.387993
[4]: 133.664566 126.389420
[4]: 131.174911 111.252876
[4]: 132.738403 123.659187
[4]: 125.339264 133.923080
[4]: 125.933495 128.397034
[4]: 124.921738 127.930695
[4]: 138.814957 122.162163
[4]: 127.137276 123.592026
[4]: 130.693268 132.753708
[4]: 131.839401 118.670052
[4]: 58.923786 67.263580
[4]: 130.579834 125.855522
[4]: 127.058418 131.628586
[4]: 133.782425 130.921097
[4]: 135.627945 113.843704
[4]: 135.589706 117.078583
[4]: 135.291916 123.219727
[4]: 125.679726 128.845459
[4]: 120.936302 137.093811
[4]: 126.602829 133.075012
[4]: 130.166733 118.086906
[4]: 120.144852 129.906662
[4]: 125.281532 74.227898
[4]: 124.863747 133.324158
[4]: 166.846466 140.945679
[4]: 130.797150 131.868683
[4]: 118.441795 128.115768
[3]: 170.767029 129.667557
[3]: 126.551239 129.926086
[3]: 124.856270 127.448074
[3]: 87.123230 60.540619
[3]: 129.445511 131.771637
[3]: 127.343628 126.479179
[3]: 128.465164 135.141663
[3]: 128.161896 130.633560
[3]: 126.448891 135.352875
[3]: 125.112076 125.978561
[3]: 126.141266 119.108917
[3]: 128.524124 127.657806
[3]: 127.275909 128.203644
[3]: 127.709106 132.660767
[3]: 127.186928 129.234131
[3]: 129.983521 131.750046
[3]: 126.821381 132.714172
[3]: 126.964195 155.685638
[3]: 126.249252 124.603302
[3]: 126.261574 122.442459
[3]: 126.544365 124.990410
[3]: 127.892654 136.959061
[3]: 127.260086 132.554504
[3]: 127.205475 128.384995
[3]: 128.190430 129.326920
[3]: 125.216370 120.673088
[3]: 129.055710 128.321609
[3]: 127.160721 128.891006
[3]: 129.058243 125.635117
[3]: 62.938190 64.354279
[3]: 129.020691 128.957504
[3]: 83.391037 117.774368
[3]: 128.356140 124.986511
[3]: 125.394341 121.671371
[2]: 169.248276 127.894775
[2]: 128.869980 136.264862
[2]: 130.135025 137.254089
[2]: 84.359940 113.327965
[2]: 128.962234 139.689117
[2]: 128.513519 126.364342
[2]: 127.189178 130.981094
[2]: 129.255569 128.233978
[2]: 128.246689 143.741364
[2]: 130.010986 136.178146
[2]: 126.170761 114.198883
[2]: 127.783775 130.096924
[2]: 129.125809 122.856323
[2]: 130.262558 141.394409
[2]: 128.029999 131.694214
[2]: 126.065147 125.654327
[2]: 131.257553 135.343277
[2]: 128.782990 68.268845
[2]: 130.558731 129.859833
[2]: 126.796211 117.726288
[2]: 129.726990 129.149658
[2]: 128.572739 144.983566
[2]: 130.230896 140.783249
[2]: 129.289734 136.607025
[2]: 125.249718 122.202629
[2]: 127.578667 115.770721
[2]: 125.797325 127.232552
[2]: 128.289536 141.488953
[2]: 124.634338 117.123810
[2]: 191.790939 187.028641
[2]: 126.247284 115.487915
[2]: 84.639603 115.701958
[2]: 127.698624 126.823853
[2]: 126.800751 119.795769
[1]: 86.676666 124.435265
[1]: 128.473053 126.022057
[1]: 136.822083 136.218262
[1]: 182.632843 195.582352
[1]: 136.639389 128.496063
[1]: 127.178825 127.885963
[1]: 127.833031 126.182396
[1]: 133.396088 126.707695
[1]: 131.010956 139.348587
[1]: 128.028198 128.695145
[1]: 117.032959 120.969055
[1]: 125.133018 129.116302
[1]: 134.133911 129.162750
[1]: 137.761093 133.181931
[1]: 132.152603 133.151993
[1]: 121.430305 118.258011
[1]: 143.042297 134.611816
[1]: 192.875610 191.817841
[1]: 137.677383 132.786499
[1]: 122.322617 122.490532
[1]: 126.461922 125.744560
[1]: 131.154129 135.743011
[1]: 139.972794 140.021667
[1]: 137.835907 134.113419
[1]: 124.987244 129.365189
[1]: 118.588196 119.186768
[1]: 120.402283 122.164551
[1]: 133.266205 136.165558
[1]: 123.826302 127.482735
[1]: 121.875877 131.550781
[1]: 125.110832 119.676590
[1]: 159.058289 117.413986
[1]: 129.745728 126.122925
[1]: 122.352432 130.843796
[0]: 83.516205 124.891190
[0]: 122.198494 117.632103
[0]: 115.273643 117.247887
[0]: 133.064392 91.521843
[0]: 105.280640 115.437042
[0]: 122.979797 129.795883
[0]: 124.774315 121.578682
[0]: 106.156418 123.861870
[0]: 116.263542 103.972305
[0]: 117.704483 121.032570
[0]: 148.167404 151.454742
[0]: 133.292969 124.158813
[0]: 122.681175 131.248230
[0]: 93.437943 105.238052
[0]: 119.125557 117.011108
[0]: 130.014877 130.063766
[0]: 98.973579 116.268654
[0]: 136.800629 155.970764
[0]: 108.125664 124.307205
[0]: 133.576706 141.321823
[0]: 119.002335 127.129501
[0]: 111.963036 105.662453
[0]: 98.189606 105.882210
[0]: 99.713478 112.333275
[0]: 133.996552 126.447815
[0]: 152.106232 147.295670
[0]: 140.054733 128.576889
[0]: 117.126335 112.386185
[0]: 144.884659 138.924698
[0]: 139.352249 185.904358
[0]: 137.176849 143.981277
[0]: 183.746674 146.401062
[0]: 118.608574 127.767845
[0]: 149.860458 137.356873
