[4]: 129.016846 132.432159
[4]: 126.487137 126.836334
[4]: 118.735542 117.904129
[4]: 176.679306 173.930054
[4]: 123.419968 124.594322
[4]: 127.549202 126.765602
[4]: 121.698723 122.387993
[4]: 124.851036 126.389420
[4]: 112.156387 111.252876
[4]: 124.165413 123.659187
[4]: 135.132507 133.923080
[4]: 128.621887 128.397034
[4]: 127.220764 127.930695
[4]: 121.781067 122.162163
[4]: 123.764694 123.592026
[4]: 132.425156 132.753708
[4]: 117.926834 118.670052
[4]: 67.227158 67.263580
[4]: 126.314140 125.855522
[4]: 130.817886 131.628586
[4]: 130.560150 130.921097
[4]: 114.873245 113.843704
[4]: 117.408707 117.078583
[4]: 126.592575 123.219727
[4]: 129.910538 128.845459
[4]: 135.431549 137.093811
[4]: 131.639694 133.075012
[4]: 117.783386 118.086906
[4]: 129.274445 129.906662
[4]: 76.298080 74.227898
[4]: 133.750641 133.324158
[4]: 145.229630 140.945679
[4]: 130.838425 131.868683
[4]: 128.649124 128.115768
[3]: 132.988083 129.667557
[3]: 129.434616 129.926086
[3]: 127.455902 127.448074
[3]: 61.203484 60.540619
[3]: 131.589005 131.771637
[3]: 125.897873 126.479179
[3]: 135.432907 135.141663
[3]: 131.086868 130.633560
[3]: 134.498795 135.352875
[3]: 125.647079 125.978561
[3]: 120.404572 119.108917
[3]: 128.244370 127.657806
[3]: 128.330307 128.203644
[3]: 133.457138 132.660767
[3]: 128.662949 129.234131
[3]: 131.937820 131.750046
[3]: 132.498871 132.714172
[3]: 153.660553 155.685638
[3]: 124.600540 124.603302
[3]: 123.641731 122.442459
[3]: 126.124039 124.990410
[3]: 135.526672 136.959061
[3]: 132.383194 132.554504
[3]: 126.742393 128.384995
[3]: 129.124817 129.326920
[3]: 121.725746 120.673088
[3]: 128.895004 128.321609
[3]: 128.959885 128.891006
[3]: 126.256523 125.635117
[3]: 62.932713 64.354279
[3]: 129.442276 128.957504
[3]: 116.010765 117.774368
[3]: 125.764153 124.986511
[3]: 121.606430 121.671371
[2]: 131.105347 127.894775
[2]: 135.835999 136.264862
[2]: 136.301285 137.254089
[2]: 111.797874 113.327965
[2]: 140.754593 139.689117
[2]: 125.482323 126.364342
[2]: 132.467575 130.981094
[2]: 130.610413 128.233978
[2]: 144.317139 143.741364
[2]: 136.572205 136.178146
[2]: 111.608673 114.198883
[2]: 129.753723 130.096924
[2]: 123.993660 122.856323
[2]: 139.844482 141.394409
[2]: 131.495331 131.694214
[2]: 126.973526 125.654327
[2]: 135.334732 135.343277
[2]: 69.708626 68.268845
[2]: 128.908691 129.859833
[2]: 117.204109 117.726288
[2]: 129.114929 129.149658
[2]: 144.461868 144.983566
[2]: 139.942215 140.783249
[2]: 133.604385 136.607025
[2]: 121.740013 122.202629
[2]: 117.101143 115.770721
[2]: 128.939438 127.232552
[2]: 142.170029 141.488953
[2]: 117.784004 117.123810
[2]: 186.531708 187.028641
[2]: 114.835213 115.487915
[2]: 111.450218 115.701958
[2]: 128.609787 126.823853
[2]: 119.632133 119.795769
[1]: 123.597687 124.435265
[1]: 126.536964 126.022057
[1]: 136.930679 136.218262
[1]: 195.375900 195.582352
[1]: 129.791656 128.496063
[1]: 128.694443 127.885963
[1]: 126.257271 126.182396
[1]: 126.043449 126.707695
[1]: 138.973984 139.348587
[1]: 127.754608 128.695145
[1]: 120.939903 120.969055
[1]: 129.309387 129.116302
[1]: 129.724838 129.162750
[1]: 133.355576 133.181931
[1]: 132.857452 133.151993
[1]: 118.357536 118.258011
[1]: 135.569000 134.611816
[1]: 192.222488 191.817841
[1]: 132.555801 132.786499
[1]: 122.750862 122.490532
[1]: 125.560410 125.744560
[1]: 135.840805 135.743011
[1]: 140.434433 140.021667
[1]: 133.237411 134.113419
[1]: 128.987411 129.365189
[1]: 119.790016 119.186768
[1]: 122.413803 122.164551
[1]: 135.789551 136.165558
[1]: 127.513992 127.482735
[1]: 131.799393 131.550781
[1]: 120.020790 119.676590
[1]: 117.369415 117.413986
[1]: 125.254692 126.122925
[1]: 130.742889 130.843796
[0]: 122.324554 124.891190
[0]: 118.323090 117.632103
[0]: 116.437057 117.247887
[0]: 90.739899 91.521843
[0]: 114.140137 115.437042
[0]: 129.685486 129.795883
[0]: 120.155327 121.578682
[0]: 123.114563 123.861870
[0]: 103.377068 103.972305
[0]: 121.361366 121.032570
[0]: 151.838409 151.454742
[0]: 123.405815 124.158813
[0]: 130.071823 131.248230
[0]: 106.002747 105.238052
[0]: 117.899078 117.011108
[0]: 128.676483 130.063766
[0]: 116.076462 116.268654
[0]: 156.271774 155.970764
[0]: 125.095856 124.307205
[0]: 141.322327 141.321823
[0]: 126.528702 127.129501
[0]: 106.237961 105.662453
[0]: 105.912468 105.882210
[0]: 114.598045 112.333275
[0]: 126.477646 126.447815
[0]: 146.075348 147.295670
[0]: 127.390114 128.576889
[0]: 112.094994 112.386185
[0]: 138.316406 138.924698
[0]: 185.415176 185.904358
[0]: 143.475235 143.981277
[0]: 148.712341 146.401062
[0]: 127.087959 127.767845
[0]: 137.281723 137.356873
