[4]: 89.580093 132.432159
[4]: 129.210526 126.836334
[4]: 126.320236 117.904129
[4]: 175.036118 173.930054
[4]: 130.654922 124.594322
[4]: 129.220276 126.765602
[4]: 127.799438 122.387993
[4]: 128.339447 126.389420
[4]: 129.687714 111.252876
[4]: 130.101547 123.659187
[4]: 126.865738 133.923080
[4]: 129.924240 128.397034
[4]: 127.070419 127.930695
[4]: 131.885742 122.162163
[4]: 126.285355 123.592026
[4]: 131.482376 132.753708
[4]: 127.474213 118.670052
[4]: 60.871082 67.263580
[4]: 125.782684 125.855522
[4]: 127.008453 131.628586
[4]: 129.682297 130.921097
[4]: 130.232407 113.843704
[4]: 129.532791 117.078583
[4]: 131.167191 123.219727
[4]: 127.093887 128.845459
[4]: 125.926476 137.093811
[4]: 126.787231 133.075012
[4]: 128.691177 118.086906
[4]: 123.729378 129.906662
[4]: 124.550484 74.227898
[4]: 126.164093 133.324158
[4]: 170.296402 140.945679
[4]: 128.412323 131.868683
[4]: 122.203957 128.115768
[3]: 171.038437 129.667557
[3]: 127.977570 129.926086
[3]: 126.747314 127.448074
[3]: 87.780487 60.540619
[3]: 129.453522 131.771637
[3]: 128.826065 126.479179
[3]: 129.389847 135.141663
[3]: 127.342468 130.633560
[3]: 126.877548 135.352875
[3]: 126.073120 125.978561
[3]: 124.638641 119.108917
[3]: 128.038727 127.657806
[3]: 127.813301 128.203644
[3]: 128.152298 132.660767
[3]: 126.689476 129.234131
[3]: 130.647293 131.750046
[3]: 128.228165 132.714172
[3]: 126.338432 155.685638
[3]: 127.054665 124.603302
[3]: 126.609146 122.442459
[3]: 127.549507 124.990410
[3]: 127.979668 136.959061
[3]: 127.174301 132.554504
[3]: 127.362228 128.384995
[3]: 128.704269 129.326920
[3]: 124.179062 120.673088
[3]: 128.365540 128.321609
[3]: 128.294296 128.891006
[3]: 127.776161 125.635117
[3]: 58.848923 64.354279
[3]: 130.484894 128.957504
[3]: 83.005264 117.774368
[3]: 127.519073 124.986511
[3]: 125.825195 121.671371
[2]: 168.527588 127.894775
[2]: 130.904205 136.264862
[2]: 131.165329 137.254089
[2]: 93.586189 113.327965
[2]: 131.258850 139.689117
[2]: 127.440308 126.364342
[2]: 132.556046 130.981094
[2]: 135.144989 128.233978
[2]: 137.637650 143.741364
[2]: 132.772354 136.178146
[2]: 116.499878 114.198883
[2]: 133.741791 130.096924
[2]: 134.048218 122.856323
[2]: 139.274002 141.394409
[2]: 133.396790 131.694214
[2]: 128.339813 125.654327
[2]: 135.572983 135.343277
[2]: 125.691467 68.268845
[2]: 128.221405 129.859833
[2]: 119.594940 117.726288
[2]: 127.640648 129.149658
[2]: 134.585709 144.983566
[2]: 134.885971 140.783249
[2]: 141.878189 136.607025
[2]: 128.381470 122.202629
[2]: 121.708969 115.770721
[2]: 120.760918 127.232552
[2]: 129.251968 141.488953
[2]: 120.719666 117.123810
[2]: 187.246536 187.028641
[2]: 119.876411 115.487915
[2]: 74.900963 115.701958
[2]: 135.056732 126.823853
[2]: 116.377991 119.795769
[1]: 83.861938 124.435265
[1]: 128.977219 126.022057
[1]: 132.942062 136.218262
[1]: 177.384171 195.582352
[1]: 129.109909 128.496063
[1]: 126.230324 127.885963
[1]: 130.683304 126.182396
[1]: 129.351471 126.707695
[1]: 132.675552 139.348587
[1]: 129.066803 128.695145
[1]: 119.630424 120.969055
[1]: 127.882790 129.116302
[1]: 131.840637 129.162750
[1]: 131.003128 133.181931
[1]: 131.361908 133.151993
[1]: 124.399063 118.258011
[1]: 134.228165 134.611816
[1]: 191.427811 191.817841
[1]: 129.649338 132.786499
[1]: 121.272324 122.490532
[1]: 124.116989 125.744560
[1]: 130.994934 135.743011
[1]: 131.291092 140.021667
[1]: 134.489914 134.113419
[1]: 130.519989 129.365189
[1]: 123.248268 119.186768
[1]: 124.093903 122.164551
[1]: 129.564972 136.165558
[1]: 126.809814 127.482735
[1]: 118.659691 131.550781
[1]: 125.879517 119.676590
[1]: 162.223251 117.413986
[1]: 130.887192 126.122925
[1]: 125.314766 130.843796
[0]: 130.402588 124.891190
[0]: 117.084381 117.632103
[0]: 116.518684 117.247887
[0]: 87.889786 91.521843
[0]: 116.835457 115.437042
[0]: 124.262444 129.795883
[0]: 111.479988 121.578682
[0]: 111.314781 123.861870
[0]: 100.880478 103.972305
[0]: 113.991798 121.032570
[0]: 159.984802 151.454742
[0]: 116.893669 124.158813
[0]: 114.632111 131.248230
[0]: 96.831467 105.238052
[0]: 114.058212 117.011108
[0]: 121.019737 130.063766
[0]: 106.874046 116.268654
[0]: 140.816162 155.970764
[0]: 126.873047 124.307205
[0]: 145.512024 141.321823
[0]: 129.448273 127.129501
[0]: 109.724472 105.662453
[0]: 109.977936 105.882210
[0]: 89.667816 112.333275
[0]: 118.974388 126.447815
[0]: 150.532318 147.295670
[0]: 143.954422 128.576889
[0]: 119.958420 112.386185
[0]: 144.254791 138.924698
[0]: 168.972168 185.904358
[0]: 141.576233 143.981277
[0]: 149.213547 146.401062
[0]: 110.671249 127.767845
[0]: 156.104004 137.356873
