[4]: 135.886108 132.432159
[4]: 126.796890 126.836334
[4]: 118.358521 117.904129
[4]: 169.724304 173.930054
[4]: 128.698929 124.594322
[4]: 126.398170 126.765602
[4]: 122.886116 122.387993
[4]: 128.603317 126.389420
[4]: 117.154007 111.252876
[4]: 121.881973 123.659187
[4]: 135.905167 133.923080
[4]: 128.077744 128.397034
[4]: 128.400589 127.930695
[4]: 123.693542 122.162163
[4]: 123.392006 123.592026
[4]: 133.837326 132.753708
[4]: 119.454216 118.670052
[4]: 67.628052 67.263580
[4]: 127.020607 125.855522
[4]: 130.912735 131.628586
[4]: 127.693466 130.921097
[4]: 111.531265 113.843704
[4]: 116.969948 117.078583
[4]: 121.105453 123.219727
[4]: 126.525253 128.845459
[4]: 136.065643 137.093811
[4]: 135.960892 133.075012
[4]: 122.089767 118.086906
[4]: 131.794708 129.906662
[4]: 69.686516 74.227898
[4]: 133.190308 133.324158
[4]: 135.584427 140.945679
[4]: 129.575912 131.868683
[4]: 132.108810 128.115768
[3]: 124.580925 129.667557
[3]: 129.347260 129.926086
[3]: 126.796509 127.448074
[3]: 61.866829 60.540619
[3]: 131.868317 131.771637
[3]: 127.433456 126.479179
[3]: 135.120758 135.141663
[3]: 129.608032 130.633560
[3]: 134.243317 135.352875
[3]: 128.370056 125.978561
[3]: 115.920570 119.108917
[3]: 125.813400 127.657806
[3]: 127.812065 128.203644
[3]: 131.511948 132.660767
[3]: 128.299728 129.234131
[3]: 132.417664 131.750046
[3]: 134.496933 132.714172
[3]: 163.404144 155.685638
[3]: 123.303429 124.603302
[3]: 124.126335 122.442459
[3]: 126.912239 124.990410
[3]: 140.942566 136.959061
[3]: 132.024200 132.554504
[3]: 133.015793 128.384995
[3]: 131.527191 129.326920
[3]: 121.960167 120.673088
[3]: 124.464333 128.321609
[3]: 127.498825 128.891006
[3]: 123.460091 125.635117
[3]: 67.950188 64.354279
[3]: 129.714172 128.957504
[3]: 124.087288 117.774368
[3]: 125.833046 124.986511
[3]: 119.811676 121.671371
[2]: 125.695908 127.894775
[2]: 134.760498 136.264862
[2]: 134.709991 137.254089
[2]: 111.181351 113.327965
[2]: 134.663971 139.689117
[2]: 127.825645 126.364342
[2]: 128.599838 130.981094
[2]: 127.290245 128.233978
[2]: 138.220856 143.741364
[2]: 139.625412 136.178146
[2]: 113.514870 114.198883
[2]: 127.560112 130.096924
[2]: 124.143112 122.856323
[2]: 139.357437 141.394409
[2]: 133.385056 131.694214
[2]: 125.378128 125.654327
[2]: 134.726990 135.343277
[2]: 65.973724 68.268845
[2]: 128.976868 129.859833
[2]: 119.953735 117.726288
[2]: 132.778214 129.149658
[2]: 147.786224 144.983566
[2]: 141.393784 140.783249
[2]: 139.058777 136.607025
[2]: 126.022346 122.202629
[2]: 117.246262 115.770721
[2]: 123.950829 127.232552
[2]: 135.433670 141.488953
[2]: 115.709991 117.123810
[2]: 185.497803 187.028641
[2]: 116.731079 115.487915
[2]: 119.167191 115.701958
[2]: 129.391891 126.823853
[2]: 116.705826 119.795769
[1]: 127.419121 124.435265
[1]: 126.488754 126.022057
[1]: 138.186493 136.218262
[1]: 196.409470 195.582352
[1]: 125.352837 128.496063
[1]: 126.679527 127.885963
[1]: 127.490234 126.182396
[1]: 126.121216 126.707695
[1]: 135.909988 139.348587
[1]: 128.873642 128.695145
[1]: 120.866180 120.969055
[1]: 129.977356 129.116302
[1]: 127.055321 129.162750
[1]: 133.787048 133.181931
[1]: 134.768692 133.151993
[1]: 116.692055 118.258011
[1]: 133.855591 134.611816
[1]: 189.854660 191.817841
[1]: 133.812958 132.786499
[1]: 121.445580 122.490532
[1]: 127.322723 125.744560
[1]: 136.740921 135.743011
[1]: 138.991592 140.021667
[1]: 133.985458 134.113419
[1]: 127.947098 129.365189
[1]: 118.748154 119.186768
[1]: 121.491791 122.164551
[1]: 133.459503 136.165558
[1]: 124.883682 127.482735
[1]: 135.260483 131.550781
[1]: 118.972145 119.676590
[1]: 114.796387 117.413986
[1]: 128.514206 126.122925
[1]: 128.330276 130.843796
[0]: 125.640022 124.891190
[0]: 119.114494 117.632103
[0]: 117.811279 117.247887
[0]: 93.962715 91.521843
[0]: 119.443588 115.437042
[0]: 128.955521 129.795883
[0]: 122.171082 121.578682
[0]: 124.173187 123.861870
[0]: 108.069138 103.972305
[0]: 116.061943 121.032570
[0]: 154.331818 151.454742
[0]: 128.289261 124.158813
[0]: 132.264175 131.248230
[0]: 105.713631 105.238052
[0]: 114.301018 117.011108
[0]: 130.233994 130.063766
[0]: 114.704247 116.268654
[0]: 154.540176 155.970764
[0]: 124.148621 124.307205
[0]: 139.350235 141.321823
[0]: 122.672310 127.129501
[0]: 99.021141 105.662453
[0]: 106.502365 105.882210
[0]: 106.477280 112.333275
[0]: 123.980087 126.447815
[0]: 146.356552 147.295670
[0]: 134.011749 128.576889
[0]: 118.790489 112.386185
[0]: 144.141602 138.924698
[0]: 185.528687 185.904358
[0]: 143.241364 143.981277
[0]: 144.846985 146.401062
[0]: 123.761452 127.767845
[0]: 141.536148 137.356873
