[4]: 135.846924 132.432159
[4]: 126.537201 126.836334
[4]: 116.561974 117.904129
[4]: 173.228119 173.930054
[4]: 126.593399 124.594322
[4]: 126.409531 126.765602
[4]: 121.698196 122.387993
[4]: 129.045822 126.389420
[4]: 111.771172 111.252876
[4]: 124.321358 123.659187
[4]: 134.488358 133.923080
[4]: 129.945465 128.397034
[4]: 128.129883 127.930695
[4]: 122.369637 122.162163
[4]: 124.135429 123.592026
[4]: 134.351349 132.753708
[4]: 119.957260 118.670052
[4]: 67.286446 67.263580
[4]: 125.510368 125.855522
[4]: 132.282410 131.628586
[4]: 130.359116 130.921097
[4]: 112.857529 113.843704
[4]: 118.262070 117.078583
[4]: 121.332512 123.219727
[4]: 126.940163 128.845459
[4]: 138.001740 137.093811
[4]: 135.547333 133.075012
[4]: 117.878426 118.086906
[4]: 129.824524 129.906662
[4]: 74.021454 74.227898
[4]: 133.924332 133.324158
[4]: 136.990662 140.945679
[4]: 132.251617 131.868683
[4]: 129.453857 128.115768
[3]: 125.534874 129.667557
[3]: 129.596786 129.926086
[3]: 126.655487 127.448074
[3]: 60.909325 60.540619
[3]: 131.064896 131.771637
[3]: 127.156975 126.479179
[3]: 134.979630 135.141663
[3]: 128.889420 130.633560
[3]: 135.868576 135.352875
[3]: 125.424843 125.978561
[3]: 117.359718 119.108917
[3]: 124.892479 127.657806
[3]: 127.640831 128.203644
[3]: 132.079773 132.660767
[3]: 129.394196 129.234131
[3]: 130.726257 131.750046
[3]: 132.568253 132.714172
[3]: 157.453293 155.685638
[3]: 123.604233 124.603302
[3]: 122.682838 122.442459
[3]: 125.847412 124.990410
[3]: 138.926407 136.959061
[3]: 130.871872 132.554504
[3]: 131.027191 128.384995
[3]: 130.450867 129.326920
[3]: 120.027275 120.673088
[3]: 125.740364 128.321609
[3]: 128.950790 128.891006
[3]: 127.249527 125.635117
[3]: 64.542473 64.354279
[3]: 129.483536 128.957504
[3]: 122.654778 117.774368
[3]: 125.500076 124.986511
[3]: 121.870926 121.671371
[2]: 125.113884 127.894775
[2]: 136.150436 136.264862
[2]: 137.747330 137.254089
[2]: 111.319473 113.327965
[2]: 139.221786 139.689117
[2]: 126.725540 126.364342
[2]: 129.562973 130.981094
[2]: 127.198166 128.233978
[2]: 142.100235 143.741364
[2]: 136.804703 136.178146
[2]: 114.007744 114.198883
[2]: 127.893135 130.096924
[2]: 122.568153 122.856323
[2]: 140.727142 141.394409
[2]: 131.782043 131.694214
[2]: 124.858421 125.654327
[2]: 134.158340 135.343277
[2]: 67.338707 68.268845
[2]: 131.322433 129.859833
[2]: 117.150681 117.726288
[2]: 130.117554 129.149658
[2]: 145.429764 144.983566
[2]: 141.160248 140.783249
[2]: 139.273102 136.607025
[2]: 124.509735 122.202629
[2]: 115.112770 115.770721
[2]: 125.588509 127.232552
[2]: 140.796814 141.488953
[2]: 116.862892 117.123810
[2]: 185.621155 187.028641
[2]: 115.004066 115.487915
[2]: 118.626259 115.701958
[2]: 125.838707 126.823853
[2]: 119.602715 119.795769
[1]: 126.323700 124.435265
[1]: 126.949753 126.022057
[1]: 137.135452 136.218262
[1]: 196.235947 195.582352
[1]: 127.192993 128.496063
[1]: 127.520660 127.885963
[1]: 126.699905 126.182396
[1]: 125.902451 126.707695
[1]: 138.151672 139.348587
[1]: 128.488037 128.695145
[1]: 120.452003 120.969055
[1]: 129.969162 129.116302
[1]: 128.934219 129.162750
[1]: 133.842499 133.181931
[1]: 132.844208 133.151993
[1]: 118.288521 118.258011
[1]: 134.551254 134.611816
[1]: 190.669464 191.817841
[1]: 133.634048 132.786499
[1]: 122.863853 122.490532
[1]: 126.264603 125.744560
[1]: 136.476074 135.743011
[1]: 139.078903 140.021667
[1]: 133.824875 134.113419
[1]: 129.378220 129.365189
[1]: 119.069901 119.186768
[1]: 121.468704 122.164551
[1]: 135.503113 136.165558
[1]: 125.737343 127.482735
[1]: 132.370300 131.550781
[1]: 119.457596 119.676590
[1]: 116.189888 117.413986
[1]: 125.418373 126.122925
[1]: 128.913406 130.843796
[0]: 126.626068 124.891190
[0]: 117.441368 117.632103
[0]: 118.012566 117.247887
[0]: 92.563934 91.521843
[0]: 116.015724 115.437042
[0]: 129.449829 129.795883
[0]: 123.509918 121.578682
[0]: 124.914703 123.861870
[0]: 105.962563 103.972305
[0]: 120.476753 121.032570
[0]: 153.484268 151.454742
[0]: 126.918205 124.158813
[0]: 132.201202 131.248230
[0]: 105.659912 105.238052
[0]: 116.491882 117.011108
[0]: 130.323669 130.063766
[0]: 116.395981 116.268654
[0]: 156.269485 155.970764
[0]: 123.237350 124.307205
[0]: 140.537354 141.321823
[0]: 125.179741 127.129501
[0]: 103.353592 105.662453
[0]: 107.079315 105.882210
[0]: 108.943932 112.333275
[0]: 124.792305 126.447815
[0]: 147.822144 147.295670
[0]: 131.263672 128.576889
[0]: 114.015213 112.386185
[0]: 139.432388 138.924698
[0]: 186.280167 185.904358
[0]: 143.540344 143.981277
[0]: 143.517181 146.401062
[0]: 128.607101 127.767845
[0]: 137.973846 137.356873
