[4]: 132.970291 132.432159
[4]: 126.253136 126.836334
[4]: 117.785248 117.904129
[4]: 173.937103 173.930054
[4]: 124.414215 124.594322
[4]: 126.793442 126.765602
[4]: 122.126564 122.387993
[4]: 126.951378 126.389420
[4]: 111.566635 111.252876
[4]: 124.071083 123.659187
[4]: 133.572708 133.923080
[4]: 128.865555 128.397034
[4]: 127.775475 127.930695
[4]: 122.665619 122.162163
[4]: 123.751595 123.592026
[4]: 132.020416 132.753708
[4]: 118.540077 118.670052
[4]: 67.157143 67.263580
[4]: 125.626129 125.855522
[4]: 132.832687 131.628586
[4]: 130.951065 130.921097
[4]: 114.209000 113.843704
[4]: 117.482231 117.078583
[4]: 122.901489 123.219727
[4]: 128.828278 128.845459
[4]: 136.124832 137.093811
[4]: 132.749390 133.075012
[4]: 118.445503 118.086906
[4]: 129.772476 129.906662
[4]: 74.586411 74.227898
[4]: 133.593277 133.324158
[4]: 141.483643 140.945679
[4]: 131.837494 131.868683
[4]: 127.024117 128.115768
[3]: 129.342667 129.667557
[3]: 129.958801 129.926086
[3]: 127.338928 127.448074
[3]: 60.570782 60.540619
[3]: 131.595749 131.771637
[3]: 126.811302 126.479179
[3]: 135.204468 135.141663
[3]: 130.332611 130.633560
[3]: 135.101532 135.352875
[3]: 125.377945 125.978561
[3]: 119.341034 119.108917
[3]: 127.779381 127.657806
[3]: 128.158890 128.203644
[3]: 132.663422 132.660767
[3]: 128.835571 129.234131
[3]: 132.247620 131.750046
[3]: 132.523880 132.714172
[3]: 155.954422 155.685638
[3]: 124.685341 124.603302
[3]: 122.224907 122.442459
[3]: 125.134537 124.990410
[3]: 137.105667 136.959061
[3]: 132.412521 132.554504
[3]: 128.690887 128.384995
[3]: 129.357895 129.326920
[3]: 120.890121 120.673088
[3]: 128.356796 128.321609
[3]: 128.839233 128.891006
[3]: 125.547684 125.635117
[3]: 64.304901 64.354279
[3]: 128.628922 128.957504
[3]: 117.104340 117.774368
[3]: 125.174187 124.986511
[3]: 122.163887 121.671371
[2]: 127.949364 127.894775
[2]: 136.439651 136.264862
[2]: 137.563766 137.254089
[2]: 112.409477 113.327965
[2]: 140.095139 139.689117
[2]: 126.664009 126.364342
[2]: 131.126984 130.981094
[2]: 127.814255 128.233978
[2]: 143.371735 143.741364
[2]: 135.933121 136.178146
[2]: 114.655571 114.198883
[2]: 129.048889 130.096924
[2]: 122.906845 122.856323
[2]: 141.000320 141.394409
[2]: 131.661301 131.694214
[2]: 125.839653 125.654327
[2]: 135.658356 135.343277
[2]: 68.570381 68.268845
[2]: 130.074677 129.859833
[2]: 116.939568 117.726288
[2]: 129.694672 129.149658
[2]: 144.802704 144.983566
[2]: 141.463211 140.783249
[2]: 136.083603 136.607025
[2]: 121.924522 122.202629
[2]: 116.614967 115.770721
[2]: 127.154457 127.232552
[2]: 141.811539 141.488953
[2]: 117.478188 117.123810
[2]: 187.198486 187.028641
[2]: 115.384636 115.487915
[2]: 115.678741 115.701958
[2]: 126.699440 126.823853
[2]: 120.790688 119.795769
[1]: 124.017242 124.435265
[1]: 126.566856 126.022057
[1]: 136.786942 136.218262
[1]: 195.619751 195.582352
[1]: 129.027695 128.496063
[1]: 127.499924 127.885963
[1]: 126.613434 126.182396
[1]: 126.573334 126.707695
[1]: 139.659149 139.348587
[1]: 128.969650 128.695145
[1]: 121.177170 120.969055
[1]: 128.886719 129.116302
[1]: 129.245209 129.162750
[1]: 133.083084 133.181931
[1]: 133.476212 133.151993
[1]: 118.689423 118.258011
[1]: 134.827194 134.611816
[1]: 191.692154 191.817841
[1]: 133.015289 132.786499
[1]: 121.555779 122.490532
[1]: 125.188560 125.744560
[1]: 135.854660 135.743011
[1]: 139.679276 140.021667
[1]: 134.507172 134.113419
[1]: 129.420105 129.365189
[1]: 119.726326 119.186768
[1]: 122.458649 122.164551
[1]: 135.829071 136.165558
[1]: 127.633636 127.482735
[1]: 131.804413 131.550781
[1]: 120.214851 119.676590
[1]: 117.220390 117.413986
[1]: 126.426430 126.122925
[1]: 131.044937 130.843796
[0]: 125.011360 124.891190
[0]: 117.361732 117.632103
[0]: 116.516998 117.247887
[0]: 91.898872 91.521843
[0]: 114.717873 115.437042
[0]: 129.523621 129.795883
[0]: 121.154404 121.578682
[0]: 124.165329 123.861870
[0]: 103.895256 103.972305
[0]: 121.169289 121.032570
[0]: 150.993713 151.454742
[0]: 124.866341 124.158813
[0]: 131.356750 131.248230
[0]: 105.083740 105.238052
[0]: 116.906448 117.011108
[0]: 129.621567 130.063766
[0]: 116.019447 116.268654
[0]: 156.421127 155.970764
[0]: 123.968582 124.307205
[0]: 142.206909 141.321823
[0]: 126.928734 127.129501
[0]: 105.095444 105.662453
[0]: 105.150269 105.882210
[0]: 112.386780 112.333275
[0]: 126.671227 126.447815
[0]: 146.688873 147.295670
[0]: 128.620026 128.576889
[0]: 112.012825 112.386185
[0]: 138.701004 138.924698
[0]: 185.674149 185.904358
[0]: 143.661926 143.981277
[0]: 146.836823 146.401062
[0]: 127.364662 127.767845
[0]: 136.785950 137.356873
