[4]: 87.471062 132.432159
[4]: 128.098984 126.836334
[4]: 126.021065 117.904129
[4]: 170.644485 173.930054
[4]: 128.195450 124.594322
[4]: 127.133659 126.765602
[4]: 127.298218 122.387993
[4]: 127.032822 126.389420
[4]: 127.264244 111.252876
[4]: 129.041107 123.659187
[4]: 129.170731 133.923080
[4]: 128.005722 128.397034
[4]: 125.745651 127.930695
[4]: 128.120117 122.162163
[4]: 125.645126 123.592026
[4]: 130.437088 132.753708
[4]: 126.061531 118.670052
[4]: 63.901085 67.263580
[4]: 125.427643 125.855522
[4]: 128.211121 131.628586
[4]: 130.537033 130.921097
[4]: 128.527588 113.843704
[4]: 127.900124 117.078583
[4]: 126.608963 123.219727
[4]: 127.573189 128.845459
[4]: 127.451927 137.093811
[4]: 128.665878 133.075012
[4]: 128.049835 118.086906
[4]: 125.906418 129.906662
[4]: 127.536575 74.227898
[4]: 127.127495 133.324158
[4]: 172.578079 140.945679
[4]: 127.116447 131.868683
[4]: 125.854904 128.115768
[3]: 170.888168 129.667557
[3]: 126.242096 129.926086
[3]: 124.666267 127.448074
[3]: 86.867966 60.540619
[3]: 128.856979 131.771637
[3]: 127.051186 126.479179
[3]: 128.262665 135.141663
[3]: 128.240952 130.633560
[3]: 127.188744 135.352875
[3]: 125.418015 125.978561
[3]: 126.373428 119.108917
[3]: 128.662964 127.657806
[3]: 127.728188 128.203644
[3]: 127.153816 132.660767
[3]: 127.083702 129.234131
[3]: 129.758926 131.750046
[3]: 126.675217 132.714172
[3]: 127.288834 155.685638
[3]: 126.522865 124.603302
[3]: 126.985580 122.442459
[3]: 126.182907 124.990410
[3]: 127.219994 136.959061
[3]: 126.928299 132.554504
[3]: 126.811256 128.384995
[3]: 127.750664 129.326920
[3]: 125.741776 120.673088
[3]: 128.750916 128.321609
[3]: 126.843201 128.891006
[3]: 128.702332 125.635117
[3]: 63.613235 64.354279
[3]: 128.882263 128.957504
[3]: 83.769020 117.774368
[3]: 128.026733 124.986511
[3]: 125.916740 121.671371
[2]: 2.000000 127.894775
[2]: 238.000000 136.264862
[2]: 67.000000 137.254089
[2]: 43.000000 113.327965
[2]: 156.000000 139.689117
[2]: 168.000000 126.364342
[2]: 112.000000 130.981094
[2]: 5.000000 128.233978
[2]: 74.000000 143.741364
[2]: 4.000000 136.178146
[2]: 252.000000 114.198883
[2]: 220.000000 130.096924
[2]: 106.000000 122.856323
[2]: 176.000000 141.394409
[2]: 98.000000 131.694214
[2]: 219.000000 125.654327
[2]: 132.000000 135.343277
[2]: 254.000000 68.268845
[2]: 217.000000 129.859833
[2]: 101.000000 117.726288
[2]: 65.000000 129.149658
[2]: 93.000000 144.983566
[2]: 105.000000 140.783249
[2]: 151.000000 136.607025
[2]: 60.000000 122.202629
[2]: 190.000000 115.770721
[2]: 192.000000 127.232552
[2]: 38.000000 141.488953
[2]: 235.000000 117.123810
[2]: 232.000000 187.028641
[2]: 3.000000 115.487915
[2]: 215.000000 115.701958
[2]: 82.000000 126.823853
[2]: -19366852.000000 119.795769
[1]: 83.133240 124.435265
[1]: 126.783440 126.022057
[1]: 129.799194 136.218262
[1]: 170.871277 195.582352
[1]: 128.047607 128.496063
[1]: 127.206032 127.885963
[1]: 126.929535 126.182396
[1]: 126.442101 126.707695
[1]: 127.439064 139.348587
[1]: 125.606857 128.695145
[1]: 126.974686 120.969055
[1]: 127.170189 129.116302
[1]: 129.527802 129.162750
[1]: 125.828133 133.181931
[1]: 128.172058 133.151993
[1]: 124.133698 118.258011
[1]: 129.304535 134.611816
[1]: 191.172195 191.817841
[1]: 129.503448 132.786499
[1]: 125.853645 122.490532
[1]: 124.071693 125.744560
[1]: 127.426857 135.743011
[1]: 127.402702 140.021667
[1]: 127.887810 134.113419
[1]: 127.530968 129.365189
[1]: 128.399597 119.186768
[1]: 127.052185 122.164551
[1]: 127.822319 136.165558
[1]: 129.384613 127.482735
[1]: 127.698700 131.550781
[1]: 128.767807 119.676590
[1]: 168.007111 117.413986
[1]: 127.802490 126.122925
[1]: 129.657242 130.843796
[0]: 169.037964 124.891190
[0]: 128.753143 117.632103
[0]: 129.066940 117.247887
[0]: 82.803772 91.521843
[0]: 127.620216 115.437042
[0]: 128.296280 129.795883
[0]: 126.925735 121.578682
[0]: 127.166740 123.861870
[0]: 126.591621 103.972305
[0]: 128.692566 121.032570
[0]: 127.681229 151.454742
[0]: 127.905357 124.158813
[0]: 128.377365 131.248230
[0]: 127.953949 105.238052
[0]: 127.524872 117.011108
[0]: 126.212852 130.063766
[0]: 128.845047 116.268654
[0]: 129.101898 155.970764
[0]: 128.690918 124.307205
[0]: 126.523277 141.321823
[0]: 129.498444 127.129501
[0]: 128.016434 105.662453
[0]: 128.260818 105.882210
[0]: 127.348831 112.333275
[0]: 126.233681 126.447815
[0]: 129.141968 147.295670
[0]: 126.905296 128.576889
[0]: 127.864212 112.386185
[0]: 126.633400 138.924698
[0]: 191.312531 185.904358
[0]: 127.407555 143.981277
[0]: 85.984970 146.401062
[0]: 127.046936 127.767845
[0]: 128.249161 137.356873
