[4]: 133.609238 132.432159
[4]: 128.962173 126.836334
[4]: 123.340942 117.904129
[4]: 138.509277 173.930054
[4]: 127.751038 124.594322
[4]: 126.962875 126.765602
[4]: 127.792435 122.387993
[4]: 128.813995 126.389420
[4]: 124.914268 111.252876
[4]: 126.464310 123.659187
[4]: 122.035339 133.923080
[4]: 127.874146 128.397034
[4]: 127.082031 127.930695
[4]: 127.535431 122.162163
[4]: 130.864517 123.592026
[4]: 129.450974 132.753708
[4]: 122.796455 118.670052
[4]: 67.979332 67.263580
[4]: 126.830391 125.855522
[4]: 128.771774 131.628586
[4]: 126.832108 130.921097
[4]: 128.219360 113.843704
[4]: 125.976273 117.078583
[4]: 126.343819 123.219727
[4]: 128.816284 128.845459
[4]: 128.544113 137.093811
[4]: 131.463928 133.075012
[4]: 124.628632 118.086906
[4]: 127.297379 129.906662
[4]: 58.572239 74.227898
[4]: 128.295074 133.324158
[4]: 128.703445 140.945679
[4]: 128.639343 131.868683
[4]: 127.221153 128.115768
[3]: 128.939728 129.667557
[3]: 126.797295 129.926086
[3]: 128.159988 127.448074
[3]: 58.861904 60.540619
[3]: 130.986343 131.771637
[3]: 129.375214 126.479179
[3]: 127.265022 135.141663
[3]: 129.856155 130.633560
[3]: 128.306839 135.352875
[3]: 124.010345 125.978561
[3]: 126.893440 119.108917
[3]: 127.016342 127.657806
[3]: 126.720108 128.203644
[3]: 125.378983 132.660767
[3]: 125.603012 129.234131
[3]: 129.033905 131.750046
[3]: 128.002167 132.714172
[3]: 189.045578 155.685638
[3]: 126.151947 124.603302
[3]: 130.153107 122.442459
[3]: 127.014618 124.990410
[3]: 129.771820 136.959061
[3]: 126.191917 132.554504
[3]: 129.467606 128.384995
[3]: 129.461151 129.326920
[3]: 129.589859 120.673088
[3]: 124.900909 128.321609
[3]: 126.762756 128.891006
[3]: 129.144608 125.635117
[3]: 116.708611 64.354279
[3]: 130.421249 128.957504
[3]: 125.869568 117.774368
[3]: 127.410202 124.986511
[3]: 126.463638 121.671371
[2]: 122.699539 127.894775
[2]: 128.389297 136.264862
[2]: 127.323143 137.254089
[2]: 115.153534 113.327965
[2]: 127.805481 139.689117
[2]: 127.481445 126.364342
[2]: 126.642410 130.981094
[2]: 126.264297 128.233978
[2]: 126.877098 143.741364
[2]: 133.216949 136.178146
[2]: 132.722488 114.198883
[2]: 128.348053 130.096924
[2]: 129.689178 122.856323
[2]: 127.347862 141.394409
[2]: 123.161224 131.694214
[2]: 128.316666 125.654327
[2]: 129.870926 135.343277
[2]: 69.372963 68.268845
[2]: 127.210602 129.859833
[2]: 124.493263 117.726288
[2]: 131.466949 129.149658
[2]: 124.755341 144.983566
[2]: 128.215805 140.783249
[2]: 125.443504 136.607025
[2]: 122.949669 122.202629
[2]: 126.289085 115.770721
[2]: 126.559166 127.232552
[2]: 127.996315 141.488953
[2]: 126.568123 117.123810
[2]: 196.424255 187.028641
[2]: 128.266708 115.487915
[2]: 130.418533 115.701958
[2]: 126.346214 126.823853
[2]: 124.904297 119.795769
[1]: 126.354126 124.435265
[1]: 125.704094 126.022057
[1]: 130.750900 136.218262
[1]: 198.710587 195.582352
[1]: 126.154045 128.496063
[1]: 125.850754 127.885963
[1]: 127.733017 126.182396
[1]: 123.908195 126.707695
[1]: 128.399246 139.348587
[1]: 124.999550 128.695145
[1]: 128.543701 120.969055
[1]: 128.530930 129.116302
[1]: 127.872734 129.162750
[1]: 128.832596 133.181931
[1]: 128.833954 133.151993
[1]: 123.713432 118.258011
[1]: 130.238785 134.611816
[1]: 185.942810 191.817841
[1]: 129.984634 132.786499
[1]: 124.124741 122.490532
[1]: 124.934387 125.744560
[1]: 128.463440 135.743011
[1]: 130.142380 140.021667
[1]: 127.409554 134.113419
[1]: 127.880379 129.365189
[1]: 126.287018 119.186768
[1]: 128.473419 122.164551
[1]: 131.233795 136.165558
[1]: 127.622086 127.482735
[1]: 138.179718 131.550781
[1]: 125.148727 119.676590
[1]: 124.219978 117.413986
[1]: 127.600365 126.122925
[1]: 131.137054 130.843796
[0]: 528.931213 124.891190
[0]: 533.410950 117.632103
[0]: 557.526001 117.247887
[0]: 463.793182 91.521843
[0]: 518.783630 115.437042
[0]: 570.690002 129.795883
[0]: 560.648315 121.578682
[0]: 558.613892 123.861870
[0]: 468.221344 103.972305
[0]: 503.837921 121.032570
[0]: 726.993896 151.454742
[0]: 585.529053 124.158813
[0]: 600.118103 131.248230
[0]: 497.402893 105.238052
[0]: 479.834869 117.011108
[0]: 590.950317 130.063766
[0]: 518.853210 116.268654
[0]: 712.467896 155.970764
[0]: 555.349365 124.307205
[0]: 583.440735 141.321823
[0]: 529.178894 127.129501
[0]: 412.427002 105.662453
[0]: 504.436157 105.882210
[0]: 489.327209 112.333275
[0]: 552.796631 126.447815
[0]: 648.778687 147.295670
[0]: 632.163208 128.576889
[0]: 554.117737 112.386185
[0]: 646.260681 138.924698
[0]: 782.578369 185.904358
[0]: 634.494263 143.981277
[0]: 629.347107 146.401062
[0]: 524.121582 127.767845
[0]: 663.091003 137.356873
