[4]: 133.807358 132.432159
[4]: 126.153679 126.836334
[4]: 116.716866 117.904129
[4]: 172.749924 173.930054
[4]: 126.308220 124.594322
[4]: 126.375511 126.765602
[4]: 122.086067 122.387993
[4]: 128.276428 126.389420
[4]: 113.242188 111.252876
[4]: 123.227676 123.659187
[4]: 134.722778 133.923080
[4]: 128.756699 128.397034
[4]: 129.268295 127.930695
[4]: 123.120621 122.162163
[4]: 125.153831 123.592026
[4]: 134.248581 132.753708
[4]: 120.094276 118.670052
[4]: 67.327782 67.263580
[4]: 125.065323 125.855522
[4]: 130.723572 131.628586
[4]: 129.890427 130.921097
[4]: 113.692566 113.843704
[4]: 117.244080 117.078583
[4]: 122.166298 123.219727
[4]: 127.568001 128.845459
[4]: 137.165588 137.093811
[4]: 135.814301 133.075012
[4]: 118.045990 118.086906
[4]: 130.823212 129.906662
[4]: 73.078972 74.227898
[4]: 133.968918 133.324158
[4]: 138.848694 140.945679
[4]: 131.775955 131.868683
[4]: 129.926788 128.115768
[3]: 126.710548 129.667557
[3]: 129.086227 129.926086
[3]: 127.440765 127.448074
[3]: 60.809895 60.540619
[3]: 132.020996 131.771637
[3]: 127.535667 126.479179
[3]: 135.213043 135.141663
[3]: 129.550568 130.633560
[3]: 134.493057 135.352875
[3]: 126.385361 125.978561
[3]: 117.385986 119.108917
[3]: 126.108162 127.657806
[3]: 127.182068 128.203644
[3]: 131.937180 132.660767
[3]: 128.755035 129.234131
[3]: 130.342834 131.750046
[3]: 133.106522 132.714172
[3]: 158.586548 155.685638
[3]: 124.139610 124.603302
[3]: 124.249023 122.442459
[3]: 125.923134 124.990410
[3]: 137.915558 136.959061
[3]: 131.786880 132.554504
[3]: 130.675278 128.384995
[3]: 130.256363 129.326920
[3]: 120.827919 120.673088
[3]: 125.895660 128.321609
[3]: 129.539795 128.891006
[3]: 125.404167 125.635117
[3]: 65.178947 64.354279
[3]: 129.225616 128.957504
[3]: 121.585999 117.774368
[3]: 125.835335 124.986511
[3]: 121.580772 121.671371
[2]: 126.644127 127.894775
[2]: 137.242325 136.264862
[2]: 136.568771 137.254089
[2]: 111.661194 113.327965
[2]: 138.507050 139.689117
[2]: 126.540787 126.364342
[2]: 129.179733 130.981094
[2]: 127.947853 128.233978
[2]: 141.745712 143.741364
[2]: 138.018982 136.178146
[2]: 114.160431 114.198883
[2]: 128.368790 130.096924
[2]: 122.337135 122.856323
[2]: 140.231247 141.394409
[2]: 131.552185 131.694214
[2]: 125.197273 125.654327
[2]: 133.943146 135.343277
[2]: 67.283394 68.268845
[2]: 130.935013 129.859833
[2]: 117.375252 117.726288
[2]: 130.995453 129.149658
[2]: 145.245911 144.983566
[2]: 141.810303 140.783249
[2]: 137.978073 136.607025
[2]: 123.695000 122.202629
[2]: 115.393906 115.770721
[2]: 124.884781 127.232552
[2]: 140.504898 141.488953
[2]: 116.473007 117.123810
[2]: 185.817245 187.028641
[2]: 115.520851 115.487915
[2]: 116.681129 115.701958
[2]: 126.285385 126.823853
[2]: 118.820908 119.795769
[1]: 126.366615 124.435265
[1]: 127.050621 126.022057
[1]: 137.355026 136.218262
[1]: 196.367462 195.582352
[1]: 127.179146 128.496063
[1]: 127.643959 127.885963
[1]: 126.553688 126.182396
[1]: 125.954826 126.707695
[1]: 137.900467 139.348587
[1]: 128.353088 128.695145
[1]: 120.477180 120.969055
[1]: 130.719620 129.116302
[1]: 128.475082 129.162750
[1]: 133.318253 133.181931
[1]: 132.818451 133.151993
[1]: 118.734703 118.258011
[1]: 134.059250 134.611816
[1]: 190.745270 191.817841
[1]: 133.385971 132.786499
[1]: 123.134125 122.490532
[1]: 125.811836 125.744560
[1]: 136.615036 135.743011
[1]: 139.663635 140.021667
[1]: 133.426102 134.113419
[1]: 128.779495 129.365189
[1]: 119.297569 119.186768
[1]: 121.396240 122.164551
[1]: 135.035294 136.165558
[1]: 126.280075 127.482735
[1]: 132.873962 131.550781
[1]: 118.907631 119.676590
[1]: 116.219269 117.413986
[1]: 125.977760 126.122925
[1]: 129.029709 130.843796
[0]: 125.827446 124.891190
[0]: 117.037476 117.632103
[0]: 117.977600 117.247887
[0]: 92.652565 91.521843
[0]: 115.943398 115.437042
[0]: 129.153687 129.795883
[0]: 123.356308 121.578682
[0]: 124.122757 123.861870
[0]: 106.383186 103.972305
[0]: 119.406357 121.032570
[0]: 153.237946 151.454742
[0]: 125.530495 124.158813
[0]: 132.263611 131.248230
[0]: 105.933670 105.238052
[0]: 116.281189 117.011108
[0]: 129.971909 130.063766
[0]: 116.348297 116.268654
[0]: 155.394302 155.970764
[0]: 123.821587 124.307205
[0]: 140.080887 141.321823
[0]: 125.136024 127.129501
[0]: 103.405327 105.662453
[0]: 105.688660 105.882210
[0]: 110.118713 112.333275
[0]: 125.837097 126.447815
[0]: 147.454086 147.295670
[0]: 131.644211 128.576889
[0]: 113.934616 112.386185
[0]: 140.293930 138.924698
[0]: 186.740356 185.904358
[0]: 143.923508 143.981277
[0]: 144.845886 146.401062
[0]: 127.653862 127.767845
[0]: 138.604935 137.356873
