[4]: 133.486145 132.432159
[4]: 128.922348 126.836334
[4]: 123.531181 117.904129
[4]: 138.561066 173.930054
[4]: 127.664268 124.594322
[4]: 126.728546 126.765602
[4]: 127.716057 122.387993
[4]: 128.757019 126.389420
[4]: 125.020004 111.252876
[4]: 126.386185 123.659187
[4]: 122.040138 133.923080
[4]: 128.019501 128.397034
[4]: 127.029686 127.930695
[4]: 127.588264 122.162163
[4]: 130.797867 123.592026
[4]: 129.552780 132.753708
[4]: 122.710197 118.670052
[4]: 67.869591 67.263580
[4]: 126.642159 125.855522
[4]: 128.770782 131.628586
[4]: 126.885712 130.921097
[4]: 128.324326 113.843704
[4]: 126.096069 117.078583
[4]: 126.430847 123.219727
[4]: 129.000000 128.845459
[4]: 128.417084 137.093811
[4]: 131.619736 133.075012
[4]: 124.858635 118.086906
[4]: 127.187675 129.906662
[4]: 58.749313 74.227898
[4]: 128.288269 133.324158
[4]: 128.521378 140.945679
[4]: 128.490738 131.868683
[4]: 127.299042 128.115768
[3]: 129.121658 129.667557
[3]: 126.710052 129.926086
[3]: 128.057983 127.448074
[3]: 58.853878 60.540619
[3]: 131.005997 131.771637
[3]: 129.711197 126.479179
[3]: 127.174034 135.141663
[3]: 129.704300 130.633560
[3]: 128.332672 135.352875
[3]: 124.108185 125.978561
[3]: 126.848450 119.108917
[3]: 127.088837 127.657806
[3]: 126.722694 128.203644
[3]: 125.387535 132.660767
[3]: 125.760956 129.234131
[3]: 128.722321 131.750046
[3]: 127.986969 132.714172
[3]: 189.029694 155.685638
[3]: 125.999168 124.603302
[3]: 130.283752 122.442459
[3]: 126.821304 124.990410
[3]: 129.494385 136.959061
[3]: 126.279663 132.554504
[3]: 129.384979 128.384995
[3]: 129.275955 129.326920
[3]: 129.776535 120.673088
[3]: 125.060547 128.321609
[3]: 126.736496 128.891006
[3]: 129.085190 125.635117
[3]: 116.424957 64.354279
[3]: 130.443283 128.957504
[3]: 125.602951 117.774368
[3]: 127.688782 124.986511
[3]: 126.393860 121.671371
[2]: 122.740570 127.894775
[2]: 128.455734 136.264862
[2]: 127.196945 137.254089
[2]: 115.003120 113.327965
[2]: 128.080002 139.689117
[2]: 127.538788 126.364342
[2]: 126.704391 130.981094
[2]: 126.338730 128.233978
[2]: 126.872551 143.741364
[2]: 133.206116 136.178146
[2]: 132.710190 114.198883
[2]: 128.194778 130.096924
[2]: 129.764206 122.856323
[2]: 127.433060 141.394409
[2]: 123.123314 131.694214
[2]: 128.428604 125.654327
[2]: 129.938339 135.343277
[2]: 69.406944 68.268845
[2]: 127.369682 129.859833
[2]: 124.305412 117.726288
[2]: 131.403885 129.149658
[2]: 124.748917 144.983566
[2]: 128.057190 140.783249
[2]: 125.654778 136.607025
[2]: 122.736496 122.202629
[2]: 126.338028 115.770721
[2]: 126.297768 127.232552
[2]: 127.807640 141.488953
[2]: 126.523567 117.123810
[2]: 196.515793 187.028641
[2]: 128.312805 115.487915
[2]: 130.468338 115.701958
[2]: 126.312805 126.823853
[2]: 124.828979 119.795769
[1]: 126.236000 124.435265
[1]: 125.767883 126.022057
[1]: 130.790024 136.218262
[1]: 198.656906 195.582352
[1]: 125.946587 128.496063
[1]: 125.693497 127.885963
[1]: 127.837097 126.182396
[1]: 124.045448 126.707695
[1]: 128.271149 139.348587
[1]: 125.007706 128.695145
[1]: 128.614563 120.969055
[1]: 128.465454 129.116302
[1]: 127.851929 129.162750
[1]: 128.680740 133.181931
[1]: 128.763229 133.151993
[1]: 123.817093 118.258011
[1]: 130.281387 134.611816
[1]: 185.917969 191.817841
[1]: 130.165497 132.786499
[1]: 124.181030 122.490532
[1]: 125.153450 125.744560
[1]: 128.636642 135.743011
[1]: 130.092529 140.021667
[1]: 127.187569 134.113419
[1]: 128.085922 129.365189
[1]: 126.175270 119.186768
[1]: 128.409454 122.164551
[1]: 131.218002 136.165558
[1]: 127.837555 127.482735
[1]: 138.426163 131.550781
[1]: 125.091354 119.676590
[1]: 124.633865 117.413986
[1]: 127.498611 126.122925
[1]: 131.194244 130.843796
[0]: 0.020719 124.891190
[0]: 0.020758 117.632103
[0]: 0.021652 117.247887
[0]: 0.018085 91.521843
[0]: 0.020283 115.437042
[0]: 0.022175 129.795883
[0]: 0.021820 121.578682
[0]: 0.021731 123.861870
[0]: 0.018252 103.972305
[0]: 0.019675 121.032570
[0]: 0.028296 151.454742
[0]: 0.022809 124.158813
[0]: 0.023384 131.248230
[0]: 0.019326 105.238052
[0]: 0.018716 117.011108
[0]: 0.023058 130.063766
[0]: 0.020228 116.268654
[0]: 0.027699 155.970764
[0]: 0.021599 124.307205
[0]: 0.022797 141.321823
[0]: 0.020595 127.129501
[0]: 0.016080 105.662453
[0]: 0.019620 105.882210
[0]: 0.019072 112.333275
[0]: 0.021560 126.447815
[0]: 0.025220 147.295670
[0]: 0.024645 128.576889
[0]: 0.021552 112.386185
[0]: 0.025123 138.924698
[0]: 0.030586 185.904358
[0]: 0.024798 143.981277
[0]: 0.024548 146.401062
[0]: 0.020385 127.767845
[0]: 0.025815 137.356873
