[4]: 133.385773 132.432159
[4]: 129.043259 126.836334
[4]: 123.334801 117.904129
[4]: 139.063156 173.930054
[4]: 127.639938 124.594322
[4]: 127.200958 126.765602
[4]: 127.945648 122.387993
[4]: 128.974930 126.389420
[4]: 125.087463 111.252876
[4]: 126.583092 123.659187
[4]: 122.438599 133.923080
[4]: 127.689827 128.397034
[4]: 127.243698 127.930695
[4]: 127.410782 122.162163
[4]: 130.754074 123.592026
[4]: 129.419006 132.753708
[4]: 122.601082 118.670052
[4]: 67.851997 67.263580
[4]: 126.431770 125.855522
[4]: 128.676300 131.628586
[4]: 126.939140 130.921097
[4]: 128.170395 113.843704
[4]: 126.045425 117.078583
[4]: 126.285866 123.219727
[4]: 128.807083 128.845459
[4]: 128.360199 137.093811
[4]: 131.398285 133.075012
[4]: 124.507812 118.086906
[4]: 127.314384 129.906662
[4]: 58.717510 74.227898
[4]: 128.033432 133.324158
[4]: 128.726700 140.945679
[4]: 128.782272 131.868683
[4]: 127.466988 128.115768
[3]: 129.409760 129.667557
[3]: 126.513000 129.926086
[3]: 128.035706 127.448074
[3]: 58.888008 60.540619
[3]: 130.819839 131.771637
[3]: 129.433777 126.479179
[3]: 127.418831 135.141663
[3]: 129.561813 130.633560
[3]: 128.476837 135.352875
[3]: 124.198746 125.978561
[3]: 126.681595 119.108917
[3]: 126.923851 127.657806
[3]: 126.727272 128.203644
[3]: 125.418320 132.660767
[3]: 125.764839 129.234131
[3]: 128.707657 131.750046
[3]: 128.110077 132.714172
[3]: 189.024658 155.685638
[3]: 125.839836 124.603302
[3]: 130.547302 122.442459
[3]: 126.921616 124.990410
[3]: 129.743942 136.959061
[3]: 126.294258 132.554504
[3]: 129.132889 128.384995
[3]: 129.216385 129.326920
[3]: 129.893890 120.673088
[3]: 125.258224 128.321609
[3]: 126.623199 128.891006
[3]: 129.184753 125.635117
[3]: 116.146233 64.354279
[3]: 130.638733 128.957504
[3]: 125.203987 117.774368
[3]: 127.475433 124.986511
[3]: 126.575928 121.671371
[2]: 123.096542 127.894775
[2]: 128.202744 136.264862
[2]: 127.393349 137.254089
[2]: 114.576508 113.327965
[2]: 128.234802 139.689117
[2]: 127.076317 126.364342
[2]: 126.485565 130.981094
[2]: 126.015327 128.233978
[2]: 126.592087 143.741364
[2]: 132.884888 136.178146
[2]: 132.519333 114.198883
[2]: 128.468201 130.096924
[2]: 129.694794 122.856323
[2]: 127.687675 141.394409
[2]: 123.092850 131.694214
[2]: 128.372482 125.654327
[2]: 129.991791 135.343277
[2]: 69.377197 68.268845
[2]: 127.384003 129.859833
[2]: 124.220490 117.726288
[2]: 131.462860 129.149658
[2]: 124.975578 144.983566
[2]: 128.238876 140.783249
[2]: 125.930740 136.607025
[2]: 122.863014 122.202629
[2]: 126.350296 115.770721
[2]: 126.204399 127.232552
[2]: 128.119247 141.488953
[2]: 126.414017 117.123810
[2]: 196.379288 187.028641
[2]: 128.405884 115.487915
[2]: 130.282181 115.701958
[2]: 126.200394 126.823853
[2]: 124.791466 119.795769
[1]: 125.708290 124.435265
[1]: 126.095749 126.022057
[1]: 130.810455 136.218262
[1]: 198.556290 195.582352
[1]: 126.001167 128.496063
[1]: 125.963165 127.885963
[1]: 127.581215 126.182396
[1]: 124.310608 126.707695
[1]: 128.343170 139.348587
[1]: 125.039879 128.695145
[1]: 128.549301 120.969055
[1]: 128.682266 129.116302
[1]: 127.697678 129.162750
[1]: 128.566711 133.181931
[1]: 128.847412 133.151993
[1]: 124.021233 118.258011
[1]: 130.201859 134.611816
[1]: 185.980713 191.817841
[1]: 130.518219 132.786499
[1]: 124.106102 122.490532
[1]: 124.934746 125.744560
[1]: 128.317413 135.743011
[1]: 129.942062 140.021667
[1]: 127.309708 134.113419
[1]: 128.227676 129.365189
[1]: 126.101570 119.186768
[1]: 128.531555 122.164551
[1]: 131.372437 136.165558
[1]: 127.714188 127.482735
[1]: 138.662918 131.550781
[1]: 125.066353 119.676590
[1]: 125.010231 117.413986
[1]: 127.539650 126.122925
[1]: 130.878754 130.843796
[0]: 2.000000 124.891190
[0]: 238.000000 117.632103
[0]: 67.000000 117.247887
[0]: 43.000000 91.521843
[0]: 156.000000 115.437042
[0]: 168.000000 129.795883
[0]: 112.000000 121.578682
[0]: 5.000000 123.861870
[0]: 74.000000 103.972305
[0]: 4.000000 121.032570
[0]: 252.000000 151.454742
[0]: 220.000000 124.158813
[0]: 106.000000 131.248230
[0]: 176.000000 105.238052
[0]: 98.000000 117.011108
[0]: 219.000000 130.063766
[0]: 132.000000 116.268654
[0]: 254.000000 155.970764
[0]: 217.000000 124.307205
[0]: 101.000000 141.321823
[0]: 65.000000 127.129501
[0]: 93.000000 105.662453
[0]: 105.000000 105.882210
[0]: 151.000000 112.333275
[0]: 60.000000 126.447815
[0]: 190.000000 147.295670
[0]: 192.000000 128.576889
[0]: 38.000000 112.386185
[0]: 235.000000 138.924698
[0]: 232.000000 185.904358
[0]: 3.000000 143.981277
[0]: 215.000000 146.401062
[0]: 82.000000 127.767845
[0]: 665719930880.000000 137.356873
