[19]: 2001  8  3  0  8 KIRK        7.1  79.2  151  183 1986 11 26 12 21 OSCAR       7.3   3.7   96  435
[18]: 1951  6 22  0  6 GORDON      7.0  79.7   49  296 1976  7 18  0 20 ISAAC       7.0   6.5   30   85
[17]: 1959  7  1  6 14 OSCAR       7.1  79.8   60  548 1988  4 10 18 10 PATTY       7.4   5.5   93  228
[16]: 1951  6 22  0  6 GORDON      7.0  79.7   49  296 1988 10 22  0  7 BERYL       7.3  79.3   23  784
[15]: 1983  8 12 18 18 GORDON      7.1  80.3   39  200 1988 10 22  0  7 BERYL       7.3  79.3   23  784
[14]: 1967  5 26  0  9 KIRK        7.0  79.1   74  461 1983  2 26 12 19 CHRIS       7.2  81.4  111  442
[13]: 2001  8  3  0  8 KIRK        7.1  79.2  151  183 1988 10 22  0  7 BERYL       7.3  79.3   23  784
[12]: 1983  8 12 18 18 GORDON      7.1  80.3   39  200 1995  1 14  0 16 MICHAEL     7.0   6.4   23  493
[11]: 2001  8  3  0  8 KIRK        7.1  79.2  151  183 1956 12 27  0 26 RAFAEL      7.2  78.8  130  613
[10]: 1967  5 26  0  9 KIRK        7.0  79.1   74  461 1991  6  4  0  9 MICHAEL     7.7  78.9   25  860
[9]: 1967  5 26  0  9 KIRK        7.0  79.1   74  461 1991  6  4  0  9 MICHAEL     7.7  78.9   25  860
[8]: 1997 10 25 18 27 FLORENCE    7.1  79.6  113  616 1956 12 27  0 26 RAFAEL      7.2  78.8  130  613
[7]: 1960  6  5 18  1 TONY        7.1  80.4  106  505 1984  4 10  0  9 ALBERTO     7.5   6.0  115  292
[6]: 1983  8 12 18 18 GORDON      7.1  80.3   39  200 1996  3 25  0 25 GORDON      7.3   6.0   74  683
[3]: 1955  3 17 12 16 MICHAEL     7.2  80.1   94  796 1973  3 18  6  3 PATTY       7.5   6.2   35  777
[2]: 1959  7  1  6 14 OSCAR       7.1  79.8   60  548 2004  4  7  0 27 DEBBY      32.1  47.9  154   63
[1]: 1951  6 22  0  6 GORDON      7.0  79.7   49  296 1956 12 27  0 26 RAFAEL      7.2  78.8  130  613
[0]: 1959  7  1  6 14 OSCAR       7.1  79.8   60  548 1995  8 20  6  7 GORDON      7.8   4.8   26  754
