[4]: 133.326080 132.432159
[4]: 125.256218 126.836334
[4]: 117.448067 117.904129
[4]: 174.598663 173.930054
[4]: 126.875389 124.594322
[4]: 126.387589 126.765602
[4]: 121.697609 122.387993
[4]: 128.298492 126.389420
[4]: 113.666931 111.252876
[4]: 122.793610 123.659187
[4]: 135.531906 133.923080
[4]: 129.282288 128.397034
[4]: 129.480087 127.930695
[4]: 123.078438 122.162163
[4]: 125.162201 123.592026
[4]: 134.192795 132.753708
[4]: 120.423271 118.670052
[4]: 67.601128 67.263580
[4]: 125.042122 125.855522
[4]: 131.182236 131.628586
[4]: 130.651428 130.921097
[4]: 113.894379 113.843704
[4]: 117.459908 117.078583
[4]: 122.435349 123.219727
[4]: 128.007477 128.845459
[4]: 137.211639 137.093811
[4]: 135.528091 133.075012
[4]: 118.265282 118.086906
[4]: 130.517044 129.906662
[4]: 73.903519 74.227898
[4]: 134.337921 133.324158
[4]: 139.605347 140.945679
[4]: 132.143051 131.868683
[4]: 130.397842 128.115768
[3]: 127.567490 129.667557
[3]: 129.849609 129.926086
[3]: 127.203491 127.448074
[3]: 60.745056 60.540619
[3]: 131.704575 131.771637
[3]: 127.144867 126.479179
[3]: 135.510361 135.141663
[3]: 129.145416 130.633560
[3]: 134.567566 135.352875
[3]: 126.402924 125.978561
[3]: 117.338234 119.108917
[3]: 126.703880 127.657806
[3]: 127.101196 128.203644
[3]: 131.665894 132.660767
[3]: 128.069977 129.234131
[3]: 131.600739 131.750046
[3]: 133.093567 132.714172
[3]: 156.504440 155.685638
[3]: 124.284058 124.603302
[3]: 123.244278 122.442459
[3]: 125.740852 124.990410
[3]: 136.940994 136.959061
[3]: 131.097534 132.554504
[3]: 130.005997 128.384995
[3]: 129.614426 129.326920
[3]: 120.810287 120.673088
[3]: 126.436630 128.321609
[3]: 129.240540 128.891006
[3]: 126.154991 125.635117
[3]: 64.095749 64.354279
[3]: 129.478439 128.957504
[3]: 120.992058 117.774368
[3]: 125.496574 124.986511
[3]: 121.589912 121.671371
[2]: 126.202736 127.894775
[2]: 137.372375 136.264862
[2]: 136.179504 137.254089
[2]: 111.464516 113.327965
[2]: 137.913742 139.689117
[2]: 126.366165 126.364342
[2]: 129.870468 130.981094
[2]: 127.472786 128.233978
[2]: 141.038116 143.741364
[2]: 137.605591 136.178146
[2]: 113.766388 114.198883
[2]: 128.982178 130.096924
[2]: 122.064293 122.856323
[2]: 140.489014 141.394409
[2]: 131.645691 131.694214
[2]: 125.475571 125.654327
[2]: 133.376984 135.343277
[2]: 67.391472 68.268845
[2]: 130.727325 129.859833
[2]: 117.257477 117.726288
[2]: 130.124680 129.149658
[2]: 145.349380 144.983566
[2]: 141.349213 140.783249
[2]: 137.686035 136.607025
[2]: 123.525223 122.202629
[2]: 116.292885 115.770721
[2]: 125.482971 127.232552
[2]: 140.402847 141.488953
[2]: 116.673775 117.123810
[2]: 186.201462 187.028641
[2]: 115.781273 115.487915
[2]: 116.278641 115.701958
[2]: 126.287239 126.823853
[2]: 118.025940 119.795769
[1]: 126.574615 124.435265
[1]: 126.990059 126.022057
[1]: 137.162338 136.218262
[1]: 195.471268 195.582352
[1]: 127.436569 128.496063
[1]: 127.788429 127.885963
[1]: 126.389053 126.182396
[1]: 126.235168 126.707695
[1]: 138.406982 139.348587
[1]: 128.839447 128.695145
[1]: 120.359940 120.969055
[1]: 129.979736 129.116302
[1]: 128.654968 129.162750
[1]: 133.654816 133.181931
[1]: 132.872742 133.151993
[1]: 117.911491 118.258011
[1]: 134.198914 134.611816
[1]: 191.048294 191.817841
[1]: 133.552246 132.786499
[1]: 123.421661 122.490532
[1]: 126.244873 125.744560
[1]: 136.891312 135.743011
[1]: 140.082458 140.021667
[1]: 133.684479 134.113419
[1]: 128.977798 129.365189
[1]: 119.044334 119.186768
[1]: 120.964211 122.164551
[1]: 135.618484 136.165558
[1]: 126.103493 127.482735
[1]: 132.695190 131.550781
[1]: 119.059708 119.676590
[1]: 115.855515 117.413986
[1]: 126.049843 126.122925
[1]: 129.191772 130.843796
[0]: 125.706787 124.891190
[0]: 117.068314 117.632103
[0]: 117.971695 117.247887
[0]: 92.443428 91.521843
[0]: 116.003273 115.437042
[0]: 129.592010 129.795883
[0]: 122.822250 121.578682
[0]: 124.756088 123.861870
[0]: 105.888672 103.972305
[0]: 119.718407 121.032570
[0]: 153.065643 151.454742
[0]: 124.468895 124.158813
[0]: 132.238663 131.248230
[0]: 105.568954 105.238052
[0]: 116.842125 117.011108
[0]: 129.316010 130.063766
[0]: 116.377869 116.268654
[0]: 156.380371 155.970764
[0]: 123.704292 124.307205
[0]: 140.552704 141.321823
[0]: 124.996475 127.129501
[0]: 103.681755 105.662453
[0]: 106.132500 105.882210
[0]: 110.533600 112.333275
[0]: 126.036476 126.447815
[0]: 146.843765 147.295670
[0]: 131.269730 128.576889
[0]: 113.385788 112.386185
[0]: 139.817596 138.924698
[0]: 186.342941 185.904358
[0]: 142.862167 143.981277
[0]: 145.649750 146.401062
[0]: 127.592873 127.767845
[0]: 138.790588 137.356873
