[19]: 2000 10 11  0 20 OSCAR       7.1   4.6   65  547 1979  7  8  0 19 SANDY       7.4   5.3   56  583
[18]: 2000 10 11  0 20 OSCAR       7.1   4.6   65  547 1976  7 18  0 20 ISAAC       7.0   6.5   30   85
[17]: 1994  7  1 18 28 RAFAEL      7.0   5.1   47  135 1988  4 10 18 10 PATTY       7.4   5.5   93  228
[16]: 1989  9  9  6 13 CHRIS       7.0   4.6   21  602 1973 11 22  0 15 VALERIE     7.2   3.8   45  775
[14]: 1978 12  1  6  4 ALBERTO     7.1   4.7   21  674 1993  1 18  0 27 VALERIE     7.3   5.2   66  431
[13]: 1994  7  1 18 28 RAFAEL      7.0   5.1   47  135 2000  7 28  0 28 PATTY       7.0   6.2   37  236
[12]: 1994  7  1 18 28 RAFAEL      7.0   5.1   47  135 1995  1 14  0 16 MICHAEL     7.0   6.4   23  493
[10]: 1995  5 22  6 14 ERNESTO     7.1   4.9   53  190 1950  2  7 12 25 SANDY       7.4   5.1   15  258
[9]: 1989  9  9  6 13 CHRIS       7.0   4.6   21  602 1988  7 22  6 25 GORDON      7.2   5.9   21  869
[7]: 1978 12  1  6  4 ALBERTO     7.1   4.7   21  674 1968  2 23  0 28 FLORENCE    7.1   3.8   92  430
[6]: 1989  9  9  6 13 CHRIS       7.0   4.6   21  602 1961  9 20 18  5 ISAAC       7.3   4.7  142   35
[2]: 1995  5 22  6 14 ERNESTO     7.1   4.9   53  190 2004 12 28  0  1 PATTY       7.1   6.1   94  198
[1]: 2000 10 11  0 20 OSCAR       7.1   4.6   65  547 1964  2 21  0  1 OSCAR       7.4   5.1  110  629
[0]: 1995  5 22  6 14 ERNESTO     7.1   4.9   53  190 1951  2 23  6 16 HELENE      7.4   5.7   39  591
