[4]: 89.290947 132.432159
[4]: 128.597961 126.836334
[4]: 126.773705 117.904129
[4]: 174.537140 173.930054
[4]: 129.900162 124.594322
[4]: 129.022873 126.765602
[4]: 128.008560 122.387993
[4]: 127.722153 126.389420
[4]: 129.304321 111.252876
[4]: 129.450546 123.659187
[4]: 127.618988 133.923080
[4]: 129.502304 128.397034
[4]: 126.358566 127.930695
[4]: 130.626358 122.162163
[4]: 126.337036 123.592026
[4]: 131.584854 132.753708
[4]: 126.567093 118.670052
[4]: 61.272392 67.263580
[4]: 125.248459 125.855522
[4]: 127.319481 131.628586
[4]: 129.604752 130.921097
[4]: 129.343979 113.843704
[4]: 129.103302 117.078583
[4]: 130.184875 123.219727
[4]: 127.122993 128.845459
[4]: 126.339165 137.093811
[4]: 126.703674 133.075012
[4]: 128.876083 118.086906
[4]: 124.439209 129.906662
[4]: 125.469872 74.227898
[4]: 126.414429 133.324158
[4]: 170.505905 140.945679
[4]: 128.976486 131.868683
[4]: 122.661263 128.115768
[3]: 170.373077 129.667557
[3]: 127.792809 129.926086
[3]: 127.073822 127.448074
[3]: 87.805328 60.540619
[3]: 129.050247 131.771637
[3]: 128.766296 126.479179
[3]: 129.790833 135.141663
[3]: 127.083931 130.633560
[3]: 127.242935 135.352875
[3]: 126.179726 125.978561
[3]: 124.360550 119.108917
[3]: 128.187119 127.657806
[3]: 127.769081 128.203644
[3]: 128.316910 132.660767
[3]: 127.564819 129.234131
[3]: 131.012299 131.750046
[3]: 128.114990 132.714172
[3]: 126.097992 155.685638
[3]: 127.084518 124.603302
[3]: 126.130363 122.442459
[3]: 127.261093 124.990410
[3]: 127.733780 136.959061
[3]: 126.699135 132.554504
[3]: 127.350960 128.384995
[3]: 129.281387 129.326920
[3]: 123.674088 120.673088
[3]: 128.077347 128.321609
[3]: 127.757874 128.891006
[3]: 127.498611 125.635117
[3]: 58.195545 64.354279
[3]: 130.012009 128.957504
[3]: 82.315147 117.774368
[3]: 127.747032 124.986511
[3]: 125.904350 121.671371
[2]: 168.338348 127.894775
[2]: 129.849121 136.264862
[2]: 131.678360 137.254089
[2]: 95.619270 113.327965
[2]: 130.133499 139.689117
[2]: 127.149399 126.364342
[2]: 134.436020 130.981094
[2]: 133.752945 128.233978
[2]: 138.358307 143.741364
[2]: 133.662476 136.178146
[2]: 116.051483 114.198883
[2]: 132.681931 130.096924
[2]: 133.497101 122.856323
[2]: 139.308060 141.394409
[2]: 134.148483 131.694214
[2]: 130.014404 125.654327
[2]: 134.670166 135.343277
[2]: 125.365334 68.268845
[2]: 127.099075 129.859833
[2]: 119.472107 117.726288
[2]: 127.318489 129.149658
[2]: 134.119675 144.983566
[2]: 134.834717 140.783249
[2]: 142.785629 136.607025
[2]: 128.447189 122.202629
[2]: 121.571846 115.770721
[2]: 120.049248 127.232552
[2]: 130.450012 141.488953
[2]: 121.321800 117.123810
[2]: 186.739609 187.028641
[2]: 119.744659 115.487915
[2]: 72.767586 115.701958
[2]: 137.102463 126.823853
[2]: 116.512665 119.795769
[1]: 83.745514 124.435265
[1]: 128.211288 126.022057
[1]: 132.530792 136.218262
[1]: 177.309021 195.582352
[1]: 128.572296 128.496063
[1]: 126.033752 127.885963
[1]: 130.919098 126.182396
[1]: 128.675751 126.707695
[1]: 132.441025 139.348587
[1]: 129.342117 128.695145
[1]: 120.559708 120.969055
[1]: 127.445053 129.116302
[1]: 131.425293 129.162750
[1]: 130.951538 133.181931
[1]: 131.422653 133.151993
[1]: 124.899117 118.258011
[1]: 133.744568 134.611816
[1]: 191.312180 191.817841
[1]: 129.532257 132.786499
[1]: 121.566147 122.490532
[1]: 124.125999 125.744560
[1]: 130.478149 135.743011
[1]: 130.495941 140.021667
[1]: 134.126297 134.113419
[1]: 130.535172 129.365189
[1]: 123.702538 119.186768
[1]: 124.363060 122.164551
[1]: 129.556412 136.165558
[1]: 127.642944 127.482735
[1]: 119.031624 131.550781
[1]: 126.013542 119.676590
[1]: 162.181717 117.413986
[1]: 130.679626 126.122925
[1]: 126.121529 130.843796
[0]: 136.805496 124.891190
[0]: 120.887665 117.632103
[0]: 115.183479 117.247887
[0]: 81.197281 91.521843
[0]: 120.937988 115.437042
[0]: 125.349808 129.795883
[0]: 107.686928 121.578682
[0]: 115.653526 123.861870
[0]: 100.280785 103.972305
[0]: 113.178360 121.032570
[0]: 158.385437 151.454742
[0]: 119.485970 124.158813
[0]: 117.235474 131.248230
[0]: 98.595192 105.238052
[0]: 111.575485 117.011108
[0]: 117.319305 130.063766
[0]: 110.414047 116.268654
[0]: 141.558563 155.970764
[0]: 129.360840 124.307205
[0]: 145.470718 141.321823
[0]: 130.460815 127.129501
[0]: 112.875084 105.662453
[0]: 112.625359 105.882210
[0]: 90.522041 112.333275
[0]: 117.893677 126.447815
[0]: 150.152527 147.295670
[0]: 145.076599 128.576889
[0]: 118.832886 112.386185
[0]: 141.499222 138.924698
[0]: 169.205750 185.904358
[0]: 141.868179 143.981277
[0]: 148.186371 146.401062
[0]: 107.033958 127.767845
[0]: 153.813736 137.356873
