[4]: 132.432159 132.823059
[4]: 126.836334 126.710838
[4]: 117.904129 117.964470
[4]: 173.930054 174.687531
[4]: 124.594322 124.692680
[4]: 126.765602 126.708542
[4]: 122.387993 122.309303
[4]: 126.389420 126.202477
[4]: 111.252876 111.450554
[4]: 123.659187 123.379807
[4]: 133.923080 134.160919
[4]: 128.397034 128.784683
[4]: 127.930695 127.959473
[4]: 122.162163 121.874138
[4]: 123.592026 123.483467
[4]: 132.753708 132.964386
[4]: 118.670052 118.699181
[4]: 67.263580 67.551193
[4]: 125.855522 125.605835
[4]: 131.628586 131.237534
[4]: 130.921097 130.805618
[4]: 113.843704 113.688797
[4]: 117.078583 117.199463
[4]: 123.219727 123.375839
[4]: 128.845459 128.859390
[4]: 137.093811 136.946228
[4]: 133.075012 133.502106
[4]: 118.086906 118.245377
[4]: 129.906662 129.779129
[4]: 74.227898 74.610275
[4]: 133.324158 133.436203
[4]: 140.945679 140.607971
[4]: 131.868683 132.314697
[4]: 128.115768 128.336502
[3]: 129.667557 129.419464
[3]: 129.926086 129.879990
[3]: 127.448074 127.289017
[3]: 60.540619 60.506699
[3]: 131.771637 131.558258
[3]: 126.479179 127.264015
[3]: 135.141663 135.142761
[3]: 130.633560 131.048447
[3]: 135.352875 134.875473
[3]: 125.978561 125.922508
[3]: 119.108917 118.844162
[3]: 127.657806 127.462379
[3]: 128.203644 127.738785
[3]: 132.660767 132.856384
[3]: 129.234131 129.485596
[3]: 131.750046 131.590881
[3]: 132.714172 132.341827
[3]: 155.685638 154.931625
[3]: 124.603302 124.006935
[3]: 122.442459 123.120018
[3]: 124.990410 125.323364
[3]: 136.959061 137.025864
[3]: 132.554504 132.346802
[3]: 128.384995 128.808411
[3]: 129.326920 128.963318
[3]: 120.673088 120.674301
[3]: 128.321609 128.254364
[3]: 128.891006 128.894241
[3]: 125.635117 126.186523
[3]: 64.354279 63.909111
[3]: 128.957504 129.417831
[3]: 117.774368 118.323051
[3]: 124.986511 124.775703
[3]: 121.671371 122.010674
[2]: 127.894775 127.589249
[2]: 136.264862 136.565216
[2]: 137.254089 137.417465
[2]: 113.327965 113.084496
[2]: 139.689117 139.556580
[2]: 126.364342 125.960464
[2]: 130.981094 130.967407
[2]: 128.233978 128.013901
[2]: 143.741364 143.698990
[2]: 136.178146 136.004150
[2]: 114.198883 114.501396
[2]: 130.096924 129.254852
[2]: 122.856323 122.533821
[2]: 141.394409 141.513290
[2]: 131.694214 131.925888
[2]: 125.654327 125.439178
[2]: 135.343277 134.811752
[2]: 68.268845 68.265312
[2]: 129.859833 130.405472
[2]: 117.726288 117.516655
[2]: 129.149658 129.913345
[2]: 144.983566 145.190964
[2]: 140.783249 140.471695
[2]: 136.607025 137.387268
[2]: 122.202629 122.185844
[2]: 115.770721 115.918221
[2]: 127.232552 126.408195
[2]: 141.488953 140.853607
[2]: 117.123810 117.024757
[2]: 187.028641 187.018616
[2]: 115.487915 115.424568
[2]: 115.701958 116.285522
[2]: 126.823853 126.421692
[2]: 119.795769 119.217957
[1]: 124.435265 124.509590
[1]: 126.022057 126.240219
[1]: 136.218262 136.104446
[1]: 195.582352 195.335617
[1]: 128.496063 128.774200
[1]: 127.885963 127.557915
[1]: 126.182396 126.349182
[1]: 126.707695 126.939674
[1]: 139.348587 139.302414
[1]: 128.695145 128.983475
[1]: 120.969055 121.050507
[1]: 129.116302 128.813095
[1]: 129.162750 129.001633
[1]: 133.181931 133.361267
[1]: 133.151993 133.201950
[1]: 118.258011 118.396957
[1]: 134.611816 135.040604
[1]: 191.817841 191.974594
[1]: 132.786499 133.187057
[1]: 122.490532 122.517151
[1]: 125.744560 125.223541
[1]: 135.743011 135.870621
[1]: 140.021667 139.921051
[1]: 134.113419 133.690018
[1]: 129.365189 129.423462
[1]: 119.186768 118.963524
[1]: 122.164551 121.751129
[1]: 136.165558 136.156982
[1]: 127.482735 127.107407
[1]: 131.550781 131.613647
[1]: 119.676590 119.460953
[1]: 117.413986 117.361809
[1]: 126.122925 126.173035
[1]: 130.843796 130.369675
[0]: 124.891190 124.986839
[0]: 117.632103 117.265724
[0]: 117.247887 117.317604
[0]: 91.521843 91.342224
[0]: 115.437042 115.411964
[0]: 129.795883 129.787521
[0]: 121.578682 121.488800
[0]: 123.861870 123.586494
[0]: 103.972305 104.387436
[0]: 121.032570 121.277176
[0]: 151.454742 151.069656
[0]: 124.158813 125.192390
[0]: 131.248230 132.242386
[0]: 105.238052 105.020851
[0]: 117.011108 116.552139
[0]: 130.063766 130.083420
[0]: 116.268654 116.746498
[0]: 155.970764 156.197357
[0]: 124.307205 124.213417
[0]: 141.321823 141.189148
[0]: 127.129501 126.648376
[0]: 105.662453 105.402649
[0]: 105.882210 106.432480
[0]: 112.333275 111.339485
[0]: 126.447815 126.777519
[0]: 147.295670 147.535126
[0]: 128.576889 129.525986
[0]: 112.386185 112.915215
[0]: 138.924698 138.963852
[0]: 185.904358 186.054962
[0]: 143.981277 143.643768
[0]: 146.401062 145.594620
[0]: 127.767845 127.897011
[0]: 137.356873 137.881622
