[4]: 133.564636 132.432159
[4]: 126.213181 126.836334
[4]: 117.105560 117.904129
[4]: 172.810211 173.930054
[4]: 126.424782 124.594322
[4]: 126.202431 126.765602
[4]: 122.174461 122.387993
[4]: 127.559105 126.389420
[4]: 113.146019 111.252876
[4]: 123.330910 123.659187
[4]: 134.841110 133.923080
[4]: 128.927383 128.397034
[4]: 129.020233 127.930695
[4]: 122.637482 122.162163
[4]: 124.987198 123.592026
[4]: 134.266281 132.753708
[4]: 120.092522 118.670052
[4]: 67.208755 67.263580
[4]: 125.378159 125.855522
[4]: 130.607849 131.628586
[4]: 129.808319 130.921097
[4]: 113.597267 113.843704
[4]: 117.014778 117.078583
[4]: 121.867889 123.219727
[4]: 127.711441 128.845459
[4]: 136.621445 137.093811
[4]: 135.406296 133.075012
[4]: 118.096634 118.086906
[4]: 130.584549 129.906662
[4]: 73.159294 74.227898
[4]: 134.416397 133.324158
[4]: 139.191299 140.945679
[4]: 132.068192 131.868683
[4]: 129.839920 128.115768
[3]: 126.807755 129.667557
[3]: 129.155670 129.926086
[3]: 127.150444 127.448074
[3]: 60.900639 60.540619
[3]: 132.282242 131.771637
[3]: 127.547577 126.479179
[3]: 135.087814 135.141663
[3]: 129.870850 130.633560
[3]: 134.399933 135.352875
[3]: 126.138123 125.978561
[3]: 117.221573 119.108917
[3]: 126.227890 127.657806
[3]: 127.284119 128.203644
[3]: 132.157227 132.660767
[3]: 128.834427 129.234131
[3]: 130.395798 131.750046
[3]: 132.893539 132.714172
[3]: 158.623611 155.685638
[3]: 123.969269 124.603302
[3]: 124.138588 122.442459
[3]: 125.786461 124.990410
[3]: 137.780930 136.959061
[3]: 131.844101 132.554504
[3]: 130.734283 128.384995
[3]: 130.136414 129.326920
[3]: 121.089531 120.673088
[3]: 126.135391 128.321609
[3]: 129.652161 128.891006
[3]: 125.576118 125.635117
[3]: 65.165886 64.354279
[3]: 129.204498 128.957504
[3]: 121.377480 117.774368
[3]: 125.722588 124.986511
[3]: 121.562004 121.671371
[2]: 126.801117 127.894775
[2]: 137.178375 136.264862
[2]: 136.589783 137.254089
[2]: 111.562904 113.327965
[2]: 138.561310 139.689117
[2]: 126.605583 126.364342
[2]: 128.949265 130.981094
[2]: 128.328354 128.233978
[2]: 141.762741 143.741364
[2]: 137.757401 136.178146
[2]: 114.046829 114.198883
[2]: 128.575516 130.096924
[2]: 122.519188 122.856323
[2]: 140.504913 141.394409
[2]: 131.572311 131.694214
[2]: 125.473557 125.654327
[2]: 133.773438 135.343277
[2]: 67.249146 68.268845
[2]: 130.761230 129.859833
[2]: 117.337532 117.726288
[2]: 130.981567 129.149658
[2]: 145.196014 144.983566
[2]: 141.972473 140.783249
[2]: 138.222733 136.607025
[2]: 123.766891 122.202629
[2]: 115.684166 115.770721
[2]: 125.390106 127.232552
[2]: 140.476181 141.488953
[2]: 116.659752 117.123810
[2]: 185.813400 187.028641
[2]: 115.482246 115.487915
[2]: 116.719429 115.701958
[2]: 126.187798 126.823853
[2]: 118.828636 119.795769
[1]: 126.551750 124.435265
[1]: 126.868652 126.022057
[1]: 137.166733 136.218262
[1]: 196.399414 195.582352
[1]: 127.093475 128.496063
[1]: 127.779686 127.885963
[1]: 126.770897 126.182396
[1]: 126.310600 126.707695
[1]: 138.276230 139.348587
[1]: 128.589233 128.695145
[1]: 120.637527 120.969055
[1]: 130.325302 129.116302
[1]: 128.580612 129.162750
[1]: 133.587601 133.181931
[1]: 132.684967 133.151993
[1]: 118.477722 118.258011
[1]: 133.994324 134.611816
[1]: 190.570969 191.817841
[1]: 133.227234 132.786499
[1]: 123.436661 122.490532
[1]: 126.084221 125.744560
[1]: 136.707520 135.743011
[1]: 139.816391 140.021667
[1]: 133.611328 134.113419
[1]: 128.977676 129.365189
[1]: 119.547943 119.186768
[1]: 121.583481 122.164551
[1]: 135.204758 136.165558
[1]: 126.433006 127.482735
[1]: 132.763428 131.550781
[1]: 118.393730 119.676590
[1]: 115.903801 117.413986
[1]: 125.622673 126.122925
[1]: 129.202347 130.843796
[0]: 125.624100 124.891190
[0]: 117.185844 117.632103
[0]: 118.064499 117.247887
[0]: 92.744843 91.521843
[0]: 115.585052 115.437042
[0]: 129.103714 129.795883
[0]: 123.399635 121.578682
[0]: 123.752411 123.861870
[0]: 106.172775 103.972305
[0]: 119.600365 121.032570
[0]: 153.202621 151.454742
[0]: 125.433434 124.158813
[0]: 132.100708 131.248230
[0]: 105.658066 105.238052
[0]: 116.518318 117.011108
[0]: 129.883301 130.063766
[0]: 116.846832 116.268654
[0]: 155.519608 155.970764
[0]: 124.039047 124.307205
[0]: 140.014877 141.321823
[0]: 125.100616 127.129501
[0]: 103.630287 105.662453
[0]: 105.557793 105.882210
[0]: 109.934814 112.333275
[0]: 125.515907 126.447815
[0]: 147.147324 147.295670
[0]: 131.078003 128.576889
[0]: 113.612831 112.386185
[0]: 139.972916 138.924698
[0]: 186.672089 185.904358
[0]: 144.043686 143.981277
[0]: 144.996735 146.401062
[0]: 127.965340 127.767845
[0]: 138.505844 137.356873
