[4]: 133.065872 132.432159
[4]: 126.921761 126.836334
[4]: 117.933731 117.904129
[4]: 173.571625 173.930054
[4]: 124.824333 124.594322
[4]: 126.797783 126.765602
[4]: 122.254852 122.387993
[4]: 126.314629 126.389420
[4]: 111.503922 111.252876
[4]: 123.859848 123.659187
[4]: 133.479263 133.923080
[4]: 128.388580 128.397034
[4]: 128.252167 127.930695
[4]: 121.936188 122.162163
[4]: 123.794449 123.592026
[4]: 133.185410 132.753708
[4]: 118.826714 118.670052
[4]: 67.008400 67.263580
[4]: 125.542053 125.855522
[4]: 131.896393 131.628586
[4]: 130.619980 130.921097
[4]: 113.745148 113.843704
[4]: 117.489182 117.078583
[4]: 123.222908 123.219727
[4]: 128.704407 128.845459
[4]: 137.370987 137.093811
[4]: 133.474121 133.075012
[4]: 118.084663 118.086906
[4]: 130.345459 129.906662
[4]: 74.027901 74.227898
[4]: 133.452240 133.324158
[4]: 140.053741 140.945679
[4]: 132.027664 131.868683
[4]: 128.131027 128.115768
[3]: 129.155334 129.667557
[3]: 129.878448 129.926086
[3]: 127.262367 127.448074
[3]: 60.649242 60.540619
[3]: 131.728592 131.771637
[3]: 126.919960 126.479179
[3]: 135.076538 135.141663
[3]: 130.789825 130.633560
[3]: 135.408020 135.352875
[3]: 125.560074 125.978561
[3]: 118.796066 119.108917
[3]: 127.710098 127.657806
[3]: 128.154938 128.203644
[3]: 132.795212 132.660767
[3]: 129.055161 129.234131
[3]: 131.610626 131.750046
[3]: 132.655869 132.714172
[3]: 155.860825 155.685638
[3]: 124.428146 124.603302
[3]: 122.488220 122.442459
[3]: 125.313698 124.990410
[3]: 137.254410 136.959061
[3]: 132.439148 132.554504
[3]: 128.651978 128.384995
[3]: 129.213989 129.326920
[3]: 120.519035 120.673088
[3]: 128.252930 128.321609
[3]: 128.855911 128.891006
[3]: 125.488144 125.635117
[3]: 64.347557 64.354279
[3]: 128.878525 128.957504
[3]: 118.002266 117.774368
[3]: 125.041504 124.986511
[3]: 122.078949 121.671371
[2]: 127.481316 127.894775
[2]: 136.552536 136.264862
[2]: 137.399475 137.254089
[2]: 113.262932 113.327965
[2]: 139.604996 139.689117
[2]: 126.524033 126.364342
[2]: 130.949295 130.981094
[2]: 128.216385 128.233978
[2]: 143.554855 143.741364
[2]: 136.404510 136.178146
[2]: 114.594299 114.198883
[2]: 129.799744 130.096924
[2]: 122.608513 122.856323
[2]: 141.361313 141.394409
[2]: 131.640610 131.694214
[2]: 125.038170 125.654327
[2]: 135.031296 135.343277
[2]: 68.301743 68.268845
[2]: 130.112823 129.859833
[2]: 117.518524 117.726288
[2]: 129.613464 129.149658
[2]: 144.749207 144.983566
[2]: 140.931564 140.783249
[2]: 136.771805 136.607025
[2]: 122.043037 122.202629
[2]: 115.470215 115.770721
[2]: 126.694984 127.232552
[2]: 141.477158 141.488953
[2]: 117.085999 117.123810
[2]: 187.126724 187.028641
[2]: 115.356834 115.487915
[2]: 116.280899 115.701958
[2]: 126.513336 126.823853
[2]: 119.734428 119.795769
[1]: 124.471619 124.435265
[1]: 125.790855 126.022057
[1]: 136.096313 136.218262
[1]: 195.818420 195.582352
[1]: 128.594559 128.496063
[1]: 127.429337 127.885963
[1]: 126.343063 126.182396
[1]: 126.753876 126.707695
[1]: 139.098022 139.348587
[1]: 128.665649 128.695145
[1]: 121.378731 120.969055
[1]: 128.991043 129.116302
[1]: 128.720322 129.162750
[1]: 133.359970 133.181931
[1]: 133.212250 133.151993
[1]: 118.085030 118.258011
[1]: 134.796005 134.611816
[1]: 191.729507 191.817841
[1]: 133.057617 132.786499
[1]: 122.513588 122.490532
[1]: 125.507828 125.744560
[1]: 135.820374 135.743011
[1]: 139.386047 140.021667
[1]: 134.070541 134.113419
[1]: 129.442337 129.365189
[1]: 119.244881 119.186768
[1]: 121.849411 122.164551
[1]: 136.123810 136.165558
[1]: 127.133850 127.482735
[1]: 131.658264 131.550781
[1]: 119.783539 119.676590
[1]: 117.885933 117.413986
[1]: 126.131279 126.122925
[1]: 130.087524 130.843796
[0]: 125.175812 124.891190
[0]: 117.550766 117.632103
[0]: 117.400513 117.247887
[0]: 91.446411 91.521843
[0]: 115.233330 115.437042
[0]: 129.606415 129.795883
[0]: 121.663589 121.578682
[0]: 123.743935 123.861870
[0]: 104.129913 103.972305
[0]: 121.072311 121.032570
[0]: 151.388382 151.454742
[0]: 124.566841 124.158813
[0]: 131.699570 131.248230
[0]: 105.187950 105.238052
[0]: 116.980766 117.011108
[0]: 130.610687 130.063766
[0]: 116.301796 116.268654
[0]: 156.020508 155.970764
[0]: 124.263420 124.307205
[0]: 141.170776 141.321823
[0]: 126.864189 127.129501
[0]: 105.630684 105.662453
[0]: 106.111198 105.882210
[0]: 111.912048 112.333275
[0]: 126.803421 126.447815
[0]: 147.412735 147.295670
[0]: 129.147858 128.576889
[0]: 112.493759 112.386185
[0]: 139.023254 138.924698
[0]: 185.925552 185.904358
[0]: 143.948288 143.981277
[0]: 145.963425 146.401062
[0]: 127.857178 127.767845
[0]: 137.773422 137.356873
