[4]: 130.399597 132.432159
[4]: 127.687851 126.836334
[4]: 124.213486 117.904129
[4]: 128.546036 173.930054
[4]: 129.129959 124.594322
[4]: 126.483559 126.765602
[4]: 128.894501 122.387993
[4]: 128.386414 126.389420
[4]: 125.572525 111.252876
[4]: 129.387497 123.659187
[4]: 127.600533 133.923080
[4]: 129.001709 128.397034
[4]: 126.351692 127.930695
[4]: 125.613525 122.162163
[4]: 130.138275 123.592026
[4]: 129.128128 132.753708
[4]: 123.842407 118.670052
[4]: 57.392307 67.263580
[4]: 125.881569 125.855522
[4]: 126.431915 131.628586
[4]: 128.979782 130.921097
[4]: 131.305435 113.843704
[4]: 124.106644 117.078583
[4]: 124.964005 123.219727
[4]: 128.016220 128.845459
[4]: 126.822189 137.093811
[4]: 129.365814 133.075012
[4]: 127.712059 118.086906
[4]: 126.203026 129.906662
[4]: 68.830238 74.227898
[4]: 127.299728 133.324158
[4]: 131.070145 140.945679
[4]: 128.387177 131.868683
[4]: 126.476082 128.115768
[3]: 126.044914 129.667557
[3]: 126.566307 129.926086
[3]: 127.956436 127.448074
[3]: 127.847916 60.540619
[3]: 129.349518 131.771637
[3]: 127.081726 126.479179
[3]: 126.441017 135.141663
[3]: 127.747299 130.633560
[3]: 128.827682 135.352875
[3]: 123.316116 125.978561
[3]: 125.369698 119.108917
[3]: 125.157288 127.657806
[3]: 130.182083 128.203644
[3]: 129.960419 132.660767
[3]: 125.408508 129.234131
[3]: 128.747360 131.750046
[3]: 130.535599 132.714172
[3]: 196.535400 155.685638
[3]: 127.304161 124.603302
[3]: 126.012718 122.442459
[3]: 125.161209 124.990410
[3]: 123.631264 136.959061
[3]: 129.096695 132.554504
[3]: 131.024872 128.384995
[3]: 128.362183 129.326920
[3]: 129.478867 120.673088
[3]: 127.601578 128.321609
[3]: 126.312775 128.891006
[3]: 127.092712 125.635117
[3]: 65.981499 64.354279
[3]: 131.711380 128.957504
[3]: 124.263817 117.774368
[3]: 126.826393 124.986511
[3]: 128.971542 121.671371
[2]: 127.641327 127.894775
[2]: 128.172958 136.264862
[2]: 128.434448 137.254089
[2]: 125.925499 113.327965
[2]: 127.283730 139.689117
[2]: 129.542679 126.364342
[2]: 126.440804 130.981094
[2]: 128.366364 128.233978
[2]: 132.011108 143.741364
[2]: 130.030930 136.178146
[2]: 127.680199 114.198883
[2]: 130.324188 130.096924
[2]: 129.461258 122.856323
[2]: 126.899071 141.394409
[2]: 126.328827 131.694214
[2]: 126.124046 125.654327
[2]: 129.138077 135.343277
[2]: 133.396530 68.268845
[2]: 125.917877 129.859833
[2]: 129.728210 117.726288
[2]: 127.901039 129.149658
[2]: 196.979477 144.983566
[2]: 129.335876 140.783249
[2]: 127.676193 136.607025
[2]: 127.274139 122.202629
[2]: 130.615402 115.770721
[2]: 129.303482 127.232552
[2]: 128.996506 141.488953
[2]: 130.130844 117.123810
[2]: 186.796997 187.028641
[2]: 122.975609 115.487915
[2]: 128.994598 115.701958
[2]: 129.562439 126.823853
[2]: 125.630653 119.795769
[1]: 36.000000 124.435265
[1]: 61.000000 126.022057
[1]: 139.000000 136.218262
[1]: 25.000000 195.582352
[1]: 105.000000 128.496063
[1]: 250.000000 127.885963
[1]: 152.000000 126.182396
[1]: 199.000000 126.707695
[1]: 237.000000 139.348587
[1]: 81.000000 128.695145
[1]: 169.000000 120.969055
[1]: 195.000000 129.116302
[1]: 51.000000 129.162750
[1]: 236.000000 133.181931
[1]: 142.000000 133.151993
[1]: 106.000000 118.258011
[1]: 138.000000 134.611816
[1]: 216.000000 191.817841
[1]: 249.000000 132.786499
[1]: 58.000000 122.490532
[1]: 182.000000 125.744560
[1]: 184.000000 135.743011
[1]: 192.000000 140.021667
[1]: 202.000000 134.113419
[1]: 182.000000 129.365189
[1]: 26.000000 119.186768
[1]: 10.000000 122.164551
[1]: 21.000000 136.165558
[1]: 65.000000 127.482735
[1]: 8.000000 131.550781
[1]: 83.000000 119.676590
[1]: 11.000000 117.413986
[1]: 211.000000 126.122925
[1]: 2415919104.000000 130.843796
[0]: 127.491302 124.891190
[0]: 127.451263 117.632103
[0]: 128.962173 117.247887
[0]: 127.795326 91.521843
[0]: 126.948929 115.437042
[0]: 126.558342 129.795883
[0]: 127.638222 121.578682
[0]: 124.327385 123.861870
[0]: 121.970474 103.972305
[0]: 125.944580 121.032570
[0]: 129.563599 151.454742
[0]: 127.225372 124.158813
[0]: 125.358925 131.248230
[0]: 126.612457 105.238052
[0]: 126.505516 117.011108
[0]: 126.567810 130.063766
[0]: 127.393188 116.268654
[0]: 124.683449 155.970764
[0]: 131.103699 124.307205
[0]: 125.365738 141.321823
[0]: 128.243607 127.129501
[0]: 57.723816 105.662453
[0]: 127.978584 105.882210
[0]: 124.985268 112.333275
[0]: 125.394356 126.447815
[0]: 123.754898 147.295670
[0]: 125.056129 128.576889
[0]: 127.533417 112.386185
[0]: 127.191826 138.924698
[0]: 189.122253 185.904358
[0]: 130.284561 143.981277
[0]: 124.857368 146.401062
[0]: 125.149315 127.767845
[0]: 128.623810 137.356873
