[4]: 133.371323 132.432159
[4]: 125.616234 126.836334
[4]: 116.631187 117.904129
[4]: 172.503510 173.930054
[4]: 127.085022 124.594322
[4]: 127.223572 126.765602
[4]: 122.539795 122.387993
[4]: 128.224121 126.389420
[4]: 115.092422 111.252876
[4]: 123.251198 123.659187
[4]: 135.704788 133.923080
[4]: 128.416992 128.397034
[4]: 129.024017 127.930695
[4]: 122.157761 122.162163
[4]: 124.237976 123.592026
[4]: 134.979370 132.753708
[4]: 121.359283 118.670052
[4]: 68.185074 67.263580
[4]: 125.443909 125.855522
[4]: 129.982132 131.628586
[4]: 129.562073 130.921097
[4]: 112.793037 113.843704
[4]: 116.916084 117.078583
[4]: 122.458321 123.219727
[4]: 128.062576 128.845459
[4]: 137.067703 137.093811
[4]: 135.692596 133.075012
[4]: 119.029282 118.086906
[4]: 130.775253 129.906662
[4]: 71.755806 74.227898
[4]: 134.034790 133.324158
[4]: 138.845627 140.945679
[4]: 131.611664 131.868683
[4]: 131.454849 128.115768
[3]: 126.636307 129.667557
[3]: 129.419403 129.926086
[3]: 127.908371 127.448074
[3]: 60.948906 60.540619
[3]: 131.644913 131.771637
[3]: 127.365646 126.479179
[3]: 135.239746 135.141663
[3]: 129.329269 130.633560
[3]: 134.456879 135.352875
[3]: 126.246162 125.978561
[3]: 116.731140 119.108917
[3]: 126.408844 127.657806
[3]: 127.085991 128.203644
[3]: 132.581619 132.660767
[3]: 128.734436 129.234131
[3]: 130.702194 131.750046
[3]: 133.145615 132.714172
[3]: 159.475281 155.685638
[3]: 123.339668 124.603302
[3]: 123.945229 122.442459
[3]: 126.556496 124.990410
[3]: 138.747726 136.959061
[3]: 131.586548 132.554504
[3]: 130.603287 128.384995
[3]: 130.497421 129.326920
[3]: 121.194054 120.673088
[3]: 126.112129 128.321609
[3]: 129.384109 128.891006
[3]: 125.643036 125.635117
[3]: 65.803055 64.354279
[3]: 129.204544 128.957504
[3]: 121.219872 117.774368
[3]: 125.485756 124.986511
[3]: 120.540535 121.671371
[2]: 127.139755 127.894775
[2]: 136.659348 136.264862
[2]: 136.256500 137.254089
[2]: 111.997307 113.327965
[2]: 137.523483 139.689117
[2]: 125.842087 126.364342
[2]: 128.205658 130.981094
[2]: 128.503250 128.233978
[2]: 140.189804 143.741364
[2]: 138.146652 136.178146
[2]: 114.262054 114.198883
[2]: 128.238815 130.096924
[2]: 122.824394 122.856323
[2]: 140.442734 141.394409
[2]: 132.015472 131.694214
[2]: 125.323921 125.654327
[2]: 132.669174 135.343277
[2]: 66.291954 68.268845
[2]: 131.237228 129.859833
[2]: 118.963036 117.726288
[2]: 131.532990 129.149658
[2]: 145.819473 144.983566
[2]: 142.125244 140.783249
[2]: 137.849777 136.607025
[2]: 123.713516 122.202629
[2]: 115.713356 115.770721
[2]: 124.932976 127.232552
[2]: 139.202972 141.488953
[2]: 116.168861 117.123810
[2]: 185.495560 187.028641
[2]: 116.258011 115.487915
[2]: 116.806313 115.701958
[2]: 127.104378 126.823853
[2]: 117.836296 119.795769
[1]: 126.617897 124.435265
[1]: 127.552872 126.022057
[1]: 137.735550 136.218262
[1]: 195.985596 195.582352
[1]: 127.095390 128.496063
[1]: 127.272621 127.885963
[1]: 126.476013 126.182396
[1]: 125.603020 126.707695
[1]: 137.367935 139.348587
[1]: 128.296524 128.695145
[1]: 119.907021 120.969055
[1]: 130.803070 129.116302
[1]: 128.503815 129.162750
[1]: 133.537292 133.181931
[1]: 133.280411 133.151993
[1]: 117.929993 118.258011
[1]: 133.612991 134.611816
[1]: 190.675980 191.817841
[1]: 133.725510 132.786499
[1]: 123.070312 122.490532
[1]: 125.903442 125.744560
[1]: 136.980927 135.743011
[1]: 139.797852 140.021667
[1]: 133.315598 134.113419
[1]: 128.550934 129.365189
[1]: 118.833359 119.186768
[1]: 121.383583 122.164551
[1]: 135.390198 136.165558
[1]: 126.349869 127.482735
[1]: 134.114471 131.550781
[1]: 118.831955 119.676590
[1]: 115.872215 117.413986
[1]: 125.892693 126.122925
[1]: 128.723877 130.843796
[0]: 125.549232 124.891190
[0]: 117.250969 117.632103
[0]: 117.427856 117.247887
[0]: 92.606895 91.521843
[0]: 116.581741 115.437042
[0]: 129.598419 129.795883
[0]: 123.985825 121.578682
[0]: 124.197029 123.861870
[0]: 106.591942 103.972305
[0]: 119.376419 121.032570
[0]: 153.515610 151.454742
[0]: 125.606636 124.158813
[0]: 132.118347 131.248230
[0]: 105.687988 105.238052
[0]: 116.246567 117.011108
[0]: 129.527969 130.063766
[0]: 116.767616 116.268654
[0]: 155.411865 155.970764
[0]: 123.555809 124.307205
[0]: 139.649948 141.321823
[0]: 124.067604 127.129501
[0]: 102.331978 105.662453
[0]: 105.674248 105.882210
[0]: 110.049278 112.333275
[0]: 125.287369 126.447815
[0]: 147.409439 147.295670
[0]: 131.495895 128.576889
[0]: 113.968880 112.386185
[0]: 140.430023 138.924698
[0]: 186.302155 185.904358
[0]: 143.258408 143.981277
[0]: 145.564362 146.401062
[0]: 127.412468 127.767845
[0]: 139.557968 137.356873
