[4]: 132.880325 132.432159
[4]: 126.495956 126.836334
[4]: 117.789825 117.904129
[4]: 174.015381 173.930054
[4]: 124.781898 124.594322
[4]: 126.410919 126.765602
[4]: 122.089554 122.387993
[4]: 126.262085 126.389420
[4]: 111.423439 111.252876
[4]: 123.621574 123.659187
[4]: 134.076797 133.923080
[4]: 128.607544 128.397034
[4]: 127.942146 127.930695
[4]: 122.133377 122.162163
[4]: 123.668411 123.592026
[4]: 132.850372 132.753708
[4]: 118.676094 118.670052
[4]: 67.423996 67.263580
[4]: 125.589874 125.855522
[4]: 131.435959 131.628586
[4]: 131.100098 130.921097
[4]: 113.627518 113.843704
[4]: 116.784912 117.078583
[4]: 123.408546 123.219727
[4]: 128.852982 128.845459
[4]: 137.118088 137.093811
[4]: 133.489624 133.075012
[4]: 118.032257 118.086906
[4]: 130.095108 129.906662
[4]: 74.353302 74.227898
[4]: 133.440002 133.324158
[4]: 140.862503 140.945679
[4]: 132.059753 131.868683
[4]: 128.057068 128.115768
[3]: 129.525558 129.667557
[3]: 129.988464 129.926086
[3]: 127.200668 127.448074
[3]: 60.638405 60.540619
[3]: 131.558060 131.771637
[3]: 126.875000 126.479179
[3]: 135.262085 135.141663
[3]: 130.614563 130.633560
[3]: 135.403839 135.352875
[3]: 125.395805 125.978561
[3]: 118.936722 119.108917
[3]: 127.686256 127.657806
[3]: 128.299179 128.203644
[3]: 132.736755 132.660767
[3]: 129.092575 129.234131
[3]: 131.762939 131.750046
[3]: 132.565536 132.714172
[3]: 155.566940 155.685638
[3]: 124.489944 124.603302
[3]: 122.593285 122.442459
[3]: 125.156876 124.990410
[3]: 137.201447 136.959061
[3]: 132.620560 132.554504
[3]: 128.461975 128.384995
[3]: 129.230988 129.326920
[3]: 120.548317 120.673088
[3]: 128.280624 128.321609
[3]: 128.964386 128.891006
[3]: 125.729507 125.635117
[3]: 64.260674 64.354279
[3]: 128.774704 128.957504
[3]: 117.870087 117.774368
[3]: 125.143471 124.986511
[3]: 122.029068 121.671371
[2]: 127.456192 127.894775
[2]: 136.511536 136.264862
[2]: 137.493896 137.254089
[2]: 113.213638 113.327965
[2]: 139.758652 139.689117
[2]: 126.921494 126.364342
[2]: 131.180420 130.981094
[2]: 128.293747 128.233978
[2]: 143.292633 143.741364
[2]: 136.226898 136.178146
[2]: 114.291267 114.198883
[2]: 129.608978 130.096924
[2]: 122.655617 122.856323
[2]: 141.291824 141.394409
[2]: 131.729736 131.694214
[2]: 125.224426 125.654327
[2]: 135.300217 135.343277
[2]: 68.163483 68.268845
[2]: 129.926605 129.859833
[2]: 117.783485 117.726288
[2]: 129.729095 129.149658
[2]: 144.873810 144.983566
[2]: 141.119232 140.783249
[2]: 136.648514 136.607025
[2]: 121.935150 122.202629
[2]: 115.493095 115.770721
[2]: 126.906876 127.232552
[2]: 141.623749 141.488953
[2]: 117.199028 117.123810
[2]: 186.917496 187.028641
[2]: 115.430878 115.487915
[2]: 116.247665 115.701958
[2]: 126.145439 126.823853
[2]: 120.009102 119.795769
[1]: 124.240448 124.435265
[1]: 126.307915 126.022057
[1]: 136.507126 136.218262
[1]: 195.636520 195.582352
[1]: 128.463776 128.496063
[1]: 127.807327 127.885963
[1]: 126.356934 126.182396
[1]: 126.890358 126.707695
[1]: 139.204880 139.348587
[1]: 129.030502 128.695145
[1]: 121.215935 120.969055
[1]: 129.075714 129.116302
[1]: 128.993393 129.162750
[1]: 133.330399 133.181931
[1]: 133.330948 133.151993
[1]: 118.203331 118.258011
[1]: 134.843903 134.611816
[1]: 191.661667 191.817841
[1]: 133.004974 132.786499
[1]: 122.599251 122.490532
[1]: 125.204109 125.744560
[1]: 135.936340 135.743011
[1]: 139.936508 140.021667
[1]: 134.158203 134.113419
[1]: 129.302078 129.365189
[1]: 119.468994 119.186768
[1]: 121.879311 122.164551
[1]: 135.910583 136.165558
[1]: 127.315231 127.482735
[1]: 131.714340 131.550781
[1]: 119.995094 119.676590
[1]: 117.539177 117.413986
[1]: 126.120766 126.122925
[1]: 130.523148 130.843796
[0]: 125.245079 124.891190
[0]: 117.346977 117.632103
[0]: 117.050865 117.247887
[0]: 91.181793 91.521843
[0]: 115.420624 115.437042
[0]: 129.236343 129.795883
[0]: 121.358192 121.578682
[0]: 123.750130 123.861870
[0]: 104.331818 103.972305
[0]: 121.291832 121.032570
[0]: 151.147034 151.454742
[0]: 124.461380 124.158813
[0]: 131.529892 131.248230
[0]: 105.098732 105.238052
[0]: 116.826080 117.011108
[0]: 130.480728 130.063766
[0]: 116.194641 116.268654
[0]: 156.093338 155.970764
[0]: 124.396385 124.307205
[0]: 141.205948 141.321823
[0]: 126.730522 127.129501
[0]: 105.504112 105.662453
[0]: 105.817520 105.882210
[0]: 111.924217 112.333275
[0]: 126.887825 126.447815
[0]: 147.428589 147.295670
[0]: 128.844925 128.576889
[0]: 112.478851 112.386185
[0]: 138.728714 138.924698
[0]: 186.044022 185.904358
[0]: 143.793365 143.981277
[0]: 145.698669 146.401062
[0]: 128.119629 127.767845
[0]: 137.156189 137.356873
