[19]: 1961 11 10  0  2 FLORENCE   20.0   5.2  131  679 1968  8 15 18 15 CHRIS       7.2   5.9   86  339
[18]: 1980 10 16  6 13 ALBERTO    19.8   4.7   21  307 1953  5 25 18 12 GORDON     17.6   4.9  139  497
[17]: 1960  7 20 18  4 GORDON     20.0   5.3   12  103 1999  1 26  6  7 KIRK        7.4   6.0   82  381
[16]: 1967  1 26 18  8 ALBERTO    20.1   4.8   62  541 1993 12  1 18 17 BERYL       7.4   5.8   65  644
[15]: 1961 11 10  0  2 FLORENCE   20.0   5.2  131  679 1953  5 25 18 12 GORDON     17.6   4.9  139  497
[14]: 1963  3 18  0 27 LESLIE     20.4   5.0   36  430 1981  1 20 18 14 RAFAEL     17.8   5.4  151  129
[13]: 1986  2 24  6 10 NADINE     19.9   5.0   51  503 1977  3 26 18 22 TONY        7.3   5.1   89   15
[12]: 1977  8 11  0  6 ISAAC      20.3   5.1  106  747 1995  2 21  6 16 WILLIAM    19.9   7.6   81  380
[11]: 1960  7 20 18  4 GORDON     20.0   5.3   12  103 1976  6  3 12  8 JOYCE       7.3   6.0   77  627
[10]: 1969  8  6  6 27 ISAAC      19.7   5.1  162  771 1983  4 23 18  8 ERNESTO    19.3   6.1   25  179
[9]: 1958 10 26  6  3 JOYCE      20.1   5.0   37  176 1995  2 21  6 16 WILLIAM    19.9   7.6   81  380
[8]: 1990 10  4  0 28 MICHAEL    19.9   5.1   53  494 1956 10  6  6 16 NADINE     15.7   5.9  103   45
[7]: 1980 10 16  6 13 ALBERTO    19.8   4.7   21  307 1996  3 18 12 24 SANDY       7.0   6.2   30  707
[6]: 1986  2 24  6 10 NADINE     19.9   5.0   51  503 1983  4 23 18  8 ERNESTO    19.3   6.1   25  179
[5]: 1956  9  7 12  6 ERNESTO    19.9   4.7  122  245 1981  1 20 18 14 RAFAEL     17.8   5.4  151  129
[4]: 1969  8  6  6 27 ISAAC      19.7   5.1  162  771 1979 11  6 18 23 LESLIE      7.4   5.3  107  429
[3]: 1967  1 26 18  8 ALBERTO    20.1   4.8   62  541 1962 12 12 18 26 RAFAEL     18.4   5.5   30  149
[2]: 1977  8 11  0  6 ISAAC      20.3   5.1  106  747 1980  6 16  6  8 WILLIAM     7.3   5.2   34  549
[1]: 1956  9  7 12  6 ERNESTO    19.9   4.7  122  245 1966  4  5  6 25 KIRK        7.5   5.7   40  586
[0]: 1990 10  4  0 28 MICHAEL    19.9   5.1   53  494 1976  8  7  6 14 BERYL       7.2   4.6   90   20
