[4]: 132.361450 132.432159
[4]: 126.646477 126.836334
[4]: 117.703163 117.904129
[4]: 174.362793 173.930054
[4]: 123.966461 124.594322
[4]: 127.107986 126.765602
[4]: 122.209549 122.387993
[4]: 126.476410 126.389420
[4]: 111.338379 111.252876
[4]: 124.156586 123.659187
[4]: 133.584473 133.923080
[4]: 128.513443 128.397034
[4]: 127.139458 127.930695
[4]: 121.943947 122.162163
[4]: 123.503769 123.592026
[4]: 131.918808 132.753708
[4]: 118.268608 118.670052
[4]: 67.084755 67.263580
[4]: 125.960831 125.855522
[4]: 131.940216 131.628586
[4]: 130.764374 130.921097
[4]: 113.918732 113.843704
[4]: 117.676208 117.078583
[4]: 123.649887 123.219727
[4]: 128.784668 128.845459
[4]: 136.568375 137.093811
[4]: 132.935867 133.075012
[4]: 117.861732 118.086906
[4]: 130.167847 129.906662
[4]: 74.715691 74.227898
[4]: 133.301270 133.324158
[4]: 141.550461 140.945679
[4]: 131.739243 131.868683
[4]: 127.408310 128.115768
[3]: 129.780106 129.667557
[3]: 129.952225 129.926086
[3]: 127.188866 127.448074
[3]: 60.732716 60.540619
[3]: 131.769119 131.771637
[3]: 126.268768 126.479179
[3]: 135.118408 135.141663
[3]: 130.755402 130.633560
[3]: 135.289108 135.352875
[3]: 125.523735 125.978561
[3]: 119.522408 119.108917
[3]: 127.851509 127.657806
[3]: 128.475250 128.203644
[3]: 132.684464 132.660767
[3]: 128.895157 129.234131
[3]: 132.241638 131.750046
[3]: 132.661697 132.714172
[3]: 155.748154 155.685638
[3]: 124.554756 124.603302
[3]: 122.592255 122.442459
[3]: 125.378593 124.990410
[3]: 137.062119 136.959061
[3]: 132.371582 132.554504
[3]: 128.267517 128.384995
[3]: 129.398712 129.326920
[3]: 120.581497 120.673088
[3]: 128.162048 128.321609
[3]: 129.071793 128.891006
[3]: 125.713387 125.635117
[3]: 64.142570 64.354279
[3]: 128.881058 128.957504
[3]: 117.662407 117.774368
[3]: 124.945511 124.986511
[3]: 122.093307 121.671371
[2]: 128.439911 127.894775
[2]: 136.036789 136.264862
[2]: 137.395157 137.254089
[2]: 112.913673 113.327965
[2]: 140.124237 139.689117
[2]: 126.264153 126.364342
[2]: 131.563675 130.981094
[2]: 128.366730 128.233978
[2]: 144.081146 143.741364
[2]: 136.021820 136.178146
[2]: 113.764198 114.198883
[2]: 129.833954 130.096924
[2]: 123.703911 122.856323
[2]: 140.979218 141.394409
[2]: 131.713394 131.694214
[2]: 126.278572 125.654327
[2]: 135.905624 135.343277
[2]: 68.599983 68.268845
[2]: 129.910172 129.859833
[2]: 117.432030 117.726288
[2]: 128.918777 129.149658
[2]: 145.278961 144.983566
[2]: 140.781631 140.783249
[2]: 135.624191 136.607025
[2]: 121.816116 122.202629
[2]: 116.383774 115.770721
[2]: 127.923950 127.232552
[2]: 142.066742 141.488953
[2]: 116.937561 117.123810
[2]: 186.795807 187.028641
[2]: 115.247986 115.487915
[2]: 114.832123 115.701958
[2]: 127.318146 126.823853
[2]: 120.600304 119.795769
[1]: 124.102127 124.435265
[1]: 126.059174 126.022057
[1]: 136.615036 136.218262
[1]: 195.655884 195.582352
[1]: 129.225067 128.496063
[1]: 127.819603 127.885963
[1]: 126.114212 126.182396
[1]: 126.286034 126.707695
[1]: 139.379196 139.348587
[1]: 128.787018 128.695145
[1]: 121.571060 120.969055
[1]: 129.158890 129.116302
[1]: 129.490845 129.162750
[1]: 133.472595 133.181931
[1]: 133.429794 133.151993
[1]: 118.492714 118.258011
[1]: 134.821625 134.611816
[1]: 191.900986 191.817841
[1]: 132.837067 132.786499
[1]: 122.164574 122.490532
[1]: 125.612923 125.744560
[1]: 135.369141 135.743011
[1]: 139.468002 140.021667
[1]: 134.267639 134.113419
[1]: 129.680283 129.365189
[1]: 119.635536 119.186768
[1]: 122.309036 122.164551
[1]: 135.840408 136.165558
[1]: 127.601700 127.482735
[1]: 131.691193 131.550781
[1]: 120.370857 119.676590
[1]: 117.176582 117.413986
[1]: 125.909874 126.122925
[1]: 130.727371 130.843796
[0]: 124.632088 124.891190
[0]: 117.957939 117.632103
[0]: 117.131744 117.247887
[0]: 91.192650 91.521843
[0]: 114.804520 115.437042
[0]: 129.837936 129.795883
[0]: 121.227684 121.578682
[0]: 123.954086 123.861870
[0]: 103.476273 103.972305
[0]: 121.047630 121.032570
[0]: 151.238129 151.454742
[0]: 124.027840 124.158813
[0]: 130.556366 131.248230
[0]: 105.504883 105.238052
[0]: 117.131149 117.011108
[0]: 129.492294 130.063766
[0]: 115.891808 116.268654
[0]: 155.823624 155.970764
[0]: 124.113930 124.307205
[0]: 141.551910 141.321823
[0]: 127.264603 127.129501
[0]: 105.482353 105.662453
[0]: 105.978500 105.882210
[0]: 112.824821 112.333275
[0]: 126.526558 126.447815
[0]: 146.879654 147.295670
[0]: 127.999397 128.576889
[0]: 112.128235 112.386185
[0]: 138.651016 138.924698
[0]: 185.742844 185.904358
[0]: 143.652817 143.981277
[0]: 147.131058 146.401062
[0]: 127.657272 127.767845
[0]: 136.949890 137.356873
