[4]: 133.684067 132.432159
[4]: 126.497513 126.836334
[4]: 116.506828 117.904129
[4]: 172.864944 173.930054
[4]: 126.449173 124.594322
[4]: 126.253853 126.765602
[4]: 122.144142 122.387993
[4]: 128.248001 126.389420
[4]: 113.290337 111.252876
[4]: 123.459679 123.659187
[4]: 134.765106 133.923080
[4]: 128.599091 128.397034
[4]: 129.082855 127.930695
[4]: 122.958298 122.162163
[4]: 125.044624 123.592026
[4]: 134.003876 132.753708
[4]: 119.971802 118.670052
[4]: 67.301079 67.263580
[4]: 125.348869 125.855522
[4]: 130.574829 131.628586
[4]: 129.888947 130.921097
[4]: 113.544273 113.843704
[4]: 117.033096 117.078583
[4]: 122.008293 123.219727
[4]: 127.669777 128.845459
[4]: 136.803253 137.093811
[4]: 135.449020 133.075012
[4]: 118.430847 118.086906
[4]: 130.593475 129.906662
[4]: 73.013115 74.227898
[4]: 133.821335 133.324158
[4]: 138.902374 140.945679
[4]: 131.953644 131.868683
[4]: 129.467255 128.115768
[3]: 127.328606 129.667557
[3]: 129.356598 129.926086
[3]: 127.397835 127.448074
[3]: 60.928043 60.540619
[3]: 131.863098 131.771637
[3]: 127.451080 126.479179
[3]: 135.241684 135.141663
[3]: 129.165894 130.633560
[3]: 134.695404 135.352875
[3]: 126.265533 125.978561
[3]: 117.326736 119.108917
[3]: 126.401733 127.657806
[3]: 126.968971 128.203644
[3]: 132.294296 132.660767
[3]: 128.463242 129.234131
[3]: 130.811722 131.750046
[3]: 133.226242 132.714172
[3]: 158.788101 155.685638
[3]: 124.201218 124.603302
[3]: 123.867470 122.442459
[3]: 125.943398 124.990410
[3]: 137.693695 136.959061
[3]: 131.650894 132.554504
[3]: 130.395721 128.384995
[3]: 130.629929 129.326920
[3]: 121.123566 120.673088
[3]: 126.550171 128.321609
[3]: 129.470886 128.891006
[3]: 125.160133 125.635117
[3]: 65.258202 64.354279
[3]: 129.307083 128.957504
[3]: 121.030640 117.774368
[3]: 125.993217 124.986511
[3]: 121.678879 121.671371
[2]: 127.005264 127.894775
[2]: 136.688278 136.264862
[2]: 136.927979 137.254089
[2]: 111.426178 113.327965
[2]: 138.617294 139.689117
[2]: 126.895271 126.364342
[2]: 128.890564 130.981094
[2]: 128.565613 128.233978
[2]: 141.803619 143.741364
[2]: 137.854355 136.178146
[2]: 114.205315 114.198883
[2]: 128.592087 130.096924
[2]: 122.445564 122.856323
[2]: 140.271515 141.394409
[2]: 131.569031 131.694214
[2]: 125.504349 125.654327
[2]: 133.903809 135.343277
[2]: 67.214722 68.268845
[2]: 130.644730 129.859833
[2]: 117.734787 117.726288
[2]: 130.837524 129.149658
[2]: 145.435837 144.983566
[2]: 142.101135 140.783249
[2]: 138.193832 136.607025
[2]: 123.376564 122.202629
[2]: 115.199730 115.770721
[2]: 124.982529 127.232552
[2]: 140.080322 141.488953
[2]: 116.630211 117.123810
[2]: 185.781052 187.028641
[2]: 115.452179 115.487915
[2]: 116.921112 115.701958
[2]: 126.193504 126.823853
[2]: 119.063416 119.795769
[1]: 125.858398 124.435265
[1]: 127.042770 126.022057
[1]: 137.361588 136.218262
[1]: 196.334442 195.582352
[1]: 127.021774 128.496063
[1]: 127.646736 127.885963
[1]: 126.809097 126.182396
[1]: 125.997276 126.707695
[1]: 137.761124 139.348587
[1]: 128.371307 128.695145
[1]: 120.297592 120.969055
[1]: 130.634064 129.116302
[1]: 128.556061 129.162750
[1]: 133.312592 133.181931
[1]: 132.888336 133.151993
[1]: 118.352257 118.258011
[1]: 133.944641 134.611816
[1]: 190.657074 191.817841
[1]: 133.530640 132.786499
[1]: 123.211662 122.490532
[1]: 125.747742 125.744560
[1]: 136.750854 135.743011
[1]: 139.647049 140.021667
[1]: 133.689819 134.113419
[1]: 128.635925 129.365189
[1]: 119.266953 119.186768
[1]: 121.100700 122.164551
[1]: 135.279633 136.165558
[1]: 126.454430 127.482735
[1]: 133.099686 131.550781
[1]: 118.920059 119.676590
[1]: 116.475815 117.413986
[1]: 125.877602 126.122925
[1]: 128.944016 130.843796
[0]: 125.461815 124.891190
[0]: 116.976929 117.632103
[0]: 117.854843 117.247887
[0]: 92.841499 91.521843
[0]: 116.023506 115.437042
[0]: 128.991211 129.795883
[0]: 123.278091 121.578682
[0]: 123.865517 123.861870
[0]: 106.191307 103.972305
[0]: 119.447609 121.032570
[0]: 153.407578 151.454742
[0]: 125.236763 124.158813
[0]: 132.492462 131.248230
[0]: 105.686264 105.238052
[0]: 116.631081 117.011108
[0]: 129.815323 130.063766
[0]: 116.512611 116.268654
[0]: 155.227982 155.970764
[0]: 123.602150 124.307205
[0]: 140.186829 141.321823
[0]: 125.364014 127.129501
[0]: 103.448555 105.662453
[0]: 105.774345 105.882210
[0]: 110.078949 112.333275
[0]: 125.813087 126.447815
[0]: 147.769089 147.295670
[0]: 131.549896 128.576889
[0]: 113.777786 112.386185
[0]: 140.446152 138.924698
[0]: 186.498062 185.904358
[0]: 144.046402 143.981277
[0]: 144.863708 146.401062
[0]: 127.502625 127.767845
[0]: 138.818771 137.356873
