[4]: 108.537109 132.432159
[4]: 131.447983 126.836334
[4]: 123.046074 117.904129
[4]: 200.835938 173.930054
[4]: 130.247162 124.594322
[4]: 128.063217 126.765602
[4]: 124.462181 122.387993
[4]: 128.353867 126.389420
[4]: 126.064812 111.252876
[4]: 130.010834 123.659187
[4]: 129.375977 133.923080
[4]: 130.165924 128.397034
[4]: 125.202766 127.930695
[4]: 128.876068 122.162163
[4]: 125.644974 123.592026
[4]: 131.013046 132.753708
[4]: 126.101921 118.670052
[4]: 60.865234 67.263580
[4]: 125.570755 125.855522
[4]: 129.504974 131.628586
[4]: 130.180664 130.921097
[4]: 127.306549 113.843704
[4]: 127.606354 117.078583
[4]: 126.133881 123.219727
[4]: 126.486687 128.845459
[4]: 124.503548 137.093811
[4]: 129.109116 133.075012
[4]: 127.760475 118.086906
[4]: 125.934929 129.906662
[4]: 129.306107 74.227898
[4]: 126.070755 133.324158
[4]: 161.134232 140.945679
[4]: 126.697624 131.868683
[4]: 125.165215 128.115768
[3]: 170.489609 129.667557
[3]: 126.290924 129.926086
[3]: 124.769463 127.448074
[3]: 86.029297 60.540619
[3]: 128.829468 131.771637
[3]: 126.902390 126.479179
[3]: 128.296997 135.141663
[3]: 128.069717 130.633560
[3]: 127.075676 135.352875
[3]: 125.320732 125.978561
[3]: 126.304550 119.108917
[3]: 128.656433 127.657806
[3]: 127.685730 128.203644
[3]: 127.068764 132.660767
[3]: 127.079063 129.234131
[3]: 129.740234 131.750046
[3]: 126.643379 132.714172
[3]: 127.265526 155.685638
[3]: 126.445663 124.603302
[3]: 126.857544 122.442459
[3]: 126.321754 124.990410
[3]: 127.378304 136.959061
[3]: 126.955223 132.554504
[3]: 126.838356 128.384995
[3]: 127.910187 129.326920
[3]: 125.653938 120.673088
[3]: 128.906036 128.321609
[3]: 127.009209 128.891006
[3]: 128.619720 125.635117
[3]: 63.227020 64.354279
[3]: 128.769394 128.957504
[3]: 84.208595 117.774368
[3]: 127.886780 124.986511
[3]: 125.984070 121.671371
[2]: 168.566193 127.894775
[2]: 128.698959 136.264862
[2]: 128.883392 137.254089
[2]: 81.912880 113.327965
[2]: 127.581001 139.689117
[2]: 128.288223 126.364342
[2]: 126.927879 130.981094
[2]: 127.477142 128.233978
[2]: 126.704918 143.741364
[2]: 128.724472 136.178146
[2]: 127.618629 114.198883
[2]: 127.969360 130.096924
[2]: 128.456253 122.856323
[2]: 127.922562 141.394409
[2]: 127.507401 131.694214
[2]: 126.363739 125.654327
[2]: 128.765503 135.343277
[2]: 129.066742 68.268845
[2]: 128.743118 129.859833
[2]: 126.679848 117.726288
[2]: 129.365921 129.149658
[2]: 127.820435 144.983566
[2]: 128.086029 140.783249
[2]: 127.403488 136.607025
[2]: 126.124817 122.202629
[2]: 129.285660 115.770721
[2]: 126.670746 127.232552
[2]: 127.727417 141.488953
[2]: 126.730370 117.123810
[2]: 191.557144 187.028641
[2]: 127.543816 115.487915
[2]: 86.403999 115.701958
[2]: 127.117958 126.823853
[2]: 128.039490 119.795769
[1]: 96.227966 124.435265
[1]: 124.622833 126.022057
[1]: 133.007324 136.218262
[1]: 202.994186 195.582352
[1]: 127.687912 128.496063
[1]: 127.008049 127.885963
[1]: 127.948509 126.182396
[1]: 125.416237 126.707695
[1]: 128.946808 139.348587
[1]: 125.394066 128.695145
[1]: 125.456467 120.969055
[1]: 125.997765 129.116302
[1]: 129.947083 129.162750
[1]: 126.484978 133.181931
[1]: 128.291260 133.151993
[1]: 123.082069 118.258011
[1]: 131.287598 134.611816
[1]: 192.836578 191.817841
[1]: 129.923920 132.786499
[1]: 123.015465 122.490532
[1]: 124.514664 125.744560
[1]: 126.928032 135.743011
[1]: 129.273376 140.021667
[1]: 129.184601 134.113419
[1]: 127.492493 129.365189
[1]: 127.314323 119.186768
[1]: 125.811012 122.164551
[1]: 128.529327 136.165558
[1]: 128.259796 127.482735
[1]: 126.859016 131.550781
[1]: 128.438583 119.676590
[1]: 146.392990 117.413986
[1]: 129.700424 126.122925
[1]: 131.552032 130.843796
[0]: 45.380470 124.891190
[0]: 125.926285 117.632103
[0]: 127.745636 117.247887
[0]: 92.398277 91.521843
[0]: 126.081993 115.437042
[0]: 126.527786 129.795883
[0]: 129.390335 121.578682
[0]: 126.116463 123.861870
[0]: 126.954185 103.972305
[0]: 126.450218 121.032570
[0]: 129.958038 151.454742
[0]: 126.242462 124.158813
[0]: 127.739624 131.248230
[0]: 125.401794 105.238052
[0]: 126.801659 117.011108
[0]: 127.682465 130.063766
[0]: 125.312546 116.268654
[0]: 129.378311 155.970764
[0]: 126.804260 124.307205
[0]: 128.921631 141.321823
[0]: 127.192787 127.129501
[0]: 130.223068 105.662453
[0]: 125.910522 105.882210
[0]: 126.063164 112.333275
[0]: 128.878204 126.447815
[0]: 132.962921 147.295670
[0]: 129.015656 128.576889
[0]: 127.331596 112.386185
[0]: 129.023361 138.924698
[0]: 126.602745 185.904358
[0]: 129.665009 143.981277
[0]: 208.731796 146.401062
[0]: 125.706398 127.767845
[0]: 126.468475 137.356873
