[4]: 133.754211 132.432159
[4]: 126.452339 126.836334
[4]: 116.541283 117.904129
[4]: 172.741379 173.930054
[4]: 126.503151 124.594322
[4]: 126.333626 126.765602
[4]: 122.294548 122.387993
[4]: 128.035522 126.389420
[4]: 113.370651 111.252876
[4]: 123.355682 123.659187
[4]: 134.842361 133.923080
[4]: 128.706390 128.397034
[4]: 129.229004 127.930695
[4]: 122.858597 122.162163
[4]: 125.075073 123.592026
[4]: 134.322037 132.753708
[4]: 120.212936 118.670052
[4]: 67.492516 67.263580
[4]: 125.297066 125.855522
[4]: 130.812744 131.628586
[4]: 129.971954 130.921097
[4]: 113.488731 113.843704
[4]: 117.092484 117.078583
[4]: 122.031197 123.219727
[4]: 127.724358 128.845459
[4]: 137.090591 137.093811
[4]: 135.466919 133.075012
[4]: 118.296753 118.086906
[4]: 130.701202 129.906662
[4]: 73.016701 74.227898
[4]: 134.032379 133.324158
[4]: 138.874588 140.945679
[4]: 132.034271 131.868683
[4]: 129.877350 128.115768
[3]: 126.876694 129.667557
[3]: 129.024963 129.926086
[3]: 127.415535 127.448074
[3]: 61.034317 60.540619
[3]: 132.058578 131.771637
[3]: 127.463890 126.479179
[3]: 135.136719 135.141663
[3]: 129.761108 130.633560
[3]: 134.494156 135.352875
[3]: 126.094604 125.978561
[3]: 117.282013 119.108917
[3]: 126.427078 127.657806
[3]: 127.187645 128.203644
[3]: 132.003281 132.660767
[3]: 128.793640 129.234131
[3]: 130.456635 131.750046
[3]: 132.921936 132.714172
[3]: 158.876541 155.685638
[3]: 124.051399 124.603302
[3]: 124.210579 122.442459
[3]: 125.994072 124.990410
[3]: 137.835205 136.959061
[3]: 131.951645 132.554504
[3]: 130.445328 128.384995
[3]: 130.306030 129.326920
[3]: 121.126427 120.673088
[3]: 125.976677 128.321609
[3]: 129.498825 128.891006
[3]: 125.353378 125.635117
[3]: 65.130943 64.354279
[3]: 129.350647 128.957504
[3]: 121.352905 117.774368
[3]: 125.695526 124.986511
[3]: 121.591095 121.671371
[2]: 126.684837 127.894775
[2]: 137.048615 136.264862
[2]: 136.732101 137.254089
[2]: 111.388603 113.327965
[2]: 138.494049 139.689117
[2]: 126.827652 126.364342
[2]: 129.025391 130.981094
[2]: 128.255844 128.233978
[2]: 141.686996 143.741364
[2]: 138.017960 136.178146
[2]: 114.008224 114.198883
[2]: 128.326492 130.096924
[2]: 122.343658 122.856323
[2]: 140.155106 141.394409
[2]: 131.567734 131.694214
[2]: 125.472580 125.654327
[2]: 133.917465 135.343277
[2]: 67.140175 68.268845
[2]: 130.661530 129.859833
[2]: 117.452705 117.726288
[2]: 131.084610 129.149658
[2]: 145.310852 144.983566
[2]: 142.046936 140.783249
[2]: 138.055008 136.607025
[2]: 123.701363 122.202629
[2]: 115.437851 115.770721
[2]: 125.195496 127.232552
[2]: 140.368011 141.488953
[2]: 116.597992 117.123810
[2]: 185.692657 187.028641
[2]: 115.534203 115.487915
[2]: 116.637260 115.701958
[2]: 126.247704 126.823853
[2]: 118.961441 119.795769
[1]: 126.174011 124.435265
[1]: 127.010757 126.022057
[1]: 137.318619 136.218262
[1]: 196.468384 195.582352
[1]: 127.120995 128.496063
[1]: 127.306305 127.885963
[1]: 126.803619 126.182396
[1]: 125.887428 126.707695
[1]: 137.895691 139.348587
[1]: 128.639038 128.695145
[1]: 120.371407 120.969055
[1]: 130.429413 129.116302
[1]: 128.578308 129.162750
[1]: 133.554306 133.181931
[1]: 132.756134 133.151993
[1]: 118.298668 118.258011
[1]: 134.080292 134.611816
[1]: 190.578156 191.817841
[1]: 133.374680 132.786499
[1]: 122.899429 122.490532
[1]: 125.650032 125.744560
[1]: 136.779999 135.743011
[1]: 139.589767 140.021667
[1]: 133.894287 134.113419
[1]: 128.719574 129.365189
[1]: 118.958290 119.186768
[1]: 121.548920 122.164551
[1]: 135.306458 136.165558
[1]: 126.392143 127.482735
[1]: 133.312927 131.550781
[1]: 118.623840 119.676590
[1]: 116.240822 117.413986
[1]: 125.912453 126.122925
[1]: 128.990097 130.843796
[0]: 125.860451 124.891190
[0]: 117.062851 117.632103
[0]: 118.135773 117.247887
[0]: 92.820808 91.521843
[0]: 115.800255 115.437042
[0]: 129.339813 129.795883
[0]: 123.113670 121.578682
[0]: 123.895958 123.861870
[0]: 106.415047 103.972305
[0]: 119.310745 121.032570
[0]: 153.413162 151.454742
[0]: 125.612640 124.158813
[0]: 132.164581 131.248230
[0]: 106.045311 105.238052
[0]: 116.420982 117.011108
[0]: 129.905167 130.063766
[0]: 116.482376 116.268654
[0]: 155.364746 155.970764
[0]: 124.007309 124.307205
[0]: 140.149872 141.321823
[0]: 125.052368 127.129501
[0]: 103.572311 105.662453
[0]: 105.606018 105.882210
[0]: 109.989334 112.333275
[0]: 125.671196 126.447815
[0]: 147.447037 147.295670
[0]: 131.390366 128.576889
[0]: 113.631042 112.386185
[0]: 140.180130 138.924698
[0]: 186.612213 185.904358
[0]: 143.933197 143.981277
[0]: 145.005768 146.401062
[0]: 127.626999 127.767845
[0]: 138.513153 137.356873
