[4]: 135.980881 132.432159
[4]: 126.383835 126.836334
[4]: 118.393936 117.904129
[4]: 169.089310 173.930054
[4]: 128.781570 124.594322
[4]: 125.996193 126.765602
[4]: 123.164246 122.387993
[4]: 128.692734 126.389420
[4]: 117.331757 111.252876
[4]: 122.039955 123.659187
[4]: 135.991837 133.923080
[4]: 127.845779 128.397034
[4]: 128.268707 127.930695
[4]: 124.093742 122.162163
[4]: 123.167976 123.592026
[4]: 134.028366 132.753708
[4]: 118.996346 118.670052
[4]: 67.541237 67.263580
[4]: 127.228058 125.855522
[4]: 130.900513 131.628586
[4]: 127.658768 130.921097
[4]: 111.516754 113.843704
[4]: 117.018814 117.078583
[4]: 121.003967 123.219727
[4]: 126.676254 128.845459
[4]: 135.725922 137.093811
[4]: 135.659149 133.075012
[4]: 122.517525 118.086906
[4]: 131.780182 129.906662
[4]: 69.354218 74.227898
[4]: 133.127792 133.324158
[4]: 135.423325 140.945679
[4]: 129.462799 131.868683
[4]: 131.917374 128.115768
[3]: 124.166733 129.667557
[3]: 129.476852 129.926086
[3]: 126.922958 127.448074
[3]: 62.183475 60.540619
[3]: 131.870605 131.771637
[3]: 127.469933 126.479179
[3]: 135.194870 135.141663
[3]: 129.831299 130.633560
[3]: 134.026184 135.352875
[3]: 128.534317 125.978561
[3]: 115.626678 119.108917
[3]: 125.842308 127.657806
[3]: 128.059982 128.203644
[3]: 131.279465 132.660767
[3]: 128.412003 129.234131
[3]: 132.406097 131.750046
[3]: 134.915024 132.714172
[3]: 164.407516 155.685638
[3]: 122.917458 124.603302
[3]: 124.126480 122.442459
[3]: 127.102898 124.990410
[3]: 141.045120 136.959061
[3]: 131.988678 132.554504
[3]: 133.135452 128.384995
[3]: 131.225220 129.326920
[3]: 122.287399 120.673088
[3]: 124.052116 128.321609
[3]: 127.113594 128.891006
[3]: 123.288574 125.635117
[3]: 68.280243 64.354279
[3]: 129.581482 128.957504
[3]: 124.476852 117.774368
[3]: 126.031128 124.986511
[3]: 120.249428 121.671371
[2]: 125.297310 127.894775
[2]: 134.618134 136.264862
[2]: 134.578964 137.254089
[2]: 110.994339 113.327965
[2]: 134.433060 139.689117
[2]: 127.966339 126.364342
[2]: 128.365814 130.981094
[2]: 127.357086 128.233978
[2]: 138.206696 143.741364
[2]: 139.655807 136.178146
[2]: 113.474594 114.198883
[2]: 127.445732 130.096924
[2]: 124.354416 122.856323
[2]: 139.046326 141.394409
[2]: 133.475616 131.694214
[2]: 125.293533 125.654327
[2]: 135.023209 135.343277
[2]: 65.909470 68.268845
[2]: 128.964691 129.859833
[2]: 119.789993 117.726288
[2]: 133.000626 129.149658
[2]: 147.935272 144.983566
[2]: 141.441711 140.783249
[2]: 139.272369 136.607025
[2]: 126.265930 122.202629
[2]: 117.432281 115.770721
[2]: 123.758614 127.232552
[2]: 135.008881 141.488953
[2]: 115.926224 117.123810
[2]: 185.415283 187.028641
[2]: 116.512505 115.487915
[2]: 119.345207 115.701958
[2]: 129.459885 126.823853
[2]: 116.982857 119.795769
[1]: 127.718132 124.435265
[1]: 126.656731 126.022057
[1]: 138.157822 136.218262
[1]: 196.530121 195.582352
[1]: 125.116241 128.496063
[1]: 126.779060 127.885963
[1]: 127.580902 126.182396
[1]: 125.988457 126.707695
[1]: 135.880096 139.348587
[1]: 128.679749 128.695145
[1]: 120.990402 120.969055
[1]: 130.206589 129.116302
[1]: 127.091278 129.162750
[1]: 133.755341 133.181931
[1]: 134.847244 133.151993
[1]: 116.368622 118.258011
[1]: 133.936646 134.611816
[1]: 189.732254 191.817841
[1]: 133.783432 132.786499
[1]: 121.346466 122.490532
[1]: 127.256592 125.744560
[1]: 136.826721 135.743011
[1]: 138.967545 140.021667
[1]: 133.800827 134.113419
[1]: 127.947495 129.365189
[1]: 118.481590 119.186768
[1]: 121.509521 122.164551
[1]: 133.339920 136.165558
[1]: 124.584335 127.482735
[1]: 135.550003 131.550781
[1]: 119.134262 119.676590
[1]: 114.598381 117.413986
[1]: 128.728043 126.122925
[1]: 128.262833 130.843796
[0]: 126.060532 124.891190
[0]: 119.393425 117.632103
[0]: 117.868210 117.247887
[0]: 94.329376 91.521843
[0]: 119.848534 115.437042
[0]: 129.104462 129.795883
[0]: 121.951851 121.578682
[0]: 123.884644 123.861870
[0]: 108.208397 103.972305
[0]: 115.895271 121.032570
[0]: 154.442627 151.454742
[0]: 128.393692 124.158813
[0]: 131.862061 131.248230
[0]: 105.909416 105.238052
[0]: 114.260849 117.011108
[0]: 130.434021 130.063766
[0]: 114.373833 116.268654
[0]: 154.284042 155.970764
[0]: 124.406258 124.307205
[0]: 139.640839 141.321823
[0]: 122.314003 127.129501
[0]: 98.725090 105.662453
[0]: 106.514061 105.882210
[0]: 106.447639 112.333275
[0]: 123.878403 126.447815
[0]: 146.426376 147.295670
[0]: 134.958176 128.576889
[0]: 119.375679 112.386185
[0]: 144.441925 138.924698
[0]: 185.624237 185.904358
[0]: 143.495956 143.981277
[0]: 144.565628 146.401062
[0]: 123.337463 127.767845
[0]: 141.029251 137.356873
