[4]: 93.418015 132.432159
[4]: 132.202194 126.836334
[4]: 127.130783 117.904129
[4]: 182.468811 173.930054
[4]: 139.144592 124.594322
[4]: 127.133263 126.765602
[4]: 126.347313 122.387993
[4]: 135.635345 126.389420
[4]: 131.682510 111.252876
[4]: 129.994431 123.659187
[4]: 125.252014 133.923080
[4]: 124.550041 128.397034
[4]: 123.304398 127.930695
[4]: 142.389343 122.162163
[4]: 127.060440 123.592026
[4]: 126.318466 132.753708
[4]: 131.406784 118.670052
[4]: 59.243607 67.263580
[4]: 132.321655 125.855522
[4]: 128.805679 131.628586
[4]: 134.476242 130.921097
[4]: 135.431473 113.843704
[4]: 133.201935 117.078583
[4]: 136.005051 123.219727
[4]: 126.077866 128.845459
[4]: 118.028755 137.093811
[4]: 126.355812 133.075012
[4]: 131.237411 118.086906
[4]: 121.950272 129.906662
[4]: 126.047691 74.227898
[4]: 124.494736 133.324158
[4]: 165.975052 140.945679
[4]: 131.829391 131.868683
[4]: 118.040085 128.115768
[3]: 170.804382 129.667557
[3]: 126.410263 129.926086
[3]: 124.837944 127.448074
[3]: 87.028862 60.540619
[3]: 129.347900 131.771637
[3]: 127.130692 126.479179
[3]: 128.430893 135.141663
[3]: 128.567245 130.633560
[3]: 127.134743 135.352875
[3]: 125.157944 125.978561
[3]: 126.177292 119.108917
[3]: 128.699799 127.657806
[3]: 127.535995 128.203644
[3]: 127.595848 132.660767
[3]: 126.965416 129.234131
[3]: 129.500519 131.750046
[3]: 126.976601 132.714172
[3]: 127.253662 155.685638
[3]: 126.583313 124.603302
[3]: 126.567436 122.442459
[3]: 126.379272 124.990410
[3]: 127.570908 136.959061
[3]: 127.384933 132.554504
[3]: 127.017296 128.384995
[3]: 127.858253 129.326920
[3]: 125.402740 120.673088
[3]: 128.785156 128.321609
[3]: 127.192978 128.891006
[3]: 128.816147 125.635117
[3]: 63.271858 64.354279
[3]: 128.976151 128.957504
[3]: 83.523529 117.774368
[3]: 128.281891 124.986511
[3]: 125.291595 121.671371
[2]: 169.320511 127.894775
[2]: 129.180496 136.264862
[2]: 129.536209 137.254089
[2]: 83.694153 113.327965
[2]: 128.738220 139.689117
[2]: 128.119675 126.364342
[2]: 126.916824 130.981094
[2]: 128.099792 128.233978
[2]: 127.164787 143.741364
[2]: 129.049805 136.178146
[2]: 126.769180 114.198883
[2]: 127.488693 130.096924
[2]: 128.552765 122.856323
[2]: 129.364120 141.394409
[2]: 127.992897 131.694214
[2]: 126.022034 125.654327
[2]: 129.874130 135.343277
[2]: 129.126068 68.268845
[2]: 129.720810 129.859833
[2]: 126.898117 117.726288
[2]: 129.461838 129.149658
[2]: 128.062515 144.983566
[2]: 128.755096 140.783249
[2]: 128.524277 136.607025
[2]: 125.763252 122.202629
[2]: 127.939247 115.770721
[2]: 126.294701 127.232552
[2]: 128.033249 141.488953
[2]: 125.811096 117.123810
[2]: 192.048828 187.028641
[2]: 126.718010 115.487915
[2]: 85.377289 115.701958
[2]: 127.548462 126.823853
[2]: 127.804573 119.795769
[1]: 87.684578 124.435265
[1]: 128.171982 126.022057
[1]: 136.124313 136.218262
[1]: 182.223907 195.582352
[1]: 139.645706 128.496063
[1]: 123.910385 127.885963
[1]: 126.258156 126.182396
[1]: 133.499908 126.707695
[1]: 128.847137 139.348587
[1]: 125.044945 128.695145
[1]: 117.452065 120.969055
[1]: 123.825027 129.116302
[1]: 133.526733 129.162750
[1]: 140.544586 133.181931
[1]: 131.393799 133.151993
[1]: 120.700348 118.258011
[1]: 139.901138 134.611816
[1]: 194.312347 191.817841
[1]: 138.374146 132.786499
[1]: 124.347137 122.490532
[1]: 125.255981 125.744560
[1]: 128.773193 135.743011
[1]: 137.220367 140.021667
[1]: 136.975357 134.113419
[1]: 124.525551 129.365189
[1]: 116.994019 119.186768
[1]: 120.613449 122.164551
[1]: 134.849304 136.165558
[1]: 125.919991 127.482735
[1]: 124.702881 131.550781
[1]: 125.897881 119.676590
[1]: 160.444000 117.413986
[1]: 129.822220 126.122925
[1]: 122.401138 130.843796
[0]: 77.258583 124.891190
[0]: 119.818802 117.632103
[0]: 117.966545 117.247887
[0]: 135.922302 91.521843
[0]: 98.276169 115.437042
[0]: 131.300888 129.795883
[0]: 128.816635 121.578682
[0]: 105.775742 123.861870
[0]: 119.390785 103.972305
[0]: 126.643318 121.032570
[0]: 145.975067 151.454742
[0]: 136.451004 124.158813
[0]: 125.948410 131.248230
[0]: 88.991585 105.238052
[0]: 120.817825 117.011108
[0]: 137.105545 130.063766
[0]: 106.389595 116.268654
[0]: 130.794739 155.970764
[0]: 106.763008 124.307205
[0]: 128.136627 141.321823
[0]: 120.813515 127.129501
[0]: 117.259766 105.662453
[0]: 107.908806 105.882210
[0]: 102.683144 112.333275
[0]: 133.498703 126.447815
[0]: 155.581482 147.295670
[0]: 139.271103 128.576889
[0]: 114.774986 112.386185
[0]: 137.794846 138.924698
[0]: 133.530762 185.904358
[0]: 135.561295 143.981277
[0]: 183.682816 146.401062
[0]: 118.044571 127.767845
[0]: 147.752319 137.356873
