[4]: 132.200165 132.432159
[4]: 126.504684 126.836334
[4]: 118.071960 117.904129
[4]: 174.352417 173.930054
[4]: 123.968231 124.594322
[4]: 126.954170 126.765602
[4]: 122.234947 122.387993
[4]: 126.264099 126.389420
[4]: 111.574425 111.252876
[4]: 123.599686 123.659187
[4]: 134.186890 133.923080
[4]: 128.414932 128.397034
[4]: 127.406036 127.930695
[4]: 121.952660 122.162163
[4]: 123.168304 123.592026
[4]: 132.162354 132.753708
[4]: 118.357903 118.670052
[4]: 67.397858 67.263580
[4]: 125.908737 125.855522
[4]: 131.819061 131.628586
[4]: 131.152344 130.921097
[4]: 113.983322 113.843704
[4]: 117.280701 117.078583
[4]: 123.704842 123.219727
[4]: 128.703171 128.845459
[4]: 136.845673 137.093811
[4]: 132.883316 133.075012
[4]: 117.927643 118.086906
[4]: 129.772598 129.906662
[4]: 74.362747 74.227898
[4]: 133.254486 133.324158
[4]: 141.673706 140.945679
[4]: 131.709061 131.868683
[4]: 127.591896 128.115768
[3]: 130.100555 129.667557
[3]: 130.181778 129.926086
[3]: 127.310112 127.448074
[3]: 60.654705 60.540619
[3]: 132.149323 131.771637
[3]: 126.304649 126.479179
[3]: 135.169373 135.141663
[3]: 130.721954 130.633560
[3]: 135.228195 135.352875
[3]: 126.134262 125.978561
[3]: 119.421204 119.108917
[3]: 127.818382 127.657806
[3]: 128.386169 128.203644
[3]: 132.779068 132.660767
[3]: 129.302307 129.234131
[3]: 131.901627 131.750046
[3]: 132.921524 132.714172
[3]: 155.436737 155.685638
[3]: 124.714073 124.603302
[3]: 122.443672 122.442459
[3]: 125.003044 124.990410
[3]: 137.053833 136.959061
[3]: 132.660324 132.554504
[3]: 128.193405 128.384995
[3]: 129.382355 129.326920
[3]: 120.786942 120.673088
[3]: 128.377518 128.321609
[3]: 128.973007 128.891006
[3]: 125.759087 125.635117
[3]: 64.082695 64.354279
[3]: 129.190125 128.957504
[3]: 117.684036 117.774368
[3]: 124.923622 124.986511
[3]: 121.743645 121.671371
[2]: 128.630630 127.894775
[2]: 135.964157 136.264862
[2]: 136.914154 137.254089
[2]: 113.339241 113.327965
[2]: 139.660278 139.689117
[2]: 126.382401 126.364342
[2]: 131.289169 130.981094
[2]: 128.675858 128.233978
[2]: 143.946503 143.741364
[2]: 136.245132 136.178146
[2]: 113.439949 114.198883
[2]: 129.928299 130.096924
[2]: 123.786659 122.856323
[2]: 140.903671 141.394409
[2]: 131.892532 131.694214
[2]: 126.241158 125.654327
[2]: 135.383835 135.343277
[2]: 68.396629 68.268845
[2]: 130.001755 129.859833
[2]: 117.734596 117.726288
[2]: 128.876083 129.149658
[2]: 145.106750 144.983566
[2]: 140.653687 140.783249
[2]: 135.891586 136.607025
[2]: 122.585091 122.202629
[2]: 116.243225 115.770721
[2]: 127.832207 127.232552
[2]: 141.516022 141.488953
[2]: 117.158653 117.123810
[2]: 186.892212 187.028641
[2]: 115.448692 115.487915
[2]: 114.326126 115.701958
[2]: 127.519592 126.823853
[2]: 120.199188 119.795769
[1]: 123.991478 124.435265
[1]: 126.001801 126.022057
[1]: 136.360260 136.218262
[1]: 195.688141 195.582352
[1]: 129.029083 128.496063
[1]: 127.802284 127.885963
[1]: 126.266747 126.182396
[1]: 126.286530 126.707695
[1]: 139.138611 139.348587
[1]: 128.691574 128.695145
[1]: 121.073647 120.969055
[1]: 129.278717 129.116302
[1]: 129.372131 129.162750
[1]: 133.413330 133.181931
[1]: 133.268555 133.151993
[1]: 118.493706 118.258011
[1]: 134.584702 134.611816
[1]: 191.992020 191.817841
[1]: 132.711823 132.786499
[1]: 122.394890 122.490532
[1]: 125.610428 125.744560
[1]: 135.468613 135.743011
[1]: 140.025101 140.021667
[1]: 133.892899 134.113419
[1]: 129.334839 129.365189
[1]: 119.109688 119.186768
[1]: 122.182159 122.164551
[1]: 136.213272 136.165558
[1]: 127.663124 127.482735
[1]: 131.653900 131.550781
[1]: 119.878036 119.676590
[1]: 117.584785 117.413986
[1]: 125.631851 126.122925
[1]: 131.053787 130.843796
[0]: 124.364761 124.891190
[0]: 118.032593 117.632103
[0]: 117.419540 117.247887
[0]: 91.194115 91.521843
[0]: 115.120476 115.437042
[0]: 129.855713 129.795883
[0]: 121.278755 121.578682
[0]: 123.886345 123.861870
[0]: 103.765274 103.972305
[0]: 120.831657 121.032570
[0]: 151.524231 151.454742
[0]: 123.970474 124.158813
[0]: 130.403152 131.248230
[0]: 105.605721 105.238052
[0]: 117.066467 117.011108
[0]: 129.631058 130.063766
[0]: 116.363396 116.268654
[0]: 156.072784 155.970764
[0]: 124.066727 124.307205
[0]: 141.212631 141.321823
[0]: 127.300255 127.129501
[0]: 105.555290 105.662453
[0]: 105.696671 105.882210
[0]: 113.036179 112.333275
[0]: 126.194969 126.447815
[0]: 147.010757 147.295670
[0]: 128.051102 128.576889
[0]: 112.370819 112.386185
[0]: 138.722092 138.924698
[0]: 185.626709 185.904358
[0]: 143.627640 143.981277
[0]: 147.005463 146.401062
[0]: 127.801025 127.767845
[0]: 137.198898 137.356873
