[4]: 156.496918 132.432159
[4]: 128.257675 126.836334
[4]: 125.836388 117.904129
[4]: 206.231522 173.930054
[4]: 129.505493 124.594322
[4]: 126.715225 126.765602
[4]: 125.867165 122.387993
[4]: 124.196220 126.389420
[4]: 127.943375 111.252876
[4]: 127.171906 123.659187
[4]: 128.425812 133.923080
[4]: 126.022476 128.397034
[4]: 127.289505 127.930695
[4]: 128.859924 122.162163
[4]: 125.786896 123.592026
[4]: 130.208466 132.753708
[4]: 128.469421 118.670052
[4]: 122.858383 67.263580
[4]: 127.546883 125.855522
[4]: 127.479836 131.628586
[4]: 128.591736 130.921097
[4]: 126.320473 113.843704
[4]: 127.269730 117.078583
[4]: 125.523537 123.219727
[4]: 125.936623 128.845459
[4]: 127.787575 137.093811
[4]: 128.275421 133.075012
[4]: 126.510994 118.086906
[4]: 125.712616 129.906662
[4]: 126.231430 74.227898
[4]: 126.004051 133.324158
[4]: 206.007324 140.945679
[4]: 129.788437 131.868683
[4]: 127.241943 128.115768
[3]: 170.860916 129.667557
[3]: 127.069672 129.926086
[3]: 124.864479 127.448074
[3]: 84.405045 60.540619
[3]: 129.958099 131.771637
[3]: 125.747742 126.479179
[3]: 129.582794 135.141663
[3]: 126.728188 130.633560
[3]: 129.789902 135.352875
[3]: 125.731178 125.978561
[3]: 124.477264 119.108917
[3]: 126.020447 127.657806
[3]: 129.145264 128.203644
[3]: 127.416000 132.660767
[3]: 125.894348 129.234131
[3]: 191.828171 131.750046
[3]: 126.793526 132.714172
[3]: 127.361610 155.685638
[3]: 126.088013 124.603302
[3]: 127.446312 122.442459
[3]: 126.131447 124.990410
[3]: 128.079865 136.959061
[3]: 127.317795 132.554504
[3]: 129.361099 128.384995
[3]: 128.142395 129.326920
[3]: 125.432747 120.673088
[3]: 129.369003 128.321609
[3]: 127.150681 128.891006
[3]: 126.742004 125.635117
[3]: 124.613617 64.354279
[3]: 128.525986 128.957504
[3]: 86.208572 117.774368
[3]: 127.208702 124.986511
[3]: 125.562027 121.671371
[2]: 169.070312 127.894775
[2]: 127.920799 136.264862
[2]: 128.856964 137.254089
[2]: 85.271324 113.327965
[2]: 126.525566 139.689117
[2]: 129.592697 126.364342
[2]: 125.612953 130.981094
[2]: 128.678375 128.233978
[2]: 123.999237 143.741364
[2]: 128.371109 136.178146
[2]: 129.568558 114.198883
[2]: 130.542770 130.096924
[2]: 126.962334 122.856323
[2]: 127.690254 141.394409
[2]: 128.709747 131.694214
[2]: 64.323021 125.654327
[2]: 128.720993 135.343277
[2]: 129.024261 68.268845
[2]: 129.118515 129.859833
[2]: 126.065102 117.726288
[2]: 129.540482 129.149658
[2]: 127.156685 144.983566
[2]: 127.868660 140.783249
[2]: 124.804443 136.607025
[2]: 125.847252 122.202629
[2]: 129.440643 115.770721
[2]: 126.294060 127.232552
[2]: 127.554718 141.488953
[2]: 128.594162 117.123810
[2]: 130.121887 187.028641
[2]: 127.766975 115.487915
[2]: 83.545891 115.701958
[2]: 127.865479 126.823853
[2]: 128.596375 119.795769
[1]: 50.353218 124.435265
[1]: 129.082336 126.022057
[1]: 131.339050 136.218262
[1]: 206.068359 195.582352
[1]: 127.825066 128.496063
[1]: 127.279396 127.885963
[1]: 127.959213 126.182396
[1]: 130.159515 126.707695
[1]: 126.785332 139.348587
[1]: 127.375908 128.695145
[1]: 126.509674 120.969055
[1]: 130.610107 129.116302
[1]: 126.380119 129.162750
[1]: 126.731903 133.181931
[1]: 128.975494 133.151993
[1]: 122.963425 118.258011
[1]: 129.014938 134.611816
[1]: 131.680679 191.817841
[1]: 126.902046 132.786499
[1]: 126.456337 122.490532
[1]: 126.946091 125.744560
[1]: 128.234772 135.743011
[1]: 129.906448 140.021667
[1]: 129.251343 134.113419
[1]: 128.369583 129.365189
[1]: 124.737839 119.186768
[1]: 126.268097 122.164551
[1]: 128.949249 136.165558
[1]: 128.320465 127.482735
[1]: 128.704239 131.550781
[1]: 127.996552 119.676590
[1]: 100.036575 117.413986
[1]: 127.730278 126.122925
[1]: 128.376968 130.843796
[0]: 48.897297 124.891190
[0]: 124.957924 117.632103
[0]: 126.490776 117.247887
[0]: 98.841454 91.521843
[0]: 127.026558 115.437042
[0]: 127.521919 129.795883
[0]: 127.513718 121.578682
[0]: 125.810600 123.861870
[0]: 127.324318 103.972305
[0]: 127.427315 121.032570
[0]: 129.330368 151.454742
[0]: 126.103287 124.158813
[0]: 129.251389 131.248230
[0]: 125.327049 105.238052
[0]: 125.922874 117.011108
[0]: 128.769409 130.063766
[0]: 125.515961 116.268654
[0]: 127.523773 155.970764
[0]: 127.949432 124.307205
[0]: 127.174263 141.321823
[0]: 126.387878 127.129501
[0]: 129.392456 105.662453
[0]: 125.738258 105.882210
[0]: 126.948647 112.333275
[0]: 128.346970 126.447815
[0]: 131.318161 147.295670
[0]: 129.072830 128.576889
[0]: 128.337402 112.386185
[0]: 128.909302 138.924698
[0]: 127.922096 185.904358
[0]: 129.845657 143.981277
[0]: 205.807190 146.401062
[0]: 124.819099 127.767845
[0]: 127.629990 137.356873
