[4]: 133.454849 132.432159
[4]: 126.402649 126.836334
[4]: 116.858932 117.904129
[4]: 173.018250 173.930054
[4]: 126.292999 124.594322
[4]: 126.346794 126.765602
[4]: 121.852982 122.387993
[4]: 127.978577 126.389420
[4]: 112.875038 111.252876
[4]: 122.805779 123.659187
[4]: 134.755630 133.923080
[4]: 128.837753 128.397034
[4]: 128.811813 127.930695
[4]: 122.924545 122.162163
[4]: 125.243179 123.592026
[4]: 134.163681 132.753708
[4]: 119.537689 118.670052
[4]: 67.108772 67.263580
[4]: 125.432877 125.855522
[4]: 130.996185 131.628586
[4]: 129.858139 130.921097
[4]: 113.970963 113.843704
[4]: 117.035782 117.078583
[4]: 122.532768 123.219727
[4]: 127.422165 128.845459
[4]: 137.127655 137.093811
[4]: 135.509125 133.075012
[4]: 117.725243 118.086906
[4]: 130.762848 129.906662
[4]: 73.360123 74.227898
[4]: 134.260788 133.324158
[4]: 139.407013 140.945679
[4]: 131.718735 131.868683
[4]: 129.758484 128.115768
[3]: 127.397369 129.667557
[3]: 129.357239 129.926086
[3]: 127.483261 127.448074
[3]: 60.674828 60.540619
[3]: 132.182419 131.771637
[3]: 127.354195 126.479179
[3]: 135.583069 135.141663
[3]: 129.443604 130.633560
[3]: 134.618744 135.352875
[3]: 126.450012 125.978561
[3]: 117.328850 119.108917
[3]: 126.744293 127.657806
[3]: 127.546936 128.203644
[3]: 132.143539 132.660767
[3]: 128.386658 129.234131
[3]: 131.010010 131.750046
[3]: 133.160675 132.714172
[3]: 157.834015 155.685638
[3]: 124.092148 124.603302
[3]: 123.595039 122.442459
[3]: 125.831978 124.990410
[3]: 137.180618 136.959061
[3]: 131.671463 132.554504
[3]: 130.104279 128.384995
[3]: 130.289505 129.326920
[3]: 120.455727 120.673088
[3]: 126.256104 128.321609
[3]: 129.395416 128.891006
[3]: 125.743668 125.635117
[3]: 64.825325 64.354279
[3]: 129.137207 128.957504
[3]: 121.076736 117.774368
[3]: 125.826424 124.986511
[3]: 121.729897 121.671371
[2]: 126.674660 127.894775
[2]: 137.353210 136.264862
[2]: 136.810135 137.254089
[2]: 111.944725 113.327965
[2]: 138.575668 139.689117
[2]: 126.526604 126.364342
[2]: 129.654343 130.981094
[2]: 127.917488 128.233978
[2]: 141.664948 143.741364
[2]: 137.913025 136.178146
[2]: 114.044762 114.198883
[2]: 128.678085 130.096924
[2]: 122.414062 122.856323
[2]: 140.365799 141.394409
[2]: 131.659042 131.694214
[2]: 125.107117 125.654327
[2]: 134.139771 135.343277
[2]: 67.562279 68.268845
[2]: 130.890091 129.859833
[2]: 117.154427 117.726288
[2]: 130.677689 129.149658
[2]: 145.059097 144.983566
[2]: 141.782806 140.783249
[2]: 138.088562 136.607025
[2]: 123.897499 122.202629
[2]: 115.298187 115.770721
[2]: 125.521103 127.232552
[2]: 140.631256 141.488953
[2]: 116.399414 117.123810
[2]: 185.913834 187.028641
[2]: 115.001831 115.487915
[2]: 116.735107 115.701958
[2]: 126.481049 126.823853
[2]: 119.047470 119.795769
[1]: 126.181511 124.435265
[1]: 125.779930 126.022057
[1]: 136.863022 136.218262
[1]: 196.110733 195.582352
[1]: 127.328560 128.496063
[1]: 127.873856 127.885963
[1]: 126.206131 126.182396
[1]: 126.781166 126.707695
[1]: 138.191040 139.348587
[1]: 128.803162 128.695145
[1]: 120.901886 120.969055
[1]: 129.953537 129.116302
[1]: 128.661530 129.162750
[1]: 133.543518 133.181931
[1]: 132.792007 133.151993
[1]: 118.215813 118.258011
[1]: 134.006271 134.611816
[1]: 190.863480 191.817841
[1]: 132.677170 132.786499
[1]: 123.526871 122.490532
[1]: 126.010452 125.744560
[1]: 136.435501 135.743011
[1]: 139.838699 140.021667
[1]: 133.465469 134.113419
[1]: 128.941849 129.365189
[1]: 119.624435 119.186768
[1]: 121.548630 122.164551
[1]: 135.347992 136.165558
[1]: 126.328400 127.482735
[1]: 132.107178 131.550781
[1]: 118.884857 119.676590
[1]: 116.199471 117.413986
[1]: 125.546150 126.122925
[1]: 129.165863 130.843796
[0]: 125.675400 124.891190
[0]: 117.776070 117.632103
[0]: 117.967018 117.247887
[0]: 92.406029 91.521843
[0]: 115.568199 115.437042
[0]: 129.133224 129.795883
[0]: 123.076622 121.578682
[0]: 123.705208 123.861870
[0]: 106.333275 103.972305
[0]: 119.384041 121.032570
[0]: 152.911362 151.454742
[0]: 125.254593 124.158813
[0]: 132.065796 131.248230
[0]: 105.528778 105.238052
[0]: 116.495102 117.011108
[0]: 130.088730 130.063766
[0]: 116.701172 116.268654
[0]: 155.442017 155.970764
[0]: 124.266273 124.307205
[0]: 140.314117 141.321823
[0]: 125.414276 127.129501
[0]: 104.259064 105.662453
[0]: 105.813866 105.882210
[0]: 110.171623 112.333275
[0]: 125.571548 126.447815
[0]: 147.681763 147.295670
[0]: 130.789810 128.576889
[0]: 113.892632 112.386185
[0]: 140.009796 138.924698
[0]: 186.800888 185.904358
[0]: 144.340668 143.981277
[0]: 144.833969 146.401062
[0]: 128.023529 127.767845
[0]: 138.199539 137.356873
