[4]: 133.441681 132.432159
[4]: 126.342262 126.836334
[4]: 117.004044 117.904129
[4]: 172.927063 173.930054
[4]: 126.392372 124.594322
[4]: 126.313248 126.765602
[4]: 121.944977 122.387993
[4]: 127.820030 126.389420
[4]: 112.842308 111.252876
[4]: 122.972488 123.659187
[4]: 134.533890 133.923080
[4]: 128.902405 128.397034
[4]: 128.901215 127.930695
[4]: 122.744232 122.162163
[4]: 125.210815 123.592026
[4]: 134.215332 132.753708
[4]: 119.603508 118.670052
[4]: 67.164116 67.263580
[4]: 125.448898 125.855522
[4]: 130.789658 131.628586
[4]: 129.948471 130.921097
[4]: 113.841751 113.843704
[4]: 117.009674 117.078583
[4]: 122.191307 123.219727
[4]: 127.541588 128.845459
[4]: 136.949265 137.093811
[4]: 135.501633 133.075012
[4]: 117.747246 118.086906
[4]: 131.004837 129.906662
[4]: 73.260605 74.227898
[4]: 134.419250 133.324158
[4]: 139.337112 140.945679
[4]: 131.789337 131.868683
[4]: 129.655045 128.115768
[3]: 127.279320 129.667557
[3]: 129.149536 129.926086
[3]: 127.202202 127.448074
[3]: 60.680756 60.540619
[3]: 132.183456 131.771637
[3]: 127.496994 126.479179
[3]: 135.404556 135.141663
[3]: 129.718262 130.633560
[3]: 134.439178 135.352875
[3]: 126.428078 125.978561
[3]: 117.596611 119.108917
[3]: 126.547775 127.657806
[3]: 127.331276 128.203644
[3]: 132.343307 132.660767
[3]: 128.597549 129.234131
[3]: 130.859131 131.750046
[3]: 133.137283 132.714172
[3]: 158.104141 155.685638
[3]: 124.027893 124.603302
[3]: 123.964920 122.442459
[3]: 125.600441 124.990410
[3]: 137.426590 136.959061
[3]: 131.787643 132.554504
[3]: 130.360657 128.384995
[3]: 130.049225 129.326920
[3]: 120.840454 120.673088
[3]: 126.535278 128.321609
[3]: 129.501053 128.891006
[3]: 125.560204 125.635117
[3]: 64.944527 64.354279
[3]: 129.071106 128.957504
[3]: 120.988594 117.774368
[3]: 125.707085 124.986511
[3]: 121.583168 121.671371
[2]: 126.674583 127.894775
[2]: 137.235062 136.264862
[2]: 136.872437 137.254089
[2]: 111.794739 113.327965
[2]: 138.752106 139.689117
[2]: 126.480560 126.364342
[2]: 129.454422 130.981094
[2]: 127.995537 128.233978
[2]: 141.806458 143.741364
[2]: 137.877136 136.178146
[2]: 114.166054 114.198883
[2]: 128.496887 130.096924
[2]: 122.553787 122.856323
[2]: 140.251068 141.394409
[2]: 131.477371 131.694214
[2]: 125.196259 125.654327
[2]: 134.187576 135.343277
[2]: 67.504944 68.268845
[2]: 130.953384 129.859833
[2]: 117.035614 117.726288
[2]: 130.868530 129.149658
[2]: 144.982224 144.983566
[2]: 141.950272 140.783249
[2]: 138.274979 136.607025
[2]: 123.746452 122.202629
[2]: 115.286850 115.770721
[2]: 125.328529 127.232552
[2]: 140.780792 141.488953
[2]: 116.452911 117.123810
[2]: 185.806534 187.028641
[2]: 115.071472 115.487915
[2]: 116.974579 115.701958
[2]: 126.349403 126.823853
[2]: 119.126534 119.795769
[1]: 126.129662 124.435265
[1]: 126.426834 126.022057
[1]: 136.877243 136.218262
[1]: 196.286163 195.582352
[1]: 127.131523 128.496063
[1]: 127.646454 127.885963
[1]: 126.424507 126.182396
[1]: 126.766579 126.707695
[1]: 138.288864 139.348587
[1]: 128.875610 128.695145
[1]: 120.847458 120.969055
[1]: 130.165024 129.116302
[1]: 128.899185 129.162750
[1]: 133.476151 133.181931
[1]: 132.836288 133.151993
[1]: 118.276695 118.258011
[1]: 134.056992 134.611816
[1]: 190.695541 191.817841
[1]: 132.760834 132.786499
[1]: 123.359367 122.490532
[1]: 125.902672 125.744560
[1]: 136.487473 135.743011
[1]: 139.828766 140.021667
[1]: 133.345718 134.113419
[1]: 129.261414 129.365189
[1]: 119.643120 119.186768
[1]: 121.511436 122.164551
[1]: 135.166962 136.165558
[1]: 126.195267 127.482735
[1]: 132.297638 131.550781
[1]: 118.597832 119.676590
[1]: 116.128036 117.413986
[1]: 125.902519 126.122925
[1]: 129.306549 130.843796
[0]: 125.870049 124.891190
[0]: 117.482262 117.632103
[0]: 118.065018 117.247887
[0]: 92.623550 91.521843
[0]: 115.488792 115.437042
[0]: 129.315125 129.795883
[0]: 123.140167 121.578682
[0]: 123.503563 123.861870
[0]: 106.333931 103.972305
[0]: 119.199173 121.032570
[0]: 152.774368 151.454742
[0]: 125.366402 124.158813
[0]: 131.790009 131.248230
[0]: 105.718712 105.238052
[0]: 116.457443 117.011108
[0]: 130.008850 130.063766
[0]: 116.561714 116.268654
[0]: 155.410629 155.970764
[0]: 124.175125 124.307205
[0]: 140.434250 141.321823
[0]: 125.484322 127.129501
[0]: 104.177528 105.662453
[0]: 105.576996 105.882210
[0]: 110.208534 112.333275
[0]: 125.512321 126.447815
[0]: 147.424377 147.295670
[0]: 130.724213 128.576889
[0]: 113.817833 112.386185
[0]: 140.030151 138.924698
[0]: 186.837494 185.904358
[0]: 144.455215 143.981277
[0]: 144.801163 146.401062
[0]: 127.820580 127.767845
[0]: 138.234985 137.356873
