[4]: 133.313782 132.432159
[4]: 129.125870 126.836334
[4]: 123.291443 117.904129
[4]: 138.899979 173.930054
[4]: 127.636818 124.594322
[4]: 127.234314 126.765602
[4]: 127.972557 122.387993
[4]: 128.994507 126.389420
[4]: 125.178978 111.252876
[4]: 126.714180 123.659187
[4]: 122.162254 133.923080
[4]: 127.566864 128.397034
[4]: 127.200233 127.930695
[4]: 127.356995 122.162163
[4]: 130.797852 123.592026
[4]: 129.325974 132.753708
[4]: 122.639366 118.670052
[4]: 67.835831 67.263580
[4]: 126.498817 125.855522
[4]: 128.823517 131.628586
[4]: 126.788986 130.921097
[4]: 128.021835 113.843704
[4]: 126.029045 117.078583
[4]: 126.442909 123.219727
[4]: 128.747879 128.845459
[4]: 128.340073 137.093811
[4]: 131.538513 133.075012
[4]: 124.358841 118.086906
[4]: 127.296608 129.906662
[4]: 58.701027 74.227898
[4]: 128.139084 133.324158
[4]: 128.641541 140.945679
[4]: 128.900497 131.868683
[4]: 127.245041 128.115768
[3]: 129.005234 129.667557
[3]: 126.553864 129.926086
[3]: 128.224274 127.448074
[3]: 58.853504 60.540619
[3]: 130.795395 131.771637
[3]: 129.445374 126.479179
[3]: 127.452263 135.141663
[3]: 129.872467 130.633560
[3]: 128.520142 135.352875
[3]: 124.131554 125.978561
[3]: 126.888817 119.108917
[3]: 127.258125 127.657806
[3]: 126.645447 128.203644
[3]: 125.335716 132.660767
[3]: 125.792770 129.234131
[3]: 128.783707 131.750046
[3]: 128.262344 132.714172
[3]: 189.013290 155.685638
[3]: 126.039978 124.603302
[3]: 130.295990 122.442459
[3]: 126.883774 124.990410
[3]: 129.461136 136.959061
[3]: 126.234177 132.554504
[3]: 129.307816 128.384995
[3]: 129.190811 129.326920
[3]: 129.531448 120.673088
[3]: 125.285202 128.321609
[3]: 126.679291 128.891006
[3]: 129.141068 125.635117
[3]: 116.386612 64.354279
[3]: 130.695511 128.957504
[3]: 125.728210 117.774368
[3]: 127.342613 124.986511
[3]: 126.621620 121.671371
[2]: 122.923744 127.894775
[2]: 128.372391 136.264862
[2]: 127.396683 137.254089
[2]: 114.669334 113.327965
[2]: 128.151184 139.689117
[2]: 127.032120 126.364342
[2]: 126.304398 130.981094
[2]: 126.050056 128.233978
[2]: 126.749283 143.741364
[2]: 132.915283 136.178146
[2]: 132.499710 114.198883
[2]: 128.441650 130.096924
[2]: 129.620621 122.856323
[2]: 127.669525 141.394409
[2]: 123.084778 131.694214
[2]: 128.449661 125.654327
[2]: 129.900909 135.343277
[2]: 69.426575 68.268845
[2]: 127.309105 129.859833
[2]: 124.246582 117.726288
[2]: 131.649307 129.149658
[2]: 124.962601 144.983566
[2]: 128.321762 140.783249
[2]: 125.610886 136.607025
[2]: 122.981812 122.202629
[2]: 126.404373 115.770721
[2]: 126.278763 127.232552
[2]: 128.198181 141.488953
[2]: 126.520126 117.123810
[2]: 196.451828 187.028641
[2]: 128.394897 115.487915
[2]: 130.333710 115.701958
[2]: 126.168922 126.823853
[2]: 124.977104 119.795769
[1]: 126.361465 124.435265
[1]: 125.806679 126.022057
[1]: 130.652771 136.218262
[1]: 198.670181 195.582352
[1]: 126.115265 128.496063
[1]: 125.964661 127.885963
[1]: 127.703583 126.182396
[1]: 123.933334 126.707695
[1]: 128.041168 139.348587
[1]: 124.937935 128.695145
[1]: 128.645264 120.969055
[1]: 128.501266 129.116302
[1]: 127.899033 129.162750
[1]: 128.727066 133.181931
[1]: 128.782730 133.151993
[1]: 123.967384 118.258011
[1]: 130.098175 134.611816
[1]: 185.892883 191.817841
[1]: 130.328720 132.786499
[1]: 124.183357 122.490532
[1]: 124.932434 125.744560
[1]: 128.764740 135.743011
[1]: 129.932892 140.021667
[1]: 127.298882 134.113419
[1]: 128.187881 129.365189
[1]: 126.438095 119.186768
[1]: 128.293060 122.164551
[1]: 131.378357 136.165558
[1]: 127.674583 127.482735
[1]: 138.339325 131.550781
[1]: 124.904533 119.676590
[1]: 124.520874 117.413986
[1]: 127.584038 126.122925
[1]: 130.869659 130.843796
[0]: 10.442197 124.891190
[0]: 10.077744 117.632103
[0]: 9.785290 117.247887
[0]: 7.886390 91.521843
[0]: 9.966130 115.437042
[0]: 10.948252 129.795883
[0]: 10.371085 121.578682
[0]: 10.499734 123.861870
[0]: 9.025619 103.972305
[0]: 9.888830 121.032570
[0]: 13.139008 151.454742
[0]: 10.775264 124.158813
[0]: 11.150785 131.248230
[0]: 8.928156 105.238052
[0]: 9.706326 117.011108
[0]: 10.870819 130.063766
[0]: 9.764218 116.268654
[0]: 13.088036 155.970764
[0]: 10.423343 124.307205
[0]: 11.766303 141.321823
[0]: 10.380223 127.129501
[0]: 8.354427 105.662453
[0]: 8.836172 105.882210
[0]: 9.140161 112.333275
[0]: 10.538994 126.447815
[0]: 12.199849 147.295670
[0]: 11.241881 128.576889
[0]: 9.896815 112.386185
[0]: 11.972496 138.924698
[0]: 15.767678 185.904358
[0]: 11.997050 143.981277
[0]: 12.261090 146.401062
[0]: 10.572731 127.767845
[0]: 11.841407 137.356873
