[4]: 132.432159 133.522812
[4]: 126.836334 126.208191
[4]: 117.904129 116.975174
[4]: 173.930054 172.747849
[4]: 124.594322 126.422554
[4]: 126.765602 126.293427
[4]: 122.387993 122.108719
[4]: 126.389420 127.796471
[4]: 111.252876 113.223450
[4]: 123.659187 123.187317
[4]: 133.923080 134.706894
[4]: 128.397034 129.073212
[4]: 127.930695 129.065155
[4]: 122.162163 122.674706
[4]: 123.592026 125.221077
[4]: 132.753708 134.305450
[4]: 118.670052 120.249390
[4]: 67.263580 67.210487
[4]: 125.855522 125.423973
[4]: 131.628586 130.747299
[4]: 130.921097 129.967972
[4]: 113.843704 113.549301
[4]: 117.078583 117.221794
[4]: 123.219727 121.875465
[4]: 128.845459 127.746582
[4]: 137.093811 136.626389
[4]: 133.075012 135.454422
[4]: 118.086906 117.898079
[4]: 129.906662 130.719696
[4]: 74.227898 73.099152
[4]: 133.324158 134.523056
[4]: 140.945679 139.379227
[4]: 131.868683 132.058914
[4]: 128.115768 130.000870
[3]: 129.667557 127.025055
[3]: 129.926086 129.158829
[3]: 127.448074 127.372467
[3]: 60.540619 60.878082
[3]: 131.771637 132.145874
[3]: 126.479179 127.485329
[3]: 135.141663 135.112946
[3]: 130.633560 129.920380
[3]: 135.352875 134.325012
[3]: 125.978561 126.201996
[3]: 119.108917 117.404541
[3]: 127.657806 126.276382
[3]: 128.203644 127.326645
[3]: 132.660767 132.345688
[3]: 129.234131 128.795975
[3]: 131.750046 130.535126
[3]: 132.714172 132.809235
[3]: 155.685638 158.595306
[3]: 124.603302 123.968002
[3]: 122.442459 124.138931
[3]: 124.990410 125.784500
[3]: 136.959061 137.811111
[3]: 132.554504 131.710815
[3]: 128.384995 130.711670
[3]: 129.326920 130.009216
[3]: 120.673088 121.115051
[3]: 128.321609 126.189743
[3]: 128.891006 129.769119
[3]: 125.635117 125.490318
[3]: 64.354279 65.061584
[3]: 128.957504 129.207306
[3]: 117.774368 121.261002
[3]: 124.986511 125.583282
[3]: 121.671371 121.521774
[2]: 127.894775 126.706108
[2]: 136.264862 137.147064
[2]: 137.254089 136.577271
[2]: 113.327965 111.697426
[2]: 139.689117 138.610397
[2]: 126.364342 126.473923
[2]: 130.981094 129.205673
[2]: 128.233978 128.106140
[2]: 143.741364 141.471298
[2]: 136.178146 137.775543
[2]: 114.198883 114.142685
[2]: 130.096924 128.371048
[2]: 122.856323 122.515167
[2]: 141.394409 140.368103
[2]: 131.694214 131.532288
[2]: 125.654327 125.271759
[2]: 135.343277 133.797760
[2]: 68.268845 67.323196
[2]: 129.859833 130.802139
[2]: 117.726288 117.197784
[2]: 129.149658 130.948486
[2]: 144.983566 145.340149
[2]: 140.783249 141.801651
[2]: 136.607025 138.165146
[2]: 122.202629 123.695435
[2]: 115.770721 115.709450
[2]: 127.232552 125.439209
[2]: 141.488953 140.652679
[2]: 117.123810 116.621941
[2]: 187.028641 185.784302
[2]: 115.487915 115.404892
[2]: 115.701958 116.397408
[2]: 126.823853 126.372803
[2]: 119.795769 118.759933
[1]: 124.435265 126.345490
[1]: 126.022057 126.718727
[1]: 136.218262 137.062195
[1]: 195.582352 196.375259
[1]: 128.496063 127.107285
[1]: 127.885963 127.761795
[1]: 126.182396 126.641296
[1]: 126.707695 126.323250
[1]: 139.348587 138.330246
[1]: 128.695145 128.633987
[1]: 120.969055 120.609970
[1]: 129.116302 130.286255
[1]: 129.162750 128.574829
[1]: 133.181931 133.453552
[1]: 133.151993 132.691833
[1]: 118.258011 118.390114
[1]: 134.611816 133.920624
[1]: 191.817841 190.627686
[1]: 132.786499 133.060791
[1]: 122.490532 123.351936
[1]: 125.744560 125.960587
[1]: 135.743011 136.620300
[1]: 140.021667 139.774475
[1]: 134.113419 133.651245
[1]: 129.365189 128.993774
[1]: 119.186768 119.550102
[1]: 122.164551 121.564644
[1]: 136.165558 134.987564
[1]: 127.482735 126.450752
[1]: 131.550781 132.772995
[1]: 119.676590 118.397034
[1]: 117.413986 116.082092
[1]: 126.122925 125.698441
[1]: 130.843796 129.118240
[0]: 124.891190 125.765472
[0]: 117.632103 117.360275
[0]: 117.247887 118.053101
[0]: 91.521843 92.678970
[0]: 115.437042 115.640846
[0]: 129.795883 129.237457
[0]: 121.578682 123.306305
[0]: 123.861870 123.663483
[0]: 103.972305 106.371460
[0]: 121.032570 119.584991
[0]: 151.454742 153.120758
[0]: 124.158813 125.480675
[0]: 131.248230 132.030121
[0]: 105.238052 105.660385
[0]: 117.011108 116.322319
[0]: 130.063766 130.019028
[0]: 116.268654 116.799812
[0]: 155.970764 155.510635
[0]: 124.307205 124.114555
[0]: 141.321823 140.139175
[0]: 127.129501 125.093384
[0]: 105.662453 103.529823
[0]: 105.882210 105.654961
[0]: 112.333275 109.930115
[0]: 126.447815 125.685432
[0]: 147.295670 147.127975
[0]: 128.576889 130.947586
[0]: 112.386185 113.704018
[0]: 138.924698 139.974777
[0]: 185.904358 186.701263
[0]: 143.981277 144.052063
[0]: 146.401062 145.114899
[0]: 127.767845 127.850937
[0]: 137.356873 138.564941
