[4]: 136.085434 132.432159
[4]: 123.305275 126.836334
[4]: 116.400505 117.904129
[4]: 174.935562 173.930054
[4]: 124.389214 124.594322
[4]: 126.094048 126.765602
[4]: 123.807961 122.387993
[4]: 126.439201 126.389420
[4]: 109.347366 111.252876
[4]: 125.524719 123.659187
[4]: 135.484055 133.923080
[4]: 133.689743 128.397034
[4]: 126.747314 127.930695
[4]: 123.077782 122.162163
[4]: 120.566254 123.592026
[4]: 131.597198 132.753708
[4]: 117.445038 118.670052
[4]: 67.943069 67.263580
[4]: 128.202301 125.855522
[4]: 130.050690 131.628586
[4]: 128.772110 130.921097
[4]: 112.393791 113.843704
[4]: 114.813805 117.078583
[4]: 124.709175 123.219727
[4]: 129.552505 128.845459
[4]: 132.751968 137.093811
[4]: 130.807571 133.075012
[4]: 118.513420 118.086906
[4]: 129.098236 129.906662
[4]: 75.286560 74.227898
[4]: 133.381241 133.324158
[4]: 136.726471 140.945679
[4]: 130.587341 131.868683
[4]: 123.333626 128.115768
[3]: 124.377213 129.667557
[3]: 129.784988 129.926086
[3]: 126.414383 127.448074
[3]: 62.397743 60.540619
[3]: 129.745956 131.771637
[3]: 126.921692 126.479179
[3]: 134.723251 135.141663
[3]: 129.109558 130.633560
[3]: 137.032974 135.352875
[3]: 124.826828 125.978561
[3]: 119.545723 119.108917
[3]: 122.944794 127.657806
[3]: 129.382355 128.203644
[3]: 131.611664 132.660767
[3]: 131.579315 129.234131
[3]: 130.900696 131.750046
[3]: 133.115082 132.714172
[3]: 158.028152 155.685638
[3]: 122.602875 124.603302
[3]: 123.916405 122.442459
[3]: 126.977448 124.990410
[3]: 140.482346 136.959061
[3]: 132.965942 132.554504
[3]: 128.523254 128.384995
[3]: 128.728928 129.326920
[3]: 123.522163 120.673088
[3]: 127.372086 128.321609
[3]: 128.868423 128.891006
[3]: 127.626907 125.635117
[3]: 63.522007 64.354279
[3]: 129.880875 128.957504
[3]: 123.237480 117.774368
[3]: 126.455132 124.986511
[3]: 124.495644 121.671371
[2]: 124.593285 127.894775
[2]: 138.327225 136.264862
[2]: 139.195328 137.254089
[2]: 111.532433 113.327965
[2]: 139.685608 139.689117
[2]: 129.889618 126.364342
[2]: 129.462509 130.981094
[2]: 127.254417 128.233978
[2]: 146.240601 143.741364
[2]: 136.348907 136.178146
[2]: 111.328514 114.198883
[2]: 123.636482 130.096924
[2]: 124.090317 122.856323
[2]: 140.029785 141.394409
[2]: 132.611832 131.694214
[2]: 125.944366 125.654327
[2]: 140.680313 135.343277
[2]: 67.491974 68.268845
[2]: 127.017578 129.859833
[2]: 120.989243 117.726288
[2]: 131.137680 129.149658
[2]: 147.720535 144.983566
[2]: 144.670364 140.783249
[2]: 135.111588 136.607025
[2]: 120.870903 122.202629
[2]: 120.680954 115.770721
[2]: 130.367218 127.232552
[2]: 141.473190 141.488953
[2]: 116.713150 117.123810
[2]: 183.095779 187.028641
[2]: 113.224953 115.487915
[2]: 122.153183 115.701958
[2]: 127.228561 126.823853
[2]: 126.754333 119.795769
[1]: 125.528664 124.435265
[1]: 129.054779 126.022057
[1]: 137.986435 136.218262
[1]: 195.972183 195.582352
[1]: 127.889816 128.496063
[1]: 127.583374 127.885963
[1]: 126.775002 126.182396
[1]: 126.187164 126.707695
[1]: 139.083679 139.348587
[1]: 127.224304 128.695145
[1]: 120.011169 120.969055
[1]: 127.535675 129.116302
[1]: 129.266144 129.162750
[1]: 133.343506 133.181931
[1]: 133.734314 133.151993
[1]: 119.079750 118.258011
[1]: 135.666595 134.611816
[1]: 191.211975 191.817841
[1]: 130.765366 132.786499
[1]: 122.761520 122.490532
[1]: 126.339577 125.744560
[1]: 134.898514 135.743011
[1]: 137.841583 140.021667
[1]: 134.177307 134.113419
[1]: 127.385033 129.365189
[1]: 122.863304 119.186768
[1]: 123.768303 122.164551
[1]: 135.233322 136.165558
[1]: 128.425873 127.482735
[1]: 135.789261 131.550781
[1]: 121.577209 119.676590
[1]: 116.500771 117.413986
[1]: 124.969177 126.122925
[1]: 132.824860 130.843796
[0]: 129.088455 124.891190
[0]: 115.968636 117.632103
[0]: 115.825249 117.247887
[0]: 88.367531 91.521843
[0]: 118.511780 115.437042
[0]: 126.600327 129.795883
[0]: 121.420639 121.578682
[0]: 127.109337 123.861870
[0]: 101.481461 103.972305
[0]: 121.716599 121.032570
[0]: 153.744415 151.454742
[0]: 132.298996 124.158813
[0]: 129.779068 131.248230
[0]: 106.421593 105.238052
[0]: 115.898888 117.011108
[0]: 131.146942 130.063766
[0]: 110.054672 116.268654
[0]: 153.479980 155.970764
[0]: 129.221619 124.307205
[0]: 137.766510 141.321823
[0]: 124.479553 127.129501
[0]: 101.074600 105.662453
[0]: 105.833305 105.882210
[0]: 111.874718 112.333275
[0]: 129.915787 126.447815
[0]: 139.724487 147.295670
[0]: 126.990211 128.576889
[0]: 112.826027 112.386185
[0]: 137.054230 138.924698
[0]: 186.728821 185.904358
[0]: 143.406860 143.981277
[0]: 139.281662 146.401062
[0]: 128.402100 127.767845
[0]: 129.772476 137.356873
