[4]: 90.656479 132.432159
[4]: 128.754654 126.836334
[4]: 125.521637 117.904129
[4]: 174.479813 173.930054
[4]: 130.265533 124.594322
[4]: 128.529556 126.765602
[4]: 127.166138 122.387993
[4]: 126.840912 126.389420
[4]: 128.738739 111.252876
[4]: 129.745132 123.659187
[4]: 127.640572 133.923080
[4]: 128.480759 128.397034
[4]: 125.409889 127.930695
[4]: 130.434509 122.162163
[4]: 125.820213 123.592026
[4]: 132.193878 132.753708
[4]: 126.783325 118.670052
[4]: 60.244846 67.263580
[4]: 125.917442 125.855522
[4]: 127.849625 131.628586
[4]: 129.794510 130.921097
[4]: 129.635132 113.843704
[4]: 130.272720 117.078583
[4]: 129.289062 123.219727
[4]: 127.255447 128.845459
[4]: 125.879395 137.093811
[4]: 128.223862 133.075012
[4]: 129.063248 118.086906
[4]: 123.483299 129.906662
[4]: 125.368721 74.227898
[4]: 126.327400 133.324158
[4]: 171.929276 140.945679
[4]: 128.451492 131.868683
[4]: 123.642174 128.115768
[3]: 169.545853 129.667557
[3]: 127.118469 129.926086
[3]: 126.098686 127.448074
[3]: 85.961288 60.540619
[3]: 128.777557 131.771637
[3]: 128.342606 126.479179
[3]: 129.674484 135.141663
[3]: 127.843880 130.633560
[3]: 126.592186 135.352875
[3]: 125.874260 125.978561
[3]: 125.045349 119.108917
[3]: 128.338379 127.657806
[3]: 127.182327 128.203644
[3]: 127.992798 132.660767
[3]: 127.378288 129.234131
[3]: 130.475204 131.750046
[3]: 128.250214 132.714172
[3]: 127.186142 155.685638
[3]: 126.372284 124.603302
[3]: 127.265045 122.442459
[3]: 127.963623 124.990410
[3]: 127.213974 136.959061
[3]: 126.555450 132.554504
[3]: 127.512436 128.384995
[3]: 127.651245 129.326920
[3]: 125.202950 120.673088
[3]: 127.583427 128.321609
[3]: 126.399689 128.891006
[3]: 128.735596 125.635117
[3]: 59.411556 64.354279
[3]: 128.501556 128.957504
[3]: 83.331947 117.774368
[3]: 127.443985 124.986511
[3]: 126.805878 121.671371
[2]: 170.384964 127.894775
[2]: 129.739044 136.264862
[2]: 131.353210 137.254089
[2]: 96.885284 113.327965
[2]: 132.680435 139.689117
[2]: 127.692329 126.364342
[2]: 129.683426 130.981094
[2]: 130.392609 128.233978
[2]: 135.412231 143.741364
[2]: 129.861649 136.178146
[2]: 116.617157 114.198883
[2]: 129.080673 130.096924
[2]: 131.016068 122.856323
[2]: 137.240158 141.394409
[2]: 131.356766 131.694214
[2]: 129.399780 125.654327
[2]: 136.392609 135.343277
[2]: 119.519066 68.268845
[2]: 129.948395 129.859833
[2]: 120.750473 117.726288
[2]: 127.143478 129.149658
[2]: 133.247879 144.983566
[2]: 138.127396 140.783249
[2]: 137.356201 136.607025
[2]: 127.501343 122.202629
[2]: 122.371574 115.770721
[2]: 123.565315 127.232552
[2]: 132.464310 141.488953
[2]: 119.016701 117.123810
[2]: 187.458710 187.028641
[2]: 122.449577 115.487915
[2]: 73.312325 115.701958
[2]: 133.598480 126.823853
[2]: 121.323982 119.795769
[1]: 84.408234 124.435265
[1]: 128.416122 126.022057
[1]: 134.824982 136.218262
[1]: 183.561523 195.582352
[1]: 130.713028 128.496063
[1]: 126.968277 127.885963
[1]: 130.382996 126.182396
[1]: 128.646606 126.707695
[1]: 133.327606 139.348587
[1]: 126.917183 128.695145
[1]: 116.824677 120.969055
[1]: 126.126106 129.116302
[1]: 131.443008 129.162750
[1]: 133.251587 133.181931
[1]: 132.235092 133.151993
[1]: 124.310959 118.258011
[1]: 138.108444 134.611816
[1]: 189.023758 191.817841
[1]: 130.388779 132.786499
[1]: 121.158058 122.490532
[1]: 124.969063 125.744560
[1]: 131.186584 135.743011
[1]: 133.971405 140.021667
[1]: 135.111420 134.113419
[1]: 128.810379 129.365189
[1]: 123.450272 119.186768
[1]: 122.820847 122.164551
[1]: 131.109467 136.165558
[1]: 125.644661 127.482735
[1]: 114.939606 131.550781
[1]: 125.301819 119.676590
[1]: 156.553009 117.413986
[1]: 130.744507 126.122925
[1]: 126.854210 130.843796
[0]: 121.394341 124.891190
[0]: 121.574272 117.632103
[0]: 116.148880 117.247887
[0]: 84.952759 91.521843
[0]: 114.235329 115.437042
[0]: 124.579453 129.795883
[0]: 116.510849 121.578682
[0]: 120.395004 123.861870
[0]: 105.140182 103.972305
[0]: 122.002754 121.032570
[0]: 161.712036 151.454742
[0]: 127.465149 124.158813
[0]: 123.053299 131.248230
[0]: 98.964317 105.238052
[0]: 115.456779 117.011108
[0]: 118.580444 130.063766
[0]: 101.543335 116.268654
[0]: 156.368027 155.970764
[0]: 124.402046 124.307205
[0]: 141.536499 141.321823
[0]: 127.889221 127.129501
[0]: 113.518997 105.662453
[0]: 101.634842 105.882210
[0]: 97.944717 112.333275
[0]: 124.202400 126.447815
[0]: 147.662598 147.295670
[0]: 140.749588 128.576889
[0]: 115.792091 112.386185
[0]: 147.216492 138.924698
[0]: 170.742645 185.904358
[0]: 141.620087 143.981277
[0]: 162.510193 146.401062
[0]: 113.031052 127.767845
[0]: 143.385422 137.356873
