[4]: 137.113068 132.432159
[4]: 126.831558 126.836334
[4]: 119.822578 117.904129
[4]: 165.384216 173.930054
[4]: 129.468750 124.594322
[4]: 124.097649 126.765602
[4]: 123.655746 122.387993
[4]: 127.559639 126.389420
[4]: 117.821587 111.252876
[4]: 123.485001 123.659187
[4]: 135.995010 133.923080
[4]: 129.227509 128.397034
[4]: 127.940857 127.930695
[4]: 125.789368 122.162163
[4]: 123.671242 123.592026
[4]: 133.604660 132.753708
[4]: 117.537933 118.670052
[4]: 66.876732 67.263580
[4]: 127.399017 125.855522
[4]: 131.313034 131.628586
[4]: 126.170364 130.921097
[4]: 112.238472 113.843704
[4]: 118.118279 117.078583
[4]: 121.375237 123.219727
[4]: 125.959885 128.845459
[4]: 134.172592 137.093811
[4]: 137.108536 133.075012
[4]: 124.771652 118.086906
[4]: 131.929962 129.906662
[4]: 67.661270 74.227898
[4]: 133.307816 133.324158
[4]: 134.088516 140.945679
[4]: 128.716965 131.868683
[4]: 131.083908 128.115768
[3]: 123.178581 129.667557
[3]: 128.863846 129.926086
[3]: 125.251663 127.448074
[3]: 63.329704 60.540619
[3]: 131.698151 131.771637
[3]: 128.959976 126.479179
[3]: 136.194107 135.141663
[3]: 129.899780 130.633560
[3]: 133.987518 135.352875
[3]: 127.190987 125.978561
[3]: 113.698074 119.108917
[3]: 125.330109 127.657806
[3]: 128.579117 128.203644
[3]: 130.589127 132.660767
[3]: 130.274399 129.234131
[3]: 132.657883 131.750046
[3]: 136.409424 132.714172
[3]: 168.514282 155.685638
[3]: 122.344589 124.603302
[3]: 123.173134 122.442459
[3]: 128.479950 124.990410
[3]: 141.895065 136.959061
[3]: 131.285034 132.554504
[3]: 133.577438 128.384995
[3]: 133.187378 129.326920
[3]: 122.687103 120.673088
[3]: 123.796204 128.321609
[3]: 124.974869 128.891006
[3]: 122.339470 125.635117
[3]: 69.899223 64.354279
[3]: 129.180420 128.957504
[3]: 126.378609 117.774368
[3]: 126.053627 124.986511
[3]: 120.772194 121.671371
[2]: 124.199905 127.894775
[2]: 134.164902 136.264862
[2]: 133.606537 137.254089
[2]: 109.174141 113.327965
[2]: 135.171875 139.689117
[2]: 129.627747 126.364342
[2]: 128.324478 130.981094
[2]: 128.269913 128.233978
[2]: 138.227707 143.741364
[2]: 139.428635 136.178146
[2]: 113.109779 114.198883
[2]: 125.480545 130.096924
[2]: 125.787254 122.856323
[2]: 136.894211 141.394409
[2]: 132.746384 131.694214
[2]: 124.621719 125.654327
[2]: 135.570206 135.343277
[2]: 65.596825 68.268845
[2]: 129.341400 129.859833
[2]: 119.987083 117.726288
[2]: 132.842300 129.149658
[2]: 148.138748 144.983566
[2]: 140.530182 140.783249
[2]: 138.166077 136.607025
[2]: 127.087463 122.202629
[2]: 119.147049 115.770721
[2]: 121.400520 127.232552
[2]: 133.142975 141.488953
[2]: 115.764000 117.123810
[2]: 185.590790 187.028641
[2]: 116.384621 115.487915
[2]: 120.778015 115.701958
[2]: 130.216278 126.823853
[2]: 117.725395 119.795769
[1]: 129.005539 124.435265
[1]: 127.030304 126.022057
[1]: 138.303696 136.218262
[1]: 197.000854 195.582352
[1]: 124.671066 128.496063
[1]: 126.977814 127.885963
[1]: 127.239571 126.182396
[1]: 125.586395 126.707695
[1]: 136.625290 139.348587
[1]: 129.467590 128.695145
[1]: 121.535072 120.969055
[1]: 131.446335 129.116302
[1]: 126.766052 129.162750
[1]: 134.189026 133.181931
[1]: 135.795578 133.151993
[1]: 116.332451 118.258011
[1]: 134.791901 134.611816
[1]: 188.078033 191.817841
[1]: 133.917587 132.786499
[1]: 121.428528 122.490532
[1]: 127.961334 125.744560
[1]: 137.518127 135.743011
[1]: 138.932037 140.021667
[1]: 132.630920 134.113419
[1]: 126.874626 129.365189
[1]: 118.986877 119.186768
[1]: 119.397362 122.164551
[1]: 133.875336 136.165558
[1]: 124.245667 127.482735
[1]: 136.362137 131.550781
[1]: 118.985626 119.676590
[1]: 114.224106 117.413986
[1]: 130.506332 126.122925
[1]: 127.014839 130.843796
[0]: 125.450729 124.891190
[0]: 119.671753 117.632103
[0]: 119.109940 117.247887
[0]: 97.110817 91.521843
[0]: 118.963852 115.437042
[0]: 127.574539 129.795883
[0]: 120.946480 121.578682
[0]: 124.566467 123.861870
[0]: 107.097481 103.972305
[0]: 115.143631 121.032570
[0]: 156.009918 151.454742
[0]: 128.148636 124.158813
[0]: 130.436783 131.248230
[0]: 106.757393 105.238052
[0]: 111.477058 117.011108
[0]: 131.427307 130.063766
[0]: 113.095726 116.268654
[0]: 154.754318 155.970764
[0]: 124.183823 124.307205
[0]: 139.796082 141.321823
[0]: 121.861542 127.129501
[0]: 96.424149 105.662453
[0]: 107.310959 105.882210
[0]: 108.280685 112.333275
[0]: 122.930069 126.447815
[0]: 145.060364 147.295670
[0]: 138.404053 128.576889
[0]: 120.679825 112.386185
[0]: 145.755814 138.924698
[0]: 184.015182 185.904358
[0]: 144.018784 143.981277
[0]: 142.642883 146.401062
[0]: 121.259277 127.767845
[0]: 141.803543 137.356873
