[4]: 136.142227 132.432159
[4]: 126.315285 126.836334
[4]: 118.505981 117.904129
[4]: 168.725571 173.930054
[4]: 128.689529 124.594322
[4]: 125.617371 126.765602
[4]: 123.197533 122.387993
[4]: 128.679047 126.389420
[4]: 117.374710 111.252876
[4]: 122.025169 123.659187
[4]: 136.126373 133.923080
[4]: 127.903290 128.397034
[4]: 128.256485 127.930695
[4]: 124.197609 122.162163
[4]: 123.161102 123.592026
[4]: 133.983063 132.753708
[4]: 118.672981 118.670052
[4]: 67.518875 67.263580
[4]: 127.132126 125.855522
[4]: 130.957428 131.628586
[4]: 127.438095 130.921097
[4]: 111.716248 113.843704
[4]: 117.093758 117.078583
[4]: 121.019028 123.219727
[4]: 126.490448 128.845459
[4]: 135.626450 137.093811
[4]: 135.798508 133.075012
[4]: 122.985085 118.086906
[4]: 131.784378 129.906662
[4]: 69.168327 74.227898
[4]: 132.947342 133.324158
[4]: 135.312958 140.945679
[4]: 129.532776 131.868683
[4]: 131.892578 128.115768
[3]: 123.797760 129.667557
[3]: 129.234940 129.926086
[3]: 126.737389 127.448074
[3]: 62.449795 60.540619
[3]: 132.108521 131.771637
[3]: 127.704369 126.479179
[3]: 135.348511 135.141663
[3]: 129.773254 130.633560
[3]: 134.065338 135.352875
[3]: 128.473755 125.978561
[3]: 115.266632 119.108917
[3]: 125.760880 127.657806
[3]: 128.206726 128.203644
[3]: 131.197510 132.660767
[3]: 128.655823 129.234131
[3]: 132.362701 131.750046
[3]: 135.110260 132.714172
[3]: 165.024033 155.685638
[3]: 122.878387 124.603302
[3]: 123.826607 122.442459
[3]: 127.556908 124.990410
[3]: 141.086929 136.959061
[3]: 132.078262 132.554504
[3]: 133.171021 128.384995
[3]: 131.410782 129.326920
[3]: 122.110733 120.673088
[3]: 123.764580 128.321609
[3]: 126.765839 128.891006
[3]: 123.042084 125.635117
[3]: 68.428833 64.354279
[3]: 129.654007 128.957504
[3]: 124.590240 117.774368
[3]: 126.047447 124.986511
[3]: 120.527664 121.671371
[2]: 125.226624 127.894775
[2]: 134.506409 136.264862
[2]: 134.460098 137.254089
[2]: 110.669579 113.327965
[2]: 134.680588 139.689117
[2]: 128.030746 126.364342
[2]: 128.148071 130.981094
[2]: 127.322479 128.233978
[2]: 138.260437 143.741364
[2]: 139.709763 136.178146
[2]: 113.534561 114.198883
[2]: 127.333252 130.096924
[2]: 124.605095 122.856323
[2]: 138.912399 141.394409
[2]: 133.441696 131.694214
[2]: 125.298973 125.654327
[2]: 135.180313 135.343277
[2]: 65.841080 68.268845
[2]: 128.996231 129.859833
[2]: 119.499176 117.726288
[2]: 133.109070 129.149658
[2]: 147.761810 144.983566
[2]: 141.438553 140.783249
[2]: 139.273727 136.607025
[2]: 126.185341 122.202629
[2]: 117.575134 115.770721
[2]: 123.477310 127.232552
[2]: 134.736649 141.488953
[2]: 115.739799 117.123810
[2]: 185.342606 187.028641
[2]: 116.409607 115.487915
[2]: 119.735313 115.701958
[2]: 129.332550 126.823853
[2]: 117.035782 119.795769
[1]: 127.893631 124.435265
[1]: 126.936646 126.022057
[1]: 138.453598 136.218262
[1]: 196.611542 195.582352
[1]: 124.931190 128.496063
[1]: 126.653473 127.885963
[1]: 127.591911 126.182396
[1]: 125.878052 126.707695
[1]: 135.995087 139.348587
[1]: 128.819763 128.695145
[1]: 121.120941 120.969055
[1]: 130.346375 129.116302
[1]: 127.189201 129.162750
[1]: 133.889191 133.181931
[1]: 135.003510 133.151993
[1]: 116.151794 118.258011
[1]: 133.923248 134.611816
[1]: 189.410187 191.817841
[1]: 133.611786 132.786499
[1]: 121.420403 122.490532
[1]: 127.192238 125.744560
[1]: 136.886703 135.743011
[1]: 138.791245 140.021667
[1]: 133.574463 134.113419
[1]: 128.048706 129.365189
[1]: 118.540558 119.186768
[1]: 121.244759 122.164551
[1]: 133.454071 136.165558
[1]: 124.365463 127.482735
[1]: 135.860596 131.550781
[1]: 119.196678 119.676590
[1]: 114.597992 117.413986
[1]: 128.944214 126.122925
[1]: 128.068176 130.843796
[0]: 126.155075 124.891190
[0]: 119.559891 117.632103
[0]: 117.742447 117.247887
[0]: 94.423515 91.521843
[0]: 119.636635 115.437042
[0]: 129.342209 129.795883
[0]: 122.002106 121.578682
[0]: 124.137604 123.861870
[0]: 107.949860 103.972305
[0]: 115.770111 121.032570
[0]: 154.434586 151.454742
[0]: 128.378387 124.158813
[0]: 131.322174 131.248230
[0]: 105.895767 105.238052
[0]: 113.860558 117.011108
[0]: 130.794601 130.063766
[0]: 114.386192 116.268654
[0]: 154.136200 155.970764
[0]: 124.696350 124.307205
[0]: 140.143311 141.321823
[0]: 122.009399 127.129501
[0]: 98.628471 105.662453
[0]: 106.545311 105.882210
[0]: 106.665703 112.333275
[0]: 123.870743 126.447815
[0]: 146.492630 147.295670
[0]: 135.721985 128.576889
[0]: 119.407356 112.386185
[0]: 145.149017 138.924698
[0]: 185.217865 185.904358
[0]: 143.670792 143.981277
[0]: 144.123993 146.401062
[0]: 123.133034 127.767845
[0]: 140.877686 137.356873
