[4]: 137.720718 132.432159
[4]: 126.101036 126.836334
[4]: 123.371376 117.904129
[4]: 169.203476 173.930054
[4]: 126.082222 124.594322
[4]: 124.301460 126.765602
[4]: 128.087708 122.387993
[4]: 122.564980 126.389420
[4]: 117.904999 111.252876
[4]: 125.319878 123.659187
[4]: 129.468262 133.923080
[4]: 133.786560 128.397034
[4]: 130.257645 127.930695
[4]: 123.542480 122.162163
[4]: 120.733582 123.592026
[4]: 131.106598 132.753708
[4]: 114.945526 118.670052
[4]: 66.115768 67.263580
[4]: 131.863220 125.855522
[4]: 126.476723 131.628586
[4]: 126.092102 130.921097
[4]: 107.247612 113.843704
[4]: 112.752548 117.078583
[4]: 128.015991 123.219727
[4]: 126.783272 128.845459
[4]: 128.120636 137.093811
[4]: 131.511917 133.075012
[4]: 122.305534 118.086906
[4]: 130.997253 129.906662
[4]: 71.093193 74.227898
[4]: 133.355774 133.324158
[4]: 132.966217 140.945679
[4]: 127.950623 131.868683
[4]: 124.173149 128.115768
[3]: 121.749092 129.667557
[3]: 130.960663 129.926086
[3]: 124.221359 127.448074
[3]: 63.379997 60.540619
[3]: 131.433487 131.771637
[3]: 129.279037 126.479179
[3]: 132.793732 135.141663
[3]: 131.331406 130.633560
[3]: 132.480728 135.352875
[3]: 127.007423 125.978561
[3]: 121.450706 119.108917
[3]: 122.966187 127.657806
[3]: 125.068573 128.203644
[3]: 130.648209 132.660767
[3]: 131.231552 129.234131
[3]: 134.491867 131.750046
[3]: 136.976776 132.714172
[3]: 163.998810 155.685638
[3]: 120.196159 124.603302
[3]: 127.526146 122.442459
[3]: 127.724205 124.990410
[3]: 145.382919 136.959061
[3]: 133.876053 132.554504
[3]: 127.924789 128.384995
[3]: 130.857086 129.326920
[3]: 128.094879 120.673088
[3]: 128.121429 128.321609
[3]: 126.550011 128.891006
[3]: 124.190239 125.635117
[3]: 66.117554 64.354279
[3]: 128.513901 128.957504
[3]: 127.223419 117.774368
[3]: 125.174355 124.986511
[3]: 126.190079 121.671371
[2]: 121.047600 127.894775
[2]: 131.819168 136.264862
[2]: 130.485489 137.254089
[2]: 114.555115 113.327965
[2]: 137.171661 139.689117
[2]: 134.184052 126.364342
[2]: 123.093910 130.981094
[2]: 135.713593 128.233978
[2]: 136.379196 143.741364
[2]: 137.990265 136.178146
[2]: 120.576508 114.198883
[2]: 118.606255 130.096924
[2]: 121.451073 122.856323
[2]: 138.363266 141.394409
[2]: 135.082016 131.694214
[2]: 128.719223 125.654327
[2]: 144.148193 135.343277
[2]: 68.038994 68.268845
[2]: 122.823914 129.859833
[2]: 129.182114 117.726288
[2]: 136.869339 129.149658
[2]: 157.550537 144.983566
[2]: 151.430084 140.783249
[2]: 129.247253 136.607025
[2]: 125.724609 122.202629
[2]: 126.327087 115.770721
[2]: 128.411591 127.232552
[2]: 138.513153 141.488953
[2]: 115.907532 117.123810
[2]: 183.932053 187.028641
[2]: 118.041893 115.487915
[2]: 124.808395 115.701958
[2]: 130.779526 126.823853
[2]: 129.222153 119.795769
[1]: 128.638641 124.435265
[1]: 126.124313 126.022057
[1]: 136.523972 136.218262
[1]: 196.948578 195.582352
[1]: 125.837776 128.496063
[1]: 128.222763 127.885963
[1]: 125.444984 126.182396
[1]: 125.633385 126.707695
[1]: 133.467377 139.348587
[1]: 125.591927 128.695145
[1]: 125.712067 120.969055
[1]: 127.863098 129.116302
[1]: 126.177673 129.162750
[1]: 132.990341 133.181931
[1]: 135.760864 133.151993
[1]: 119.835304 118.258011
[1]: 134.943710 134.611816
[1]: 191.339661 191.817841
[1]: 131.191879 132.786499
[1]: 124.556328 122.490532
[1]: 129.787888 125.744560
[1]: 139.040771 135.743011
[1]: 139.535248 140.021667
[1]: 129.605438 134.113419
[1]: 127.995132 129.365189
[1]: 123.894142 119.186768
[1]: 123.608833 122.164551
[1]: 134.126007 136.165558
[1]: 125.990273 127.482735
[1]: 135.652069 131.550781
[1]: 121.048492 119.676590
[1]: 117.342987 117.413986
[1]: 130.436264 126.122925
[1]: 133.291245 130.843796
[0]: 130.322510 124.891190
[0]: 122.058136 117.632103
[0]: 121.743248 117.247887
[0]: 88.403473 91.521843
[0]: 119.987007 115.437042
[0]: 120.747177 129.795883
[0]: 127.321304 121.578682
[0]: 120.586868 123.861870
[0]: 114.488884 103.972305
[0]: 119.701866 121.032570
[0]: 141.507614 151.454742
[0]: 136.958786 124.158813
[0]: 136.852005 131.248230
[0]: 109.538475 105.238052
[0]: 111.523682 117.011108
[0]: 123.964088 130.063766
[0]: 106.162445 116.268654
[0]: 149.001801 155.970764
[0]: 131.713913 124.307205
[0]: 126.819939 141.321823
[0]: 116.705368 127.129501
[0]: 87.088409 105.662453
[0]: 98.566772 105.882210
[0]: 120.487259 112.333275
[0]: 124.758377 126.447815
[0]: 132.388596 147.295670
[0]: 127.640991 128.576889
[0]: 115.902016 112.386185
[0]: 142.103882 138.924698
[0]: 186.400818 185.904358
[0]: 140.124908 143.981277
[0]: 134.976578 146.401062
[0]: 122.773682 127.767845
[0]: 123.845078 137.356873
