[4]: 133.524628 132.432159
[4]: 126.308754 126.836334
[4]: 116.815506 117.904129
[4]: 172.747131 173.930054
[4]: 126.345741 124.594322
[4]: 126.343765 126.765602
[4]: 122.167969 122.387993
[4]: 127.904037 126.389420
[4]: 113.231842 111.252876
[4]: 123.068054 123.659187
[4]: 134.701370 133.923080
[4]: 128.891159 128.397034
[4]: 128.998978 127.930695
[4]: 122.802780 122.162163
[4]: 125.200218 123.592026
[4]: 134.434982 132.753708
[4]: 120.135246 118.670052
[4]: 67.289856 67.263580
[4]: 125.400993 125.855522
[4]: 130.794800 131.628586
[4]: 129.924118 130.921097
[4]: 113.648804 113.843704
[4]: 117.116905 117.078583
[4]: 121.988220 123.219727
[4]: 127.676468 128.845459
[4]: 136.997467 137.093811
[4]: 135.463989 133.075012
[4]: 118.043236 118.086906
[4]: 130.899063 129.906662
[4]: 73.060631 74.227898
[4]: 134.315552 133.324158
[4]: 139.183380 140.945679
[4]: 131.911316 131.868683
[4]: 129.888474 128.115768
[3]: 126.922241 129.667557
[3]: 129.163544 129.926086
[3]: 127.340355 127.448074
[3]: 60.858524 60.540619
[3]: 132.225479 131.771637
[3]: 127.460144 126.479179
[3]: 135.052719 135.141663
[3]: 129.754333 130.633560
[3]: 134.331696 135.352875
[3]: 126.211670 125.978561
[3]: 117.243721 119.108917
[3]: 126.387306 127.657806
[3]: 127.335907 128.203644
[3]: 132.173447 132.660767
[3]: 128.741302 129.234131
[3]: 130.425827 131.750046
[3]: 132.987442 132.714172
[3]: 158.634216 155.685638
[3]: 123.981827 124.603302
[3]: 124.064575 122.442459
[3]: 125.667526 124.990410
[3]: 137.756897 136.959061
[3]: 131.757217 132.554504
[3]: 130.682190 128.384995
[3]: 130.182419 129.326920
[3]: 120.841446 120.673088
[3]: 126.150833 128.321609
[3]: 129.616913 128.891006
[3]: 125.379974 125.635117
[3]: 65.205040 64.354279
[3]: 129.046875 128.957504
[3]: 121.294106 117.774368
[3]: 125.747467 124.986511
[3]: 121.579628 121.671371
[2]: 126.726173 127.894775
[2]: 137.186752 136.264862
[2]: 136.764481 137.254089
[2]: 111.695610 113.327965
[2]: 138.544617 139.689117
[2]: 126.555550 126.364342
[2]: 129.174622 130.981094
[2]: 128.044846 128.233978
[2]: 141.778854 143.741364
[2]: 138.020355 136.178146
[2]: 114.104790 114.198883
[2]: 128.410217 130.096924
[2]: 122.373741 122.856323
[2]: 140.417557 141.394409
[2]: 131.519241 131.694214
[2]: 125.257782 125.654327
[2]: 133.790268 135.343277
[2]: 67.182205 68.268845
[2]: 130.698639 129.859833
[2]: 117.441658 117.726288
[2]: 131.089142 129.149658
[2]: 144.990265 144.983566
[2]: 141.893539 140.783249
[2]: 138.179489 136.607025
[2]: 123.803513 122.202629
[2]: 115.509338 115.770721
[2]: 125.302795 127.232552
[2]: 140.498398 141.488953
[2]: 116.389305 117.123810
[2]: 185.752441 187.028641
[2]: 115.496651 115.487915
[2]: 116.675339 115.701958
[2]: 126.263763 126.823853
[2]: 118.831047 119.795769
[1]: 126.363708 124.435265
[1]: 126.721741 126.022057
[1]: 137.167633 136.218262
[1]: 196.416733 195.582352
[1]: 127.219795 128.496063
[1]: 127.733322 127.885963
[1]: 126.733170 126.182396
[1]: 126.310524 126.707695
[1]: 138.094391 139.348587
[1]: 128.625793 128.695145
[1]: 120.602318 120.969055
[1]: 130.337891 129.116302
[1]: 128.524414 129.162750
[1]: 133.498444 133.181931
[1]: 132.579849 133.151993
[1]: 118.430962 118.258011
[1]: 134.022079 134.611816
[1]: 190.601074 191.817841
[1]: 133.175171 132.786499
[1]: 123.132172 122.490532
[1]: 125.913620 125.744560
[1]: 136.784088 135.743011
[1]: 139.646561 140.021667
[1]: 133.570679 134.113419
[1]: 128.944016 129.365189
[1]: 119.414246 119.186768
[1]: 121.588165 122.164551
[1]: 135.193436 136.165558
[1]: 126.449074 127.482735
[1]: 132.829422 131.550781
[1]: 118.524567 119.676590
[1]: 116.053650 117.413986
[1]: 125.817680 126.122925
[1]: 129.122299 130.843796
[0]: 125.833694 124.891190
[0]: 117.236610 117.632103
[0]: 117.984100 117.247887
[0]: 92.713539 91.521843
[0]: 115.623466 115.437042
[0]: 129.149551 129.795883
[0]: 123.245377 121.578682
[0]: 123.814095 123.861870
[0]: 106.348343 103.972305
[0]: 119.488609 121.032570
[0]: 153.290329 151.454742
[0]: 125.462830 124.158813
[0]: 132.280960 131.248230
[0]: 105.668159 105.238052
[0]: 116.568626 117.011108
[0]: 129.953766 130.063766
[0]: 116.652344 116.268654
[0]: 155.373611 155.970764
[0]: 124.126427 124.307205
[0]: 140.108124 141.321823
[0]: 125.182808 127.129501
[0]: 103.751266 105.662453
[0]: 105.826988 105.882210
[0]: 109.964073 112.333275
[0]: 125.500298 126.447815
[0]: 147.337006 147.295670
[0]: 131.088959 128.576889
[0]: 113.706230 112.386185
[0]: 140.110016 138.924698
[0]: 186.693680 185.904358
[0]: 144.157120 143.981277
[0]: 144.971893 146.401062
[0]: 127.812721 127.767845
[0]: 138.509750 137.356873
