[4]: 132.259506 132.432159
[4]: 126.849854 126.836334
[4]: 121.638168 117.904129
[4]: 159.170792 173.930054
[4]: 127.872658 124.594322
[4]: 127.074570 126.765602
[4]: 125.305519 122.387993
[4]: 128.458496 126.389420
[4]: 121.285316 111.252876
[4]: 124.560905 123.659187
[4]: 128.613068 133.923080
[4]: 128.593567 128.397034
[4]: 128.474503 127.930695
[4]: 127.447624 122.162163
[4]: 127.337029 123.592026
[4]: 131.040756 132.753708
[4]: 124.991119 118.670052
[4]: 108.672073 67.263580
[4]: 126.798004 125.855522
[4]: 127.479713 131.628586
[4]: 128.458939 130.921097
[4]: 121.971626 113.843704
[4]: 123.189224 117.078583
[4]: 125.628532 123.219727
[4]: 129.386536 128.845459
[4]: 130.423309 137.093811
[4]: 131.773697 133.075012
[4]: 123.295967 118.086906
[4]: 128.902802 129.906662
[4]: 62.874779 74.227898
[4]: 131.047424 133.324158
[4]: 132.259201 140.945679
[4]: 130.166901 131.868683
[4]: 55444600407457792.000000 128.115768
[3]: 126.672195 129.667557
[3]: 129.086838 129.926086
[3]: 129.234512 127.448074
[3]: 82.366547 60.540619
[3]: 131.812714 131.771637
[3]: 127.752434 126.479179
[3]: 134.492691 135.141663
[3]: 129.286804 130.633560
[3]: 137.149933 135.352875
[3]: 126.940727 125.978561
[3]: 115.661957 119.108917
[3]: 126.792618 127.657806
[3]: 127.913292 128.203644
[3]: 133.592392 132.660767
[3]: 129.964081 129.234131
[3]: 127.719788 131.750046
[3]: 133.990143 132.714172
[3]: 169.699875 155.685638
[3]: 125.618073 124.603302
[3]: 123.359329 122.442459
[3]: 125.472466 124.990410
[3]: 139.936203 136.959061
[3]: 134.861740 132.554504
[3]: 131.983368 128.384995
[3]: 130.125076 129.326920
[3]: 119.264015 120.673088
[3]: 124.409302 128.321609
[3]: 131.831985 128.891006
[3]: 124.952156 125.635117
[3]: 68.353615 64.354279
[3]: 126.817734 128.957504
[3]: 118.761414 117.774368
[3]: 125.048286 124.986511
[3]: 78757992127791104.000000 121.671371
[2]: 128.144440 127.894775
[2]: 136.012314 136.264862
[2]: 134.406799 137.254089
[2]: 133.532349 113.327965
[2]: 137.244812 139.689117
[2]: 125.895073 126.364342
[2]: 129.552551 130.981094
[2]: 129.310272 128.233978
[2]: 140.829453 143.741364
[2]: 134.971024 136.178146
[2]: 111.907822 114.198883
[2]: 129.020676 130.096924
[2]: 123.893608 122.856323
[2]: 141.139725 141.394409
[2]: 132.416000 131.694214
[2]: 126.017242 125.654327
[2]: 133.710526 135.343277
[2]: 93.108139 68.268845
[2]: 129.988708 129.859833
[2]: 117.913803 117.726288
[2]: 130.298920 129.149658
[2]: 144.412979 144.983566
[2]: 141.165710 140.783249
[2]: 138.016129 136.607025
[2]: 126.191956 122.202629
[2]: 115.677513 115.770721
[2]: 125.962433 127.232552
[2]: 137.688263 141.488953
[2]: 118.476944 117.123810
[2]: 129.639984 187.028641
[2]: 116.286575 115.487915
[2]: 116.580696 115.701958
[2]: 127.345512 126.823853
[2]: 39897536055476224.000000 119.795769
[1]: 126.268265 124.435265
[1]: 126.822037 126.022057
[1]: 137.337662 136.218262
[1]: 196.326080 195.582352
[1]: 127.263985 128.496063
[1]: 127.578568 127.885963
[1]: 126.690475 126.182396
[1]: 125.943817 126.707695
[1]: 137.958740 139.348587
[1]: 128.402786 128.695145
[1]: 120.588821 120.969055
[1]: 130.430298 129.116302
[1]: 128.441635 129.162750
[1]: 133.330978 133.181931
[1]: 132.604370 133.151993
[1]: 118.548882 118.258011
[1]: 134.047791 134.611816
[1]: 190.599091 191.817841
[1]: 133.274323 132.786499
[1]: 123.180840 122.490532
[1]: 125.850479 125.744560
[1]: 136.969543 135.743011
[1]: 139.753189 140.021667
[1]: 133.608566 134.113419
[1]: 128.793671 129.365189
[1]: 119.276497 119.186768
[1]: 121.381409 122.164551
[1]: 135.229645 136.165558
[1]: 126.264923 127.482735
[1]: 133.068848 131.550781
[1]: 118.750618 119.676590
[1]: 116.120605 117.413986
[1]: 125.814270 126.122925
[1]: 97480458945691648.000000 130.843796
[0]: 127.901779 124.891190
[0]: 127.471359 117.632103
[0]: 127.379921 117.247887
[0]: 127.525314 91.521843
[0]: 128.181427 115.437042
[0]: 127.423538 129.795883
[0]: 127.356049 121.578682
[0]: 127.222542 123.861870
[0]: 127.118706 103.972305
[0]: 127.188004 121.032570
[0]: 127.549744 151.454742
[0]: 127.940575 124.158813
[0]: 127.842880 131.248230
[0]: 127.267906 105.238052
[0]: 127.105331 117.011108
[0]: 127.644928 130.063766
[0]: 127.718880 116.268654
[0]: 127.781891 155.970764
[0]: 127.534515 124.307205
[0]: 126.893906 141.321823
[0]: 127.576462 127.129501
[0]: 127.796494 105.662453
[0]: 127.622307 105.882210
[0]: 127.162994 112.333275
[0]: 127.269859 126.447815
[0]: 127.681412 147.295670
[0]: 127.846275 128.576889
[0]: 127.641411 112.386185
[0]: 127.656830 138.924698
[0]: 127.495361 185.904358
[0]: 128.044312 143.981277
[0]: 127.318626 146.401062
[0]: 127.497551 127.767845
[0]: 20070057904177152.000000 137.356873
