[4]: 132.885544 132.432159
[4]: 126.248085 126.836334
[4]: 117.798325 117.904129
[4]: 174.261902 173.930054
[4]: 124.605812 124.594322
[4]: 126.765099 126.765602
[4]: 122.067802 122.387993
[4]: 126.626015 126.389420
[4]: 111.553085 111.252876
[4]: 124.177124 123.659187
[4]: 133.669662 133.923080
[4]: 129.137894 128.397034
[4]: 127.642036 127.930695
[4]: 122.948456 122.162163
[4]: 123.736206 123.592026
[4]: 132.020126 132.753708
[4]: 118.426155 118.670052
[4]: 67.067726 67.263580
[4]: 125.838188 125.855522
[4]: 132.836533 131.628586
[4]: 130.858871 130.921097
[4]: 114.112404 113.843704
[4]: 117.461441 117.078583
[4]: 123.249741 123.219727
[4]: 128.978760 128.845459
[4]: 135.860992 137.093811
[4]: 132.735580 133.075012
[4]: 118.272873 118.086906
[4]: 129.731781 129.906662
[4]: 74.835342 74.227898
[4]: 133.697769 133.324158
[4]: 141.645676 140.945679
[4]: 131.927612 131.868683
[4]: 127.017761 128.115768
[3]: 129.685974 129.667557
[3]: 129.866791 129.926086
[3]: 127.297020 127.448074
[3]: 60.683083 60.540619
[3]: 131.298264 131.771637
[3]: 126.611443 126.479179
[3]: 135.356567 135.141663
[3]: 130.483139 130.633560
[3]: 134.957855 135.352875
[3]: 125.026611 125.978561
[3]: 119.450058 119.108917
[3]: 127.582489 127.657806
[3]: 128.032852 128.203644
[3]: 132.765884 132.660767
[3]: 128.930786 129.234131
[3]: 132.238022 131.750046
[3]: 132.346497 132.714172
[3]: 155.942245 155.685638
[3]: 124.343063 124.603302
[3]: 122.253944 122.442459
[3]: 125.343376 124.990410
[3]: 136.702744 136.959061
[3]: 132.242462 132.554504
[3]: 128.648438 128.384995
[3]: 129.181213 129.326920
[3]: 121.138832 120.673088
[3]: 128.082336 128.321609
[3]: 129.145004 128.891006
[3]: 125.664818 125.635117
[3]: 64.105980 64.354279
[3]: 128.872406 128.957504
[3]: 117.335648 117.774368
[3]: 125.100204 124.986511
[3]: 121.922035 121.671371
[2]: 128.265335 127.894775
[2]: 136.011734 136.264862
[2]: 137.962143 137.254089
[2]: 111.994011 113.327965
[2]: 140.496643 139.689117
[2]: 126.902878 126.364342
[2]: 131.448090 130.981094
[2]: 128.255676 128.233978
[2]: 143.639221 143.741364
[2]: 135.952713 136.178146
[2]: 114.285622 114.198883
[2]: 128.635468 130.096924
[2]: 123.171165 122.856323
[2]: 140.903198 141.394409
[2]: 131.594803 131.694214
[2]: 126.115334 125.654327
[2]: 135.957031 135.343277
[2]: 68.725876 68.268845
[2]: 130.226517 129.859833
[2]: 116.776680 117.726288
[2]: 129.792816 129.149658
[2]: 144.962143 144.983566
[2]: 141.440094 140.783249
[2]: 136.127640 136.607025
[2]: 121.709267 122.202629
[2]: 116.596405 115.770721
[2]: 127.669891 127.232552
[2]: 142.252792 141.488953
[2]: 117.598724 117.123810
[2]: 186.843216 187.028641
[2]: 115.204155 115.487915
[2]: 114.950882 115.701958
[2]: 126.921005 126.823853
[2]: 120.791374 119.795769
[1]: 123.783112 124.435265
[1]: 126.553856 126.022057
[1]: 136.822021 136.218262
[1]: 195.508484 195.582352
[1]: 128.910278 128.496063
[1]: 127.630272 127.885963
[1]: 126.484360 126.182396
[1]: 126.594788 126.707695
[1]: 139.854401 139.348587
[1]: 128.879929 128.695145
[1]: 121.218445 120.969055
[1]: 129.268875 129.116302
[1]: 129.275024 129.162750
[1]: 132.997818 133.181931
[1]: 133.503891 133.151993
[1]: 118.471832 118.258011
[1]: 134.932846 134.611816
[1]: 191.634949 191.817841
[1]: 133.038605 132.786499
[1]: 121.468170 122.490532
[1]: 124.923576 125.744560
[1]: 135.956802 135.743011
[1]: 139.800552 140.021667
[1]: 134.085449 134.113419
[1]: 129.517349 129.365189
[1]: 119.930351 119.186768
[1]: 122.457741 122.164551
[1]: 135.566452 136.165558
[1]: 127.744980 127.482735
[1]: 131.940002 131.550781
[1]: 120.281479 119.676590
[1]: 117.443192 117.413986
[1]: 126.148796 126.122925
[1]: 131.243347 130.843796
[0]: 124.670990 124.891190
[0]: 117.998283 117.632103
[0]: 116.100716 117.247887
[0]: 91.917747 91.521843
[0]: 114.599213 115.437042
[0]: 129.364822 129.795883
[0]: 120.869148 121.578682
[0]: 123.866142 123.861870
[0]: 103.615608 103.972305
[0]: 121.552673 121.032570
[0]: 151.047653 151.454742
[0]: 124.819695 124.158813
[0]: 131.294159 131.248230
[0]: 104.938438 105.238052
[0]: 116.876274 117.011108
[0]: 129.597321 130.063766
[0]: 115.921013 116.268654
[0]: 155.875854 155.970764
[0]: 123.924530 124.307205
[0]: 142.396408 141.321823
[0]: 127.007301 127.129501
[0]: 105.427231 105.662453
[0]: 105.302055 105.882210
[0]: 112.511292 112.333275
[0]: 126.805870 126.447815
[0]: 146.449722 147.295670
[0]: 128.402939 128.576889
[0]: 111.727570 112.386185
[0]: 138.306168 138.924698
[0]: 185.817032 185.904358
[0]: 143.350906 143.981277
[0]: 146.907867 146.401062
[0]: 127.424141 127.767845
[0]: 136.783371 137.356873
