[4]: 131.062866 132.432159
[4]: 132.397446 126.836334
[4]: 123.631790 117.904129
[4]: 146.268570 173.930054
[4]: 120.952797 124.594322
[4]: 129.783920 126.765602
[4]: 121.442665 122.387993
[4]: 128.341110 126.389420
[4]: 119.689362 111.252876
[4]: 126.285919 123.659187
[4]: 123.089272 133.923080
[4]: 136.523178 128.397034
[4]: 122.741096 127.930695
[4]: 118.920403 122.162163
[4]: 136.868362 123.592026
[4]: 117.634171 132.753708
[4]: 120.110146 118.670052
[4]: 62.955326 67.263580
[4]: 127.614830 125.855522
[4]: 126.502075 131.628586
[4]: 124.803345 130.921097
[4]: 126.838501 113.843704
[4]: 121.960625 117.078583
[4]: 121.925087 123.219727
[4]: 126.129570 128.845459
[4]: 129.078293 137.093811
[4]: 131.439743 133.075012
[4]: 123.705559 118.086906
[4]: 128.419785 129.906662
[4]: 60.726894 74.227898
[4]: 125.173470 133.324158
[4]: 127.005836 140.945679
[4]: 120.955017 131.868683
[4]: 129.002609 128.115768
[3]: 129.226913 129.667557
[3]: 121.117844 129.926086
[3]: 124.429459 127.448074
[3]: 68.665939 60.540619
[3]: 143.477646 131.771637
[3]: 121.214928 126.479179
[3]: 140.895035 135.141663
[3]: 129.109955 130.633560
[3]: 131.305344 135.352875
[3]: 124.759010 125.978561
[3]: 128.040298 119.108917
[3]: 119.100792 127.657806
[3]: 134.497589 128.203644
[3]: 137.463242 132.660767
[3]: 117.178329 129.234131
[3]: 151.798264 131.750046
[3]: 135.288040 132.714172
[3]: 177.613571 155.685638
[3]: 121.164497 124.603302
[3]: 131.879578 122.442459
[3]: 127.872185 124.990410
[3]: 131.884735 136.959061
[3]: 128.367111 132.554504
[3]: 139.300674 128.384995
[3]: 135.912964 129.326920
[3]: 121.463478 120.673088
[3]: 126.812820 128.321609
[3]: 128.515518 128.891006
[3]: 129.537399 125.635117
[3]: 81.004669 64.354279
[3]: 138.508606 128.957504
[3]: 128.547623 117.774368
[3]: 137.740021 124.986511
[3]: 121.062981 121.671371
[2]: 132.664459 127.894775
[2]: 123.852379 136.264862
[2]: 129.770798 137.254089
[2]: 150.781967 113.327965
[2]: 146.572037 139.689117
[2]: 120.041374 126.364342
[2]: 139.925858 130.981094
[2]: 128.636734 128.233978
[2]: 137.594620 143.741364
[2]: 131.577408 136.178146
[2]: 131.748276 114.198883
[2]: 113.035995 130.096924
[2]: 135.056595 122.856323
[2]: 147.401901 141.394409
[2]: 109.470337 131.694214
[2]: 154.342651 125.654327
[2]: 137.583694 135.343277
[2]: 75.120979 68.268845
[2]: 126.340584 129.859833
[2]: 127.294991 117.726288
[2]: 136.306915 129.149658
[2]: 131.442612 144.983566
[2]: 131.861557 140.783249
[2]: 142.781876 136.607025
[2]: 134.131821 122.202629
[2]: 124.456520 115.770721
[2]: 123.809601 127.232552
[2]: 133.266525 141.488953
[2]: 125.243942 117.123810
[2]: 185.646835 187.028641
[2]: 132.469666 115.487915
[2]: 130.322052 115.701958
[2]: 145.987747 126.823853
[2]: 115.050224 119.795769
[1]: 127.804794 124.435265
[1]: 127.832909 126.022057
[1]: 134.743332 136.218262
[1]: 198.267578 195.582352
[1]: 121.024971 128.496063
[1]: 128.767761 127.885963
[1]: 123.606972 126.182396
[1]: 124.011909 126.707695
[1]: 128.976334 139.348587
[1]: 124.296379 128.695145
[1]: 128.842438 120.969055
[1]: 130.830215 129.116302
[1]: 126.954674 129.162750
[1]: 124.124146 133.181931
[1]: 133.505722 133.151993
[1]: 113.918953 118.258011
[1]: 129.455627 134.611816
[1]: 192.931244 191.817841
[1]: 132.030121 132.786499
[1]: 124.399246 122.490532
[1]: 126.421753 125.744560
[1]: 127.305367 135.743011
[1]: 132.284164 140.021667
[1]: 124.894142 134.113419
[1]: 125.926170 129.365189
[1]: 126.313896 119.186768
[1]: 128.390945 122.164551
[1]: 129.093948 136.165558
[1]: 126.834908 127.482735
[1]: 132.700241 131.550781
[1]: 122.726204 119.676590
[1]: 121.839981 117.413986
[1]: 124.794579 126.122925
[1]: 134.444962 130.843796
[0]: 118.356506 124.891190
[0]: 131.981232 117.632103
[0]: 124.093567 117.247887
[0]: 67.686462 91.521843
[0]: 109.327110 115.437042
[0]: 137.320496 129.795883
[0]: 111.073463 121.578682
[0]: 126.105545 123.861870
[0]: 118.236053 103.972305
[0]: 129.411453 121.032570
[0]: 126.246857 151.454742
[0]: 139.717209 124.158813
[0]: 120.146339 131.248230
[0]: 108.806335 105.238052
[0]: 137.661926 117.011108
[0]: 101.357010 130.063766
[0]: 116.259926 116.268654
[0]: 128.905258 155.970764
[0]: 130.387161 124.307205
[0]: 124.443626 141.321823
[0]: 122.715950 127.129501
[0]: 121.429047 105.662453
[0]: 123.650612 105.882210
[0]: 106.901909 112.333275
[0]: 114.032166 126.447815
[0]: 137.387924 147.295670
[0]: 128.493378 128.576889
[0]: 123.748116 112.386185
[0]: 128.204636 138.924698
[0]: 184.231781 185.904358
[0]: 121.598846 143.981277
[0]: 129.313538 146.401062
[0]: 108.200539 127.767845
[0]: 137.145676 137.356873
