[4]: 133.540726 132.432159
[4]: 126.264977 126.836334
[4]: 116.988670 117.904129
[4]: 173.204758 173.930054
[4]: 126.197540 124.594322
[4]: 126.304436 126.765602
[4]: 121.940094 122.387993
[4]: 127.758797 126.389420
[4]: 112.303802 111.252876
[4]: 123.006973 123.659187
[4]: 134.256104 133.923080
[4]: 128.804749 128.397034
[4]: 128.856094 127.930695
[4]: 122.627022 122.162163
[4]: 125.154282 123.592026
[4]: 133.861404 132.753708
[4]: 119.312759 118.670052
[4]: 67.155464 67.263580
[4]: 125.474640 125.855522
[4]: 131.360703 131.628586
[4]: 130.275436 130.921097
[4]: 113.949364 113.843704
[4]: 117.263474 117.078583
[4]: 122.433594 123.219727
[4]: 127.788116 128.845459
[4]: 136.926147 137.093811
[4]: 134.912674 133.075012
[4]: 117.606499 118.086906
[4]: 130.812363 129.906662
[4]: 73.584312 74.227898
[4]: 134.066483 133.324158
[4]: 139.464584 140.945679
[4]: 131.732086 131.868683
[4]: 128.942230 128.115768
[3]: 127.697037 129.667557
[3]: 129.515594 129.926086
[3]: 127.258110 127.448074
[3]: 60.736031 60.540619
[3]: 131.995621 131.771637
[3]: 127.443619 126.479179
[3]: 135.169266 135.141663
[3]: 129.671249 130.633560
[3]: 134.690079 135.352875
[3]: 126.138550 125.978561
[3]: 117.667892 119.108917
[3]: 126.698364 127.657806
[3]: 127.503006 128.203644
[3]: 132.291245 132.660767
[3]: 128.471054 129.234131
[3]: 131.161285 131.750046
[3]: 132.995316 132.714172
[3]: 157.707581 155.685638
[3]: 123.911774 124.603302
[3]: 123.190125 122.442459
[3]: 125.510902 124.990410
[3]: 137.081589 136.959061
[3]: 131.460419 132.554504
[3]: 129.926315 128.384995
[3]: 129.881851 129.326920
[3]: 120.789406 120.673088
[3]: 126.832932 128.321609
[3]: 129.158859 128.891006
[3]: 125.424316 125.635117
[3]: 64.605377 64.354279
[3]: 129.286545 128.957504
[3]: 120.219505 117.774368
[3]: 125.560837 124.986511
[3]: 122.192230 121.671371
[2]: 126.514420 127.894775
[2]: 137.236862 136.264862
[2]: 137.210403 137.254089
[2]: 111.838753 113.327965
[2]: 139.253342 139.689117
[2]: 126.585884 126.364342
[2]: 129.854446 130.981094
[2]: 127.986931 128.233978
[2]: 142.429092 143.741364
[2]: 137.487656 136.178146
[2]: 114.609863 114.198883
[2]: 128.932434 130.096924
[2]: 122.546608 122.856323
[2]: 140.513702 141.394409
[2]: 131.463837 131.694214
[2]: 125.358986 125.654327
[2]: 134.356522 135.343277
[2]: 67.653206 68.268845
[2]: 130.685623 129.859833
[2]: 117.056564 117.726288
[2]: 130.724426 129.149658
[2]: 144.908463 144.983566
[2]: 141.773666 140.783249
[2]: 138.273895 136.607025
[2]: 123.422165 122.202629
[2]: 115.140778 115.770721
[2]: 125.988525 127.232552
[2]: 140.640854 141.488953
[2]: 116.623245 117.123810
[2]: 185.875473 187.028641
[2]: 114.858749 115.487915
[2]: 116.998009 115.701958
[2]: 126.482872 126.823853
[2]: 119.627632 119.795769
[1]: 125.869698 124.435265
[1]: 126.306679 126.022057
[1]: 136.701538 136.218262
[1]: 196.078568 195.582352
[1]: 127.349258 128.496063
[1]: 127.619949 127.885963
[1]: 126.627548 126.182396
[1]: 127.056778 126.707695
[1]: 138.461334 139.348587
[1]: 129.311646 128.695145
[1]: 120.960213 120.969055
[1]: 130.156754 129.116302
[1]: 128.806412 129.162750
[1]: 133.434738 133.181931
[1]: 132.917709 133.151993
[1]: 118.095398 118.258011
[1]: 134.171097 134.611816
[1]: 190.906921 191.817841
[1]: 133.078339 132.786499
[1]: 123.278442 122.490532
[1]: 125.724815 125.744560
[1]: 136.308701 135.743011
[1]: 139.839828 140.021667
[1]: 133.499268 134.113419
[1]: 129.502518 129.365189
[1]: 119.709373 119.186768
[1]: 121.492592 122.164551
[1]: 135.767319 136.165558
[1]: 126.587761 127.482735
[1]: 132.310013 131.550781
[1]: 119.026833 119.676590
[1]: 116.502754 117.413986
[1]: 125.941826 126.122925
[1]: 129.275116 130.843796
[0]: 125.759666 124.891190
[0]: 117.289566 117.632103
[0]: 117.852554 117.247887
[0]: 92.404884 91.521843
[0]: 115.119095 115.437042
[0]: 129.300827 129.795883
[0]: 122.750130 121.578682
[0]: 123.307701 123.861870
[0]: 105.779686 103.972305
[0]: 119.414589 121.032570
[0]: 152.399719 151.454742
[0]: 124.844475 124.158813
[0]: 131.762680 131.248230
[0]: 105.658875 105.238052
[0]: 116.579308 117.011108
[0]: 130.082138 130.063766
[0]: 116.725471 116.268654
[0]: 155.536697 155.970764
[0]: 124.211464 124.307205
[0]: 140.738098 141.321823
[0]: 125.577164 127.129501
[0]: 104.716278 105.662453
[0]: 105.837082 105.882210
[0]: 110.249870 112.333275
[0]: 125.512199 126.447815
[0]: 147.592194 147.295670
[0]: 130.340347 128.576889
[0]: 113.831932 112.386185
[0]: 139.774353 138.924698
[0]: 186.809509 185.904358
[0]: 144.358994 143.981277
[0]: 145.067276 146.401062
[0]: 127.853157 127.767845
[0]: 137.836655 137.356873
