[19]: 1992  5 18  0 15 DEBBY       7.1  19.8  144  184 1968  8 15 18 15 CHRIS       7.2   5.9   86  339
[18]: 1975  3 11  0  7 ISAAC       7.0  20.5  105  795 1955  9  1  0 24 HELENE      7.3  19.6  122  171
[17]: 1976  5  6  6 24 VALERIE     7.0  19.4  112  347 1991  8  1 18  6 HELENE     13.7  12.8  129  285
[16]: 1975  3 11  0  7 ISAAC       7.0  20.5  105  795 1993 12  1 18 17 BERYL       7.4   5.8   65  644
[15]: 1969  8 16  6 23 HELENE      7.0  20.4  149  582 1973  5 11  6  7 ALBERTO     7.2  21.0   29  820
[14]: 1980  8 24 12 15 ISAAC       7.1  20.0   21  549 2003 11  7 18 18 ERNESTO     7.0  19.8   47  692
[13]: 1997  4  7  0 14 NADINE      7.0  20.2   76  718 1977  3 26 18 22 TONY        7.3   5.1   89   15
[12]: 1992  5 18  0 15 DEBBY       7.1  19.8  144  184 1997  4  7  0 14 NADINE      7.0  20.2   76  718
[11]: 1991  6  2 18 22 VALERIE     7.1  19.6  161  798 1976  6  3 12  8 JOYCE       7.3   6.0   77  627
[10]: 2003 11  7 18 18 ERNESTO     7.0  19.8   47  692 1950  4 14 18  3 SANDY       7.5   4.4  131  257
[9]: 1991  6  2 18 22 VALERIE     7.1  19.6  161  798 1997  4  7  0 14 NADINE      7.0  20.2   76  718
[8]: 1980  8 24 12 15 ISAAC       7.1  20.0   21  549 2003 11  7 18 18 ERNESTO     7.0  19.8   47  692
[7]: 1976  6 10 12 25 ISAAC       7.0  20.7   32  133 1996  3 18 12 24 SANDY       7.0   6.2   30  707
[6]: 1960  3 23  0 22 JOYCE       7.0  20.6  151   92 1973  5 11  6  7 ALBERTO     7.2  21.0   29  820
[5]: 1976  5  6  6 24 VALERIE     7.0  19.4  112  347 1970 11  8 12  8 TONY        7.5  19.7   48  501
[4]: 1957  2  8  0  7 DEBBY       7.0  19.3  157   37 1979 11  6 18 23 LESLIE      7.4   5.3  107  429
[3]: 1960  3 23  0 22 JOYCE       7.0  20.6  151   92 1970 11  8 12  8 TONY        7.5  19.7   48  501
[2]: 1976  6 10 12 25 ISAAC       7.0  20.7   32  133 1980  6 16  6  8 WILLIAM     7.3   5.2   34  549
[1]: 2003 11  7 18 18 ERNESTO     7.0  19.8   47  692 1966  4  5  6 25 KIRK        7.5   5.7   40  586
[0]: 1997  4  7  0 14 NADINE      7.0  20.2   76  718 1976  8  7  6 14 BERYL       7.2   4.6   90   20
