[4]: 133.390747 132.432159
[4]: 126.360283 126.836334
[4]: 117.244148 117.904129
[4]: 173.237579 173.930054
[4]: 125.734970 124.594322
[4]: 126.436554 126.765602
[4]: 121.879196 122.387993
[4]: 127.543434 126.389420
[4]: 111.880066 111.252876
[4]: 122.952690 123.659187
[4]: 134.121445 133.923080
[4]: 128.866302 128.397034
[4]: 128.639160 127.930695
[4]: 122.514870 122.162163
[4]: 125.129272 123.592026
[4]: 133.833466 132.753708
[4]: 119.176186 118.670052
[4]: 67.302452 67.263580
[4]: 125.326820 125.855522
[4]: 131.729507 131.628586
[4]: 130.349136 130.921097
[4]: 114.038452 113.843704
[4]: 117.333939 117.078583
[4]: 122.614395 123.219727
[4]: 128.093201 128.845459
[4]: 136.932114 137.093811
[4]: 134.569931 133.075012
[4]: 117.532516 118.086906
[4]: 130.690826 129.906662
[4]: 73.711548 74.227898
[4]: 133.640747 133.324158
[4]: 139.747620 140.945679
[4]: 131.939316 131.868683
[4]: 128.583542 128.115768
[3]: 128.009460 129.667557
[3]: 129.590149 129.926086
[3]: 126.958405 127.448074
[3]: 60.698357 60.540619
[3]: 132.253250 131.771637
[3]: 127.496323 126.479179
[3]: 135.245041 135.141663
[3]: 129.809616 130.633560
[3]: 134.852936 135.352875
[3]: 126.108284 125.978561
[3]: 117.598282 119.108917
[3]: 126.776154 127.657806
[3]: 127.797028 128.203644
[3]: 132.372086 132.660767
[3]: 128.590073 129.234131
[3]: 131.429092 131.750046
[3]: 132.926743 132.714172
[3]: 157.342773 155.685638
[3]: 123.978577 124.603302
[3]: 122.793434 122.442459
[3]: 125.453476 124.990410
[3]: 137.228149 136.959061
[3]: 131.706329 132.554504
[3]: 129.531509 128.384995
[3]: 129.686401 129.326920
[3]: 120.790070 120.673088
[3]: 127.073257 128.321609
[3]: 129.008987 128.891006
[3]: 125.439873 125.635117
[3]: 64.529633 64.354279
[3]: 129.441757 128.957504
[3]: 119.957939 117.774368
[3]: 125.248161 124.986511
[3]: 122.407898 121.671371
[2]: 126.552284 127.894775
[2]: 137.163589 136.264862
[2]: 137.264099 137.254089
[2]: 112.033340 113.327965
[2]: 139.407440 139.689117
[2]: 126.420517 126.364342
[2]: 129.944962 130.981094
[2]: 127.989235 128.233978
[2]: 142.791809 143.741364
[2]: 137.265289 136.178146
[2]: 114.760071 114.198883
[2]: 128.945358 130.096924
[2]: 122.518227 122.856323
[2]: 140.686127 141.394409
[2]: 131.518143 131.694214
[2]: 125.213928 125.654327
[2]: 134.465744 135.343277
[2]: 67.738297 68.268845
[2]: 130.651352 129.859833
[2]: 116.850281 117.726288
[2]: 130.720901 129.149658
[2]: 144.677109 144.983566
[2]: 141.685654 140.783249
[2]: 138.057907 136.607025
[2]: 123.090614 122.202629
[2]: 115.270561 115.770721
[2]: 126.248466 127.232552
[2]: 140.872375 141.488953
[2]: 116.578850 117.123810
[2]: 186.097153 187.028641
[2]: 115.088615 115.487915
[2]: 116.841187 115.701958
[2]: 126.389885 126.823853
[2]: 119.752411 119.795769
[1]: 125.681435 124.435265
[1]: 126.318954 126.022057
[1]: 136.621002 136.218262
[1]: 195.958649 195.582352
[1]: 127.610291 128.496063
[1]: 127.628052 127.885963
[1]: 126.707581 126.182396
[1]: 127.022186 126.707695
[1]: 138.735275 139.348587
[1]: 129.416946 128.695145
[1]: 120.997055 120.969055
[1]: 130.009857 129.116302
[1]: 128.800995 129.162750
[1]: 133.427261 133.181931
[1]: 132.704559 133.151993
[1]: 117.971680 118.258011
[1]: 134.324921 134.611816
[1]: 191.019791 191.817841
[1]: 133.208633 132.786499
[1]: 123.276360 122.490532
[1]: 125.673599 125.744560
[1]: 136.170456 135.743011
[1]: 139.684921 140.021667
[1]: 133.595398 134.113419
[1]: 129.502365 129.365189
[1]: 119.629448 119.186768
[1]: 121.541626 122.164551
[1]: 135.817368 136.165558
[1]: 126.724182 127.482735
[1]: 132.207230 131.550781
[1]: 119.094734 119.676590
[1]: 116.552330 117.413986
[1]: 126.029945 126.122925
[1]: 129.481567 130.843796
[0]: 125.735741 124.891190
[0]: 117.190224 117.632103
[0]: 117.974319 117.247887
[0]: 92.236687 91.521843
[0]: 114.909828 115.437042
[0]: 129.268555 129.795883
[0]: 122.566299 121.578682
[0]: 123.428802 123.861870
[0]: 105.431641 103.972305
[0]: 119.654160 121.032570
[0]: 152.370667 151.454742
[0]: 124.842323 124.158813
[0]: 131.701309 131.248230
[0]: 105.555740 105.238052
[0]: 116.670387 117.011108
[0]: 130.095413 130.063766
[0]: 116.695206 116.268654
[0]: 155.613358 155.970764
[0]: 124.200272 124.307205
[0]: 140.966934 141.321823
[0]: 125.619286 127.129501
[0]: 104.926918 105.662453
[0]: 105.810463 105.882210
[0]: 110.648399 112.333275
[0]: 125.750259 126.447815
[0]: 147.484543 147.295670
[0]: 130.095673 128.576889
[0]: 113.816986 112.386185
[0]: 139.758423 138.924698
[0]: 186.730759 185.904358
[0]: 144.289932 143.981277
[0]: 145.110016 146.401062
[0]: 127.963760 127.767845
[0]: 137.605713 137.356873
