[18]: 1989  9  9  6 13 CHRIS       7.0   4.6   21  602 2000 10 11  0 20 OSCAR       7.1   4.6   65  547
[17]: 1989  9  9  6 13 CHRIS       7.0   4.6   21  602 1994  7  1 18 28 RAFAEL      7.0   5.1   47  135
[16]: 2000 10 11  0 20 OSCAR       7.1   4.6   65  547 1978 12  1  6  4 ALBERTO     7.1   4.7   21  674
[14]: 1994  7  1 18 28 RAFAEL      7.0   5.1   47  135 1989  9  9  6 13 CHRIS       7.0   4.6   21  602
[13]: 1983  6 22  0 14 GORDON      7.1   5.8  130  838 1978 12  1  6  4 ALBERTO     7.1   4.7   21  674
[11]: 1994  7  1 18 28 RAFAEL      7.0   5.1   47  135 2000 10 11  0 20 OSCAR       7.1   4.6   65  547
[10]: 1983  6 22  0 14 GORDON      7.1   5.8  130  838 2000 10 11  0 20 OSCAR       7.1   4.6   65  547
[9]: 1978 12  1  6  4 ALBERTO     7.1   4.7   21  674 1989  9  9  6 13 CHRIS       7.0   4.6   21  602
[8]: 1978 12  1  6  4 ALBERTO     7.1   4.7   21  674 1995  5 22  6 14 ERNESTO     7.1   4.9   53  190
[7]: 1989  9  9  6 13 CHRIS       7.0   4.6   21  602 1994  7  1 18 28 RAFAEL      7.0   5.1   47  135
[6]: 1995  5 22  6 14 ERNESTO     7.1   4.9   53  190 1983  6 22  0 14 GORDON      7.1   5.8  130  838
[5]: 2000 10 11  0 20 OSCAR       7.1   4.6   65  547 1983  5  8 12  1 ALBERTO     7.1   4.5  121  234
[4]: 2000 10 11  0 20 OSCAR       7.1   4.6   65  547 1978 12  1  6  4 ALBERTO     7.1   4.7   21  674
[3]: 1978 12  1  6  4 ALBERTO     7.1   4.7   21  674 1989  9  9  6 13 CHRIS       7.0   4.6   21  602
[1]: 1994  7  1 18 28 RAFAEL      7.0   5.1   47  135 1999  8 15 18 25 BERYL       7.0   4.2  101   90
[0]: 1995  5 22  6 14 ERNESTO     7.1   4.9   53  190 1994  7  1 18 28 RAFAEL      7.0   5.1   47  135
