[4]: 133.055252 132.432159
[4]: 125.680412 126.836334
[4]: 116.972450 117.904129
[4]: 173.316177 173.930054
[4]: 126.752930 124.594322
[4]: 126.394081 126.765602
[4]: 121.964218 122.387993
[4]: 128.146698 126.389420
[4]: 113.054939 111.252876
[4]: 122.725540 123.659187
[4]: 134.620010 133.923080
[4]: 129.007446 128.397034
[4]: 129.202744 127.930695
[4]: 123.120964 122.162163
[4]: 125.200363 123.592026
[4]: 134.203934 132.753708
[4]: 119.908569 118.670052
[4]: 67.468971 67.263580
[4]: 125.030952 125.855522
[4]: 131.314285 131.628586
[4]: 130.206375 130.921097
[4]: 113.626427 113.843704
[4]: 117.382042 117.078583
[4]: 122.107033 123.219727
[4]: 127.545120 128.845459
[4]: 136.922424 137.093811
[4]: 135.528656 133.075012
[4]: 118.031189 118.086906
[4]: 130.860199 129.906662
[4]: 73.425827 74.227898
[4]: 134.525406 133.324158
[4]: 139.690781 140.945679
[4]: 131.784271 131.868683
[4]: 129.535934 128.115768
[3]: 128.044754 129.667557
[3]: 129.822845 129.926086
[3]: 127.455124 127.448074
[3]: 60.784641 60.540619
[3]: 131.655899 131.771637
[3]: 127.381912 126.479179
[3]: 135.102463 135.141663
[3]: 129.091766 130.633560
[3]: 134.835327 135.352875
[3]: 126.244987 125.978561
[3]: 117.368187 119.108917
[3]: 126.366158 127.657806
[3]: 127.441093 128.203644
[3]: 132.087097 132.660767
[3]: 128.754547 129.234131
[3]: 131.331467 131.750046
[3]: 133.155792 132.714172
[3]: 157.590103 155.685638
[3]: 124.142067 124.603302
[3]: 122.916962 122.442459
[3]: 125.538170 124.990410
[3]: 137.619019 136.959061
[3]: 131.320786 132.554504
[3]: 130.141754 128.384995
[3]: 130.029312 129.326920
[3]: 120.451775 120.673088
[3]: 126.747604 128.321609
[3]: 128.861130 128.891006
[3]: 125.478287 125.635117
[3]: 64.836571 64.354279
[3]: 128.970215 128.957504
[3]: 120.241638 117.774368
[3]: 125.648659 124.986511
[3]: 121.963661 121.671371
[2]: 126.901711 127.894775
[2]: 137.553848 136.264862
[2]: 136.674957 137.254089
[2]: 111.786743 113.327965
[2]: 138.571243 139.689117
[2]: 126.532867 126.364342
[2]: 129.820404 130.981094
[2]: 128.016113 128.233978
[2]: 141.679825 143.741364
[2]: 138.293442 136.178146
[2]: 114.465775 114.198883
[2]: 128.430756 130.096924
[2]: 122.318893 122.856323
[2]: 140.208710 141.394409
[2]: 131.471832 131.694214
[2]: 125.096062 125.654327
[2]: 133.881516 135.343277
[2]: 67.306923 68.268845
[2]: 130.894287 129.859833
[2]: 117.273338 117.726288
[2]: 131.254913 129.149658
[2]: 144.922775 144.983566
[2]: 141.814987 140.783249
[2]: 137.904892 136.607025
[2]: 123.585129 122.202629
[2]: 115.766953 115.770721
[2]: 125.406570 127.232552
[2]: 140.615280 141.488953
[2]: 116.673447 117.123810
[2]: 186.026016 187.028641
[2]: 115.156532 115.487915
[2]: 116.441200 115.701958
[2]: 126.441437 126.823853
[2]: 119.097252 119.795769
[1]: 125.594017 124.435265
[1]: 126.472618 126.022057
[1]: 137.142212 136.218262
[1]: 196.127228 195.582352
[1]: 127.206367 128.496063
[1]: 127.996819 127.885963
[1]: 126.914719 126.182396
[1]: 126.574524 126.707695
[1]: 137.970413 139.348587
[1]: 128.814453 128.695145
[1]: 120.445984 120.969055
[1]: 130.360779 129.116302
[1]: 128.546021 129.162750
[1]: 133.297241 133.181931
[1]: 132.822983 133.151993
[1]: 117.747574 118.258011
[1]: 134.012741 134.611816
[1]: 190.849625 191.817841
[1]: 133.198364 132.786499
[1]: 123.669518 122.490532
[1]: 125.721169 125.744560
[1]: 136.708420 135.743011
[1]: 139.410950 140.021667
[1]: 134.274567 134.113419
[1]: 129.467346 129.365189
[1]: 119.571571 119.186768
[1]: 121.188736 122.164551
[1]: 135.511063 136.165558
[1]: 126.527687 127.482735
[1]: 132.583694 131.550781
[1]: 118.862679 119.676590
[1]: 116.677826 117.413986
[1]: 125.990448 126.122925
[1]: 128.931335 130.843796
[0]: 125.779953 124.891190
[0]: 117.066528 117.632103
[0]: 117.779526 117.247887
[0]: 92.415848 91.521843
[0]: 115.787781 115.437042
[0]: 128.912323 129.795883
[0]: 122.504387 121.578682
[0]: 124.020714 123.861870
[0]: 106.185493 103.972305
[0]: 119.308319 121.032570
[0]: 153.054489 151.454742
[0]: 125.311325 124.158813
[0]: 131.982468 131.248230
[0]: 105.843651 105.238052
[0]: 116.323792 117.011108
[0]: 130.158508 130.063766
[0]: 116.601082 116.268654
[0]: 155.766983 155.970764
[0]: 124.104866 124.307205
[0]: 140.411545 141.321823
[0]: 125.058105 127.129501
[0]: 104.040314 105.662453
[0]: 106.327141 105.882210
[0]: 109.925903 112.333275
[0]: 125.466904 126.447815
[0]: 147.428482 147.295670
[0]: 130.712143 128.576889
[0]: 114.044785 112.386185
[0]: 139.662888 138.924698
[0]: 186.586807 185.904358
[0]: 144.032318 143.981277
[0]: 145.181366 146.401062
[0]: 127.686951 127.767845
[0]: 138.401245 137.356873
