[19]: 1958  9 16 18 22 MICHAEL    28.3 233.3   27   39 2000 10 11  0 20 OSCAR       7.1   4.6   65  547
[18]: 1989  9  9  6 13 CHRIS       7.0   4.6   21  602 2000 10 11  0 20 OSCAR       7.1   4.6   65  547
[17]: 1989  9  9  6 13 CHRIS       7.0   4.6   21  602 1994  7  1 18 28 RAFAEL      7.0   5.1   47  135
[16]: 1987  5  9  6  7 PATTY       7.0   4.3   52  385 1989  9  9  6 13 CHRIS       7.0   4.6   21  602
[14]: 1995  5 22  6 14 ERNESTO     7.1   4.9   53  190 1978 12  1  6  4 ALBERTO     7.1   4.7   21  674
[13]: 1978 12  1  6  4 ALBERTO     7.1   4.7   21  674 1994  7  1 18 28 RAFAEL      7.0   5.1   47  135
[12]: 1978 12  1  6  4 ALBERTO     7.1   4.7   21  674 1994  7  1 18 28 RAFAEL      7.0   5.1   47  135
[11]: 1978 12  1  6  4 ALBERTO     7.1   4.7   21  674 1952  3 21 18 10 DEBBY       7.1   5.7   77  178
[10]: 1994  7  1 18 28 RAFAEL      7.0   5.1   47  135 1995  5 22  6 14 ERNESTO     7.1   4.9   53  190
[9]: 2000 10 11  0 20 OSCAR       7.1   4.6   65  547 1989  9  9  6 13 CHRIS       7.0   4.6   21  602
[8]: 1950 11 17  6 23 OSCAR      10.7 169.1   34  165 1978 12  1  6  4 ALBERTO     7.1   4.7   21  674
[7]: 1962  7 23 12 23 PATTY      38.3  89.3  158  806 1978 12  1  6  4 ALBERTO     7.1   4.7   21  674
[6]: 1994  7  1 18 28 RAFAEL      7.0   5.1   47  135 1989  9  9  6 13 CHRIS       7.0   4.6   21  602
[5]: 1995  5 22  6 14 ERNESTO     7.1   4.9   53  190 1999  8 15 18 25 BERYL       7.0   4.2  101   90
[4]: 1989  9  9  6 13 CHRIS       7.0   4.6   21  602 1983  5  8 12  1 ALBERTO     7.1   4.5  121  234
[3]: 1978 10 17 18 28 JOYCE      14.1  81.5   40  733 1987  5  9  6  7 PATTY       7.0   4.3   52  385
[2]: 1994  7  1 18 28 RAFAEL      7.0   5.1   47  135 1995  5 22  6 14 ERNESTO     7.1   4.9   53  190
[1]: 1995  5 22  6 14 ERNESTO     7.1   4.9   53  190 2000 10 11  0 20 OSCAR       7.1   4.6   65  547
[0]: 1974 10  4 12 25 PATTY      13.6  90.1   23  214 1995  5 22  6 14 ERNESTO     7.1   4.9   53  190
