[4]: 132.850693 132.432159
[4]: 127.347801 126.836334
[4]: 117.875206 117.904129
[4]: 174.145187 173.930054
[4]: 124.923599 124.594322
[4]: 126.545418 126.765602
[4]: 122.024597 122.387993
[4]: 126.294014 126.389420
[4]: 111.246964 111.252876
[4]: 123.494087 123.659187
[4]: 134.209442 133.923080
[4]: 128.441406 128.397034
[4]: 128.154068 127.930695
[4]: 122.285599 122.162163
[4]: 123.735184 123.592026
[4]: 133.067749 132.753708
[4]: 118.763351 118.670052
[4]: 67.173660 67.263580
[4]: 125.405235 125.855522
[4]: 131.543671 131.628586
[4]: 130.324310 130.921097
[4]: 113.910194 113.843704
[4]: 117.222771 117.078583
[4]: 123.045143 123.219727
[4]: 128.966919 128.845459
[4]: 137.296463 137.093811
[4]: 133.127731 133.075012
[4]: 117.992149 118.086906
[4]: 130.273376 129.906662
[4]: 74.571121 74.227898
[4]: 133.512817 133.324158
[4]: 140.403259 140.945679
[4]: 132.315674 131.868683
[4]: 128.454895 128.115768
[3]: 129.354691 129.667557
[3]: 129.757706 129.926086
[3]: 127.554993 127.448074
[3]: 60.469517 60.540619
[3]: 131.602448 131.771637
[3]: 127.260872 126.479179
[3]: 135.047852 135.141663
[3]: 130.639526 130.633560
[3]: 135.154083 135.352875
[3]: 125.805244 125.978561
[3]: 118.714310 119.108917
[3]: 127.594177 127.657806
[3]: 127.971428 128.203644
[3]: 132.766525 132.660767
[3]: 129.646561 129.234131
[3]: 131.653809 131.750046
[3]: 132.326675 132.714172
[3]: 155.077271 155.685638
[3]: 124.133789 124.603302
[3]: 122.723518 122.442459
[3]: 125.359772 124.990410
[3]: 136.968704 136.959061
[3]: 132.365234 132.554504
[3]: 128.805084 128.384995
[3]: 129.154007 129.326920
[3]: 120.369217 120.673088
[3]: 128.308868 128.321609
[3]: 128.958313 128.891006
[3]: 126.005936 125.635117
[3]: 63.968307 64.354279
[3]: 129.465302 128.957504
[3]: 118.267975 117.774368
[3]: 124.816093 124.986511
[3]: 121.916946 121.671371
[2]: 127.404648 127.894775
[2]: 136.362488 136.264862
[2]: 137.334778 137.254089
[2]: 113.309135 113.327965
[2]: 139.870224 139.689117
[2]: 126.084572 126.364342
[2]: 131.247726 130.981094
[2]: 128.112518 128.233978
[2]: 143.706284 143.741364
[2]: 136.096954 136.178146
[2]: 114.489700 114.198883
[2]: 129.343475 130.096924
[2]: 122.491936 122.856323
[2]: 141.623383 141.394409
[2]: 131.705551 131.694214
[2]: 125.545837 125.654327
[2]: 134.622101 135.343277
[2]: 68.302185 68.268845
[2]: 130.263931 129.859833
[2]: 117.301071 117.726288
[2]: 129.714020 129.149658
[2]: 144.994003 144.983566
[2]: 140.615631 140.783249
[2]: 137.451126 136.607025
[2]: 121.974129 122.202629
[2]: 116.111481 115.770721
[2]: 126.432442 127.232552
[2]: 141.094391 141.488953
[2]: 117.132889 117.123810
[2]: 187.127457 187.028641
[2]: 115.331573 115.487915
[2]: 116.399376 115.701958
[2]: 126.323914 126.823853
[2]: 119.451683 119.795769
[1]: 125.004433 124.435265
[1]: 125.675629 126.022057
[1]: 136.055893 136.218262
[1]: 195.481308 195.582352
[1]: 128.487518 128.496063
[1]: 127.514961 127.885963
[1]: 126.455345 126.182396
[1]: 126.967201 126.707695
[1]: 139.171936 139.348587
[1]: 128.904861 128.695145
[1]: 121.065529 120.969055
[1]: 128.994095 129.116302
[1]: 128.860947 129.162750
[1]: 133.002411 133.181931
[1]: 132.801788 133.151993
[1]: 118.063271 118.258011
[1]: 135.042984 134.611816
[1]: 191.919556 191.817841
[1]: 133.401169 132.786499
[1]: 122.871353 122.490532
[1]: 125.991837 125.744560
[1]: 135.600159 135.743011
[1]: 139.712479 140.021667
[1]: 133.753601 134.113419
[1]: 129.482788 129.365189
[1]: 118.996971 119.186768
[1]: 122.156006 122.164551
[1]: 136.075943 136.165558
[1]: 126.796349 127.482735
[1]: 131.363083 131.550781
[1]: 119.454330 119.676590
[1]: 117.357323 117.413986
[1]: 126.280609 126.122925
[1]: 129.971786 130.843796
[0]: 124.696243 124.891190
[0]: 117.557236 117.632103
[0]: 117.231430 117.247887
[0]: 91.205696 91.521843
[0]: 115.095406 115.437042
[0]: 129.880829 129.795883
[0]: 121.501495 121.578682
[0]: 123.808838 123.861870
[0]: 104.407539 103.972305
[0]: 121.257500 121.032570
[0]: 151.162857 151.454742
[0]: 125.119690 124.158813
[0]: 131.975372 131.248230
[0]: 104.939560 105.238052
[0]: 116.763870 117.011108
[0]: 130.196030 130.063766
[0]: 116.877403 116.268654
[0]: 156.332733 155.970764
[0]: 124.179276 124.307205
[0]: 141.144394 141.321823
[0]: 126.497650 127.129501
[0]: 105.721642 105.662453
[0]: 106.427292 105.882210
[0]: 111.539543 112.333275
[0]: 126.612808 126.447815
[0]: 147.266144 147.295670
[0]: 129.420197 128.576889
[0]: 112.918785 112.386185
[0]: 138.857910 138.924698
[0]: 186.013245 185.904358
[0]: 143.652054 143.981277
[0]: 145.776260 146.401062
[0]: 127.837135 127.767845
[0]: 138.025558 137.356873
