[4]: 135.254471 132.432159
[4]: 125.078049 126.836334
[4]: 117.056503 117.904129
[4]: 164.050003 173.930054
[4]: 127.113480 124.594322
[4]: 126.278198 126.765602
[4]: 122.499077 122.387993
[4]: 128.119843 126.389420
[4]: 114.410011 111.252876
[4]: 120.131134 123.659187
[4]: 139.847183 133.923080
[4]: 128.071487 128.397034
[4]: 128.954300 127.930695
[4]: 120.747108 122.162163
[4]: 121.387306 123.592026
[4]: 134.489639 132.753708
[4]: 116.746490 118.670052
[4]: 71.540253 67.263580
[4]: 126.401054 125.855522
[4]: 132.855255 131.628586
[4]: 126.644844 130.921097
[4]: 107.357689 113.843704
[4]: 113.615982 117.078583
[4]: 117.765442 123.219727
[4]: 125.970795 128.845459
[4]: 138.564957 137.093811
[4]: 136.704697 133.075012
[4]: 121.087830 118.086906
[4]: 134.618790 129.906662
[4]: 79.333611 74.227898
[4]: 135.595047 133.324158
[4]: 137.821808 140.945679
[4]: 128.895065 131.868683
[4]: 3576584331562319872.000000 128.115768
[3]: 127.901779 129.667557
[3]: 127.471359 129.926086
[3]: 127.379921 127.448074
[3]: 127.525314 60.540619
[3]: 128.181427 131.771637
[3]: 127.423538 126.479179
[3]: 127.356049 135.141663
[3]: 127.222542 130.633560
[3]: 127.118706 135.352875
[3]: 127.188004 125.978561
[3]: 127.549744 119.108917
[3]: 127.940575 127.657806
[3]: 127.842880 128.203644
[3]: 127.267906 132.660767
[3]: 127.105331 129.234131
[3]: 127.644928 131.750046
[3]: 127.718880 132.714172
[3]: 127.781891 155.685638
[3]: 127.534515 124.603302
[3]: 126.893906 122.442459
[3]: 127.576462 124.990410
[3]: 127.796494 136.959061
[3]: 127.622307 132.554504
[3]: 127.162994 128.384995
[3]: 127.269859 129.326920
[3]: 127.681412 120.673088
[3]: 127.846275 128.321609
[3]: 127.641411 128.891006
[3]: 127.656830 125.635117
[3]: 127.495361 64.354279
[3]: 128.044312 128.957504
[3]: 127.318626 117.774368
[3]: 127.497551 124.986511
[3]: 836577372047147008.000000 121.671371
[2]: 128.368607 127.894775
[2]: 129.407379 136.264862
[2]: 130.100677 137.254089
[2]: 147.069733 113.327965
[2]: 128.556091 139.689117
[2]: 127.408318 126.364342
[2]: 125.075203 130.981094
[2]: 125.996140 128.233978
[2]: 128.144592 143.741364
[2]: 131.791977 136.178146
[2]: 127.850876 114.198883
[2]: 128.623856 130.096924
[2]: 126.548645 122.856323
[2]: 129.797073 141.394409
[2]: 127.773315 131.694214
[2]: 125.321991 125.654327
[2]: 128.026947 135.343277
[2]: 91.169037 68.268845
[2]: 129.353409 129.859833
[2]: 125.194984 117.726288
[2]: 129.987061 129.149658
[2]: 128.969238 144.983566
[2]: 130.336884 140.783249
[2]: 128.524734 136.607025
[2]: 125.005180 122.202629
[2]: 125.843620 115.770721
[2]: 127.211037 127.232552
[2]: 130.003296 141.488953
[2]: 125.425034 117.123810
[2]: 168.251633 187.028641
[2]: 122.887856 115.487915
[2]: 126.367760 115.701958
[2]: 128.786072 126.823853
[2]: 1642512042222944256.000000 119.795769
[1]: 129.558899 124.435265
[1]: 124.798035 126.022057
[1]: 131.332855 136.218262
[1]: 193.983627 195.582352
[1]: 124.064255 128.496063
[1]: 126.989731 127.885963
[1]: 125.925041 126.182396
[1]: 125.612297 126.707695
[1]: 127.696907 139.348587
[1]: 124.229591 128.695145
[1]: 130.913895 120.969055
[1]: 129.878464 129.116302
[1]: 127.780106 129.162750
[1]: 127.042397 133.181931
[1]: 129.031494 133.151993
[1]: 120.612732 118.258011
[1]: 127.705139 134.611816
[1]: 169.729660 191.817841
[1]: 130.836456 132.786499
[1]: 126.786209 122.490532
[1]: 125.581573 125.744560
[1]: 124.078934 135.743011
[1]: 128.469208 140.021667
[1]: 126.647285 134.113419
[1]: 127.125793 129.365189
[1]: 126.960747 119.186768
[1]: 127.111641 122.164551
[1]: 129.087952 136.165558
[1]: 130.010666 127.482735
[1]: 130.163254 131.550781
[1]: 125.764061 119.676590
[1]: 123.106941 117.413986
[1]: 127.815964 126.122925
[1]: 2533608767052840960.000000 130.843796
[0]: 126.060532 124.891190
[0]: 119.393425 117.632103
[0]: 117.868210 117.247887
[0]: 94.329376 91.521843
[0]: 119.848534 115.437042
[0]: 129.104462 129.795883
[0]: 121.951851 121.578682
[0]: 123.884644 123.861870
[0]: 108.208397 103.972305
[0]: 115.895271 121.032570
[0]: 154.442627 151.454742
[0]: 128.393692 124.158813
[0]: 131.862061 131.248230
[0]: 105.909416 105.238052
[0]: 114.260849 117.011108
[0]: 130.434021 130.063766
[0]: 114.373833 116.268654
[0]: 154.284042 155.970764
[0]: 124.406258 124.307205
[0]: 139.640839 141.321823
[0]: 122.314003 127.129501
[0]: 98.725090 105.662453
[0]: 106.514061 105.882210
[0]: 106.447639 112.333275
[0]: 123.878403 126.447815
[0]: 146.426376 147.295670
[0]: 134.958176 128.576889
[0]: 119.375679 112.386185
[0]: 144.441925 138.924698
[0]: 185.624237 185.904358
[0]: 143.495956 143.981277
[0]: 144.565628 146.401062
[0]: 123.337463 127.767845
[0]: 4593751884266733568.000000 137.356873
