[4]: 133.412994 132.432159
[4]: 125.914604 126.836334
[4]: 116.762772 117.904129
[4]: 172.678864 173.930054
[4]: 126.700356 124.594322
[4]: 126.975525 126.765602
[4]: 122.356789 122.387993
[4]: 128.112473 126.389420
[4]: 114.605194 111.252876
[4]: 123.437935 123.659187
[4]: 135.458481 133.923080
[4]: 128.489487 128.397034
[4]: 128.851318 127.930695
[4]: 122.066040 122.162163
[4]: 124.588112 123.592026
[4]: 134.579620 132.753708
[4]: 120.760567 118.670052
[4]: 67.763794 67.263580
[4]: 125.554588 125.855522
[4]: 130.292328 131.628586
[4]: 129.720261 130.921097
[4]: 113.416374 113.843704
[4]: 116.893745 117.078583
[4]: 122.075012 123.219727
[4]: 128.208023 128.845459
[4]: 136.696182 137.093811
[4]: 135.504440 133.075012
[4]: 118.578514 118.086906
[4]: 130.448639 129.906662
[4]: 72.373001 74.227898
[4]: 134.114990 133.324158
[4]: 139.066513 140.945679
[4]: 131.931046 131.868683
[4]: 130.866119 128.115768
[3]: 126.710968 129.667557
[3]: 129.114822 129.926086
[3]: 127.475464 127.448074
[3]: 60.909916 60.540619
[3]: 131.951874 131.771637
[3]: 127.341866 126.479179
[3]: 135.223602 135.141663
[3]: 129.520859 130.633560
[3]: 134.171555 135.352875
[3]: 126.058701 125.978561
[3]: 116.764343 119.108917
[3]: 126.242699 127.657806
[3]: 127.453468 128.203644
[3]: 132.666199 132.660767
[3]: 129.038193 129.234131
[3]: 130.586838 131.750046
[3]: 133.106201 132.714172
[3]: 159.101517 155.685638
[3]: 123.403770 124.603302
[3]: 124.065277 122.442459
[3]: 126.225876 124.990410
[3]: 138.311264 136.959061
[3]: 131.664627 132.554504
[3]: 130.833145 128.384995
[3]: 130.320099 129.326920
[3]: 121.197937 120.673088
[3]: 125.851997 128.321609
[3]: 129.554352 128.891006
[3]: 126.057838 125.635117
[3]: 65.503639 64.354279
[3]: 129.092743 128.957504
[3]: 121.207016 117.774368
[3]: 125.604912 124.986511
[3]: 120.880959 121.671371
[2]: 127.082230 127.894775
[2]: 136.937927 136.264862
[2]: 136.550842 137.254089
[2]: 111.605820 113.327965
[2]: 138.035065 139.689117
[2]: 126.071953 126.364342
[2]: 128.743912 130.981094
[2]: 128.326691 128.233978
[2]: 140.921188 143.741364
[2]: 137.980789 136.178146
[2]: 114.205017 114.198883
[2]: 128.656815 130.096924
[2]: 122.664703 122.856323
[2]: 140.539520 141.394409
[2]: 131.642151 131.694214
[2]: 125.398087 125.654327
[2]: 133.149323 135.343277
[2]: 66.793709 68.268845
[2]: 131.208847 129.859833
[2]: 118.156013 117.726288
[2]: 131.253387 129.149658
[2]: 145.459366 144.983566
[2]: 142.058807 140.783249
[2]: 137.937927 136.607025
[2]: 123.537766 122.202629
[2]: 115.758247 115.770721
[2]: 125.390038 127.232552
[2]: 140.100235 141.488953
[2]: 116.318565 117.123810
[2]: 185.667175 187.028641
[2]: 115.942947 115.487915
[2]: 116.428604 115.701958
[2]: 126.627174 126.823853
[2]: 118.051079 119.795769
[1]: 126.582619 124.435265
[1]: 127.266205 126.022057
[1]: 137.475281 136.218262
[1]: 196.156616 195.582352
[1]: 127.166870 128.496063
[1]: 127.305847 127.885963
[1]: 126.404167 126.182396
[1]: 125.850922 126.707695
[1]: 137.677917 139.348587
[1]: 128.229752 128.695145
[1]: 120.288979 120.969055
[1]: 130.600723 129.116302
[1]: 128.255096 129.162750
[1]: 133.558914 133.181931
[1]: 132.946289 133.151993
[1]: 118.444817 118.258011
[1]: 133.793335 134.611816
[1]: 190.638901 191.817841
[1]: 133.520599 132.786499
[1]: 123.153969 122.490532
[1]: 125.917381 125.744560
[1]: 136.967743 135.743011
[1]: 139.803040 140.021667
[1]: 133.434952 134.113419
[1]: 128.698578 129.365189
[1]: 119.158173 119.186768
[1]: 121.303436 122.164551
[1]: 135.219254 136.165558
[1]: 126.207832 127.482735
[1]: 133.642929 131.550781
[1]: 118.770401 119.676590
[1]: 116.035912 117.413986
[1]: 125.778412 126.122925
[1]: 129.044296 130.843796
[0]: 125.527412 124.891190
[0]: 117.353645 117.632103
[0]: 117.785728 117.247887
[0]: 92.552750 91.521843
[0]: 116.117310 115.437042
[0]: 129.596619 129.795883
[0]: 123.720566 121.578682
[0]: 124.043610 123.861870
[0]: 106.414841 103.972305
[0]: 119.708328 121.032570
[0]: 153.253754 151.454742
[0]: 125.484573 124.158813
[0]: 132.311584 131.248230
[0]: 105.686867 105.238052
[0]: 116.348389 117.011108
[0]: 129.443970 130.063766
[0]: 116.795380 116.268654
[0]: 155.280807 155.970764
[0]: 123.638939 124.307205
[0]: 139.886749 141.321823
[0]: 124.578690 127.129501
[0]: 102.687553 105.662453
[0]: 105.795204 105.882210
[0]: 110.082230 112.333275
[0]: 125.335976 126.447815
[0]: 147.298920 147.295670
[0]: 131.568863 128.576889
[0]: 113.578949 112.386185
[0]: 140.232117 138.924698
[0]: 186.385788 185.904358
[0]: 143.616272 143.981277
[0]: 145.476212 146.401062
[0]: 127.574814 127.767845
[0]: 139.150406 137.356873
