[4]: 132.432159 134.121735
[4]: 126.836334 125.832924
[4]: 117.904129 116.547821
[4]: 173.930054 171.971634
[4]: 124.594322 127.752846
[4]: 126.765602 127.338936
[4]: 122.387993 122.994186
[4]: 126.389420 128.909622
[4]: 111.252876 115.956932
[4]: 123.659187 122.919998
[4]: 133.923080 135.937531
[4]: 128.397034 128.113480
[4]: 127.930695 128.962753
[4]: 122.162163 122.736977
[4]: 123.592026 123.931633
[4]: 132.753708 135.292267
[4]: 118.670052 120.937050
[4]: 67.263580 68.416504
[4]: 125.855522 126.056190
[4]: 131.628586 129.906326
[4]: 130.921097 128.768875
[4]: 113.843704 112.146797
[4]: 117.078583 116.741768
[4]: 123.219727 122.115837
[4]: 128.845459 127.040550
[4]: 137.093811 136.347107
[4]: 133.075012 135.453995
[4]: 118.086906 120.049591
[4]: 129.906662 131.598267
[4]: 74.227898 70.985779
[4]: 133.324158 134.253433
[4]: 140.945679 137.927856
[4]: 131.868683 131.431595
[4]: 128.115768 131.915909
[3]: 129.667557 125.856194
[3]: 129.926086 129.632019
[3]: 127.448074 128.164871
[3]: 60.540619 61.207878
[3]: 131.771637 130.976654
[3]: 126.479179 127.639229
[3]: 135.141663 135.410431
[3]: 130.633560 128.956848
[3]: 135.352875 134.460648
[3]: 125.978561 127.034309
[3]: 119.108917 116.440201
[3]: 127.657806 126.090309
[3]: 128.203644 127.450142
[3]: 132.660767 132.051376
[3]: 129.234131 128.272339
[3]: 131.750046 131.359283
[3]: 132.714172 133.780365
[3]: 155.685638 160.564194
[3]: 124.603302 123.362892
[3]: 122.442459 123.683014
[3]: 124.990410 127.042923
[3]: 136.959061 139.851486
[3]: 132.554504 132.117889
[3]: 128.384995 131.368454
[3]: 129.326920 131.199966
[3]: 120.673088 121.478188
[3]: 128.321609 126.122742
[3]: 128.891006 128.238266
[3]: 125.635117 124.841934
[3]: 64.354279 66.535049
[3]: 128.957504 128.953476
[3]: 117.774368 122.184067
[3]: 124.986511 125.353806
[3]: 121.671371 119.963425
[2]: 127.894775 126.934883
[2]: 136.264862 136.404938
[2]: 137.254089 136.565552
[2]: 113.327965 112.025711
[2]: 139.689117 136.721100
[2]: 126.364342 126.220749
[2]: 130.981094 128.568878
[2]: 128.233978 127.719681
[2]: 143.741364 139.122238
[2]: 136.178146 138.534927
[2]: 114.198883 114.151596
[2]: 130.096924 128.283401
[2]: 122.856323 123.537704
[2]: 141.394409 140.069305
[2]: 131.694214 132.887253
[2]: 125.654327 124.798088
[2]: 135.343277 133.149384
[2]: 68.268845 65.861145
[2]: 129.859833 130.178818
[2]: 117.726288 119.440224
[2]: 129.149658 131.727036
[2]: 144.983566 146.209122
[2]: 140.783249 141.842712
[2]: 136.607025 137.807022
[2]: 122.202629 124.621651
[2]: 115.770721 115.955933
[2]: 127.232552 125.130074
[2]: 141.488953 138.355255
[2]: 117.123810 115.377716
[2]: 187.028641 185.284515
[2]: 115.487915 116.445366
[2]: 115.701958 117.316643
[2]: 126.823853 127.500671
[2]: 119.795769 117.239815
[1]: 124.435265 127.025185
[1]: 126.022057 126.998444
[1]: 136.218262 137.943802
[1]: 195.582352 195.794250
[1]: 128.496063 126.732994
[1]: 127.885963 127.234901
[1]: 126.182396 126.395493
[1]: 126.707695 125.520638
[1]: 139.348587 136.930740
[1]: 128.695145 128.361053
[1]: 120.969055 119.888382
[1]: 129.116302 130.514648
[1]: 129.162750 128.292572
[1]: 133.181931 133.616562
[1]: 133.151993 133.256271
[1]: 118.258011 117.216637
[1]: 134.611816 133.374969
[1]: 191.817841 190.643448
[1]: 132.786499 134.016083
[1]: 122.490532 122.946831
[1]: 125.744560 126.291565
[1]: 135.743011 137.023315
[1]: 140.021667 139.738907
[1]: 134.113419 133.909836
[1]: 129.365189 128.083405
[1]: 119.186768 119.729965
[1]: 122.164551 121.261642
[1]: 136.165558 134.975510
[1]: 127.482735 125.708199
[1]: 131.550781 134.788177
[1]: 119.676590 119.052078
[1]: 117.413986 115.363388
[1]: 126.122925 127.067703
[1]: 130.843796 128.399841
[0]: 124.891190 125.334404
[0]: 117.632103 117.599701
[0]: 117.247887 116.585014
[0]: 91.521843 92.643082
[0]: 115.437042 117.790939
[0]: 129.795883 128.810150
[0]: 121.578682 122.983917
[0]: 123.861870 124.788773
[0]: 103.972305 107.156464
[0]: 121.032570 118.301285
[0]: 151.454742 153.888733
[0]: 124.158813 126.547462
[0]: 131.248230 131.267044
[0]: 105.238052 105.806938
[0]: 117.011108 116.089706
[0]: 130.063766 129.853531
[0]: 116.268654 116.202019
[0]: 155.970764 154.798157
[0]: 124.307205 123.645775
[0]: 141.321823 139.728271
[0]: 127.129501 123.726440
[0]: 105.662453 101.181068
[0]: 105.882210 105.495049
[0]: 112.333275 108.839447
[0]: 126.447815 125.161598
[0]: 147.295670 146.754700
[0]: 128.576889 131.691666
[0]: 112.386185 115.403946
[0]: 138.924698 142.090744
[0]: 185.904358 186.009384
[0]: 143.981277 142.966537
[0]: 146.401062 145.640045
[0]: 127.767845 126.002350
[0]: 137.356873 140.780334
