[4]: 133.375259 132.432159
[4]: 128.943573 126.836334
[4]: 123.317871 117.904129
[4]: 138.314224 173.930054
[4]: 127.953156 124.594322
[4]: 126.895447 126.765602
[4]: 127.909508 122.387993
[4]: 128.699127 126.389420
[4]: 124.887909 111.252876
[4]: 126.450089 123.659187
[4]: 121.781250 133.923080
[4]: 127.834480 128.397034
[4]: 126.913406 127.930695
[4]: 127.469643 122.162163
[4]: 130.920181 123.592026
[4]: 129.388351 132.753708
[4]: 122.878197 118.670052
[4]: 67.790451 67.263580
[4]: 126.745338 125.855522
[4]: 128.923248 131.628586
[4]: 126.780548 130.921097
[4]: 128.197983 113.843704
[4]: 125.862862 117.078583
[4]: 126.165962 123.219727
[4]: 128.788406 128.845459
[4]: 128.499359 137.093811
[4]: 131.632599 133.075012
[4]: 124.708778 118.086906
[4]: 127.406441 129.906662
[4]: 58.618671 74.227898
[4]: 128.198044 133.324158
[4]: 128.732620 140.945679
[4]: 128.720673 131.868683
[4]: 127.246101 128.115768
[3]: 128.476212 129.667557
[3]: 126.627495 129.926086
[3]: 128.308243 127.448074
[3]: 58.754154 60.540619
[3]: 130.807159 131.771637
[3]: 129.306076 126.479179
[3]: 127.489449 135.141663
[3]: 129.701401 130.633560
[3]: 128.326660 135.352875
[3]: 124.061569 125.978561
[3]: 126.991493 119.108917
[3]: 127.101471 127.657806
[3]: 126.633247 128.203644
[3]: 125.361702 132.660767
[3]: 125.782669 129.234131
[3]: 129.020020 131.750046
[3]: 127.998718 132.714172
[3]: 189.023331 155.685638
[3]: 126.205948 124.603302
[3]: 130.015732 122.442459
[3]: 126.877426 124.990410
[3]: 129.643600 136.959061
[3]: 126.290474 132.554504
[3]: 129.489700 128.384995
[3]: 129.311890 129.326920
[3]: 129.392395 120.673088
[3]: 125.009018 128.321609
[3]: 126.790413 128.891006
[3]: 129.042450 125.635117
[3]: 116.664452 64.354279
[3]: 130.474228 128.957504
[3]: 126.119820 117.774368
[3]: 127.466431 124.986511
[3]: 126.394562 121.671371
[2]: 122.675552 127.894775
[2]: 128.360458 136.264862
[2]: 127.482719 137.254089
[2]: 115.097054 113.327965
[2]: 127.757080 139.689117
[2]: 127.343155 126.364342
[2]: 126.539429 130.981094
[2]: 126.101379 128.233978
[2]: 126.748489 143.741364
[2]: 133.014694 136.178146
[2]: 132.620193 114.198883
[2]: 128.232162 130.096924
[2]: 129.786423 122.856323
[2]: 127.296951 141.394409
[2]: 122.858147 131.694214
[2]: 128.462997 125.654327
[2]: 129.777573 135.343277
[2]: 69.334053 68.268845
[2]: 127.168335 129.859833
[2]: 124.201042 117.726288
[2]: 131.494431 129.149658
[2]: 124.703430 144.983566
[2]: 128.251328 140.783249
[2]: 125.352005 136.607025
[2]: 122.814354 122.202629
[2]: 126.359703 115.770721
[2]: 126.735062 127.232552
[2]: 127.847702 141.488953
[2]: 126.512756 117.123810
[2]: 196.456818 187.028641
[2]: 128.306885 115.487915
[2]: 130.582443 115.701958
[2]: 126.110229 126.823853
[2]: 124.831474 119.795769
[1]: 127.094391 124.435265
[1]: 125.935158 126.022057
[1]: 130.440033 136.218262
[1]: 198.629333 195.582352
[1]: 126.192467 128.496063
[1]: 126.138527 127.885963
[1]: 127.490547 126.182396
[1]: 124.366989 126.707695
[1]: 128.527328 139.348587
[1]: 125.180725 128.695145
[1]: 128.796570 120.969055
[1]: 128.598816 129.116302
[1]: 128.031555 129.162750
[1]: 128.958313 133.181931
[1]: 128.894318 133.151993
[1]: 123.667786 118.258011
[1]: 130.236603 134.611816
[1]: 185.806305 191.817841
[1]: 130.043167 132.786499
[1]: 124.424866 122.490532
[1]: 125.113365 125.744560
[1]: 128.663010 135.743011
[1]: 130.104904 140.021667
[1]: 127.657722 134.113419
[1]: 128.193115 129.365189
[1]: 126.469002 119.186768
[1]: 128.013168 122.164551
[1]: 131.251816 136.165558
[1]: 127.671272 127.482735
[1]: 138.050003 131.550781
[1]: 125.170853 119.676590
[1]: 123.791855 117.413986
[1]: 127.700562 126.122925
[1]: 131.231888 130.843796
[0]: 3.888046 124.891190
[0]: 3.726562 117.632103
[0]: 3.738999 117.247887
[0]: 3.126780 91.521843
[0]: 3.611726 115.437042
[0]: 3.976694 129.795883
[0]: 3.775381 121.578682
[0]: 3.912538 123.861870
[0]: 3.348974 103.972305
[0]: 3.677378 121.032570
[0]: 5.020389 151.454742
[0]: 3.958184 124.158813
[0]: 4.064320 131.248230
[0]: 3.460582 105.238052
[0]: 3.447652 117.011108
[0]: 4.060965 130.063766
[0]: 3.532452 116.268654
[0]: 4.938324 155.970764
[0]: 3.917206 124.307205
[0]: 4.292350 141.321823
[0]: 3.807422 127.129501
[0]: 2.996280 105.662453
[0]: 3.353570 105.882210
[0]: 3.536099 112.333275
[0]: 3.857336 126.447815
[0]: 4.550853 147.295670
[0]: 4.495833 128.576889
[0]: 3.865013 112.386185
[0]: 4.537850 138.924698
[0]: 5.802279 185.904358
[0]: 4.514762 143.981277
[0]: 4.427245 146.401062
[0]: 3.771551 127.767845
[0]: 4.455402 137.356873
