[4]: 129.451279 132.432159
[4]: 125.949760 126.836334
[4]: 118.297287 117.904129
[4]: 176.548798 173.930054
[4]: 122.295776 124.594322
[4]: 126.545296 126.765602
[4]: 122.067307 122.387993
[4]: 126.019218 126.389420
[4]: 111.902870 111.252876
[4]: 124.870255 123.659187
[4]: 134.548401 133.923080
[4]: 128.972641 128.397034
[4]: 126.837875 127.930695
[4]: 121.772171 122.162163
[4]: 123.492744 123.592026
[4]: 131.775513 132.753708
[4]: 117.694817 118.670052
[4]: 67.291069 67.263580
[4]: 125.952232 125.855522
[4]: 131.648956 131.628586
[4]: 130.280945 130.921097
[4]: 114.959572 113.843704
[4]: 116.680939 117.078583
[4]: 125.008774 123.219727
[4]: 129.804779 128.845459
[4]: 134.748245 137.093811
[4]: 132.064590 133.075012
[4]: 118.033813 118.086906
[4]: 128.579193 129.906662
[4]: 76.229424 74.227898
[4]: 133.632065 133.324158
[4]: 144.527115 140.945679
[4]: 131.648483 131.868683
[4]: 127.444099 128.115768
[3]: 132.297516 129.667557
[3]: 129.852478 129.926086
[3]: 127.526550 127.448074
[3]: 61.354412 60.540619
[3]: 131.588318 131.771637
[3]: 126.303253 126.479179
[3]: 135.303864 135.141663
[3]: 130.414780 130.633560
[3]: 134.115952 135.352875
[3]: 124.965401 125.978561
[3]: 120.219040 119.108917
[3]: 128.030884 127.657806
[3]: 128.605270 128.203644
[3]: 132.769348 132.660767
[3]: 128.858902 129.234131
[3]: 132.330414 131.750046
[3]: 132.635529 132.714172
[3]: 154.465088 155.685638
[3]: 125.090248 124.603302
[3]: 122.695663 122.442459
[3]: 125.954102 124.990410
[3]: 135.254562 136.959061
[3]: 132.398148 132.554504
[3]: 127.692879 128.384995
[3]: 129.124222 129.326920
[3]: 121.898140 120.673088
[3]: 128.442642 128.321609
[3]: 129.020905 128.891006
[3]: 126.730492 125.635117
[3]: 63.146206 64.354279
[3]: 129.133438 128.957504
[3]: 115.113083 117.774368
[3]: 125.400391 124.986511
[3]: 121.799690 121.671371
[2]: 131.254196 127.894775
[2]: 134.904465 136.264862
[2]: 138.147125 137.254089
[2]: 110.799774 113.327965
[2]: 141.909790 139.689117
[2]: 127.263649 126.364342
[2]: 132.248154 130.981094
[2]: 129.593109 128.233978
[2]: 144.752884 143.741364
[2]: 134.964478 136.178146
[2]: 112.837929 114.198883
[2]: 128.910812 130.096924
[2]: 124.880692 122.856323
[2]: 140.278748 141.394409
[2]: 131.454422 131.694214
[2]: 127.311264 125.654327
[2]: 136.306091 135.343277
[2]: 69.180115 68.268845
[2]: 129.750336 129.859833
[2]: 117.617760 117.726288
[2]: 129.827591 129.149658
[2]: 144.632462 144.983566
[2]: 142.517685 140.783249
[2]: 133.596054 136.607025
[2]: 120.431999 122.202629
[2]: 117.704315 115.770721
[2]: 128.766235 127.232552
[2]: 141.433823 141.488953
[2]: 117.535172 117.123810
[2]: 185.887695 187.028641
[2]: 114.249825 115.487915
[2]: 113.118591 115.701958
[2]: 127.811226 126.823853
[2]: 122.339722 119.795769
[1]: 123.794250 124.435265
[1]: 127.273323 126.022057
[1]: 137.264313 136.218262
[1]: 195.558914 195.582352
[1]: 130.301437 128.496063
[1]: 128.655380 127.885963
[1]: 126.316269 126.182396
[1]: 126.102989 126.707695
[1]: 138.833557 139.348587
[1]: 127.917900 128.695145
[1]: 120.989670 120.969055
[1]: 129.443726 129.116302
[1]: 129.960083 129.162750
[1]: 133.956665 133.181931
[1]: 133.592773 133.151993
[1]: 118.361473 118.258011
[1]: 134.928925 134.611816
[1]: 191.800308 191.817841
[1]: 132.382294 132.786499
[1]: 121.912933 122.490532
[1]: 125.154877 125.744560
[1]: 135.712784 135.743011
[1]: 139.250793 140.021667
[1]: 133.580887 134.113419
[1]: 128.934052 129.365189
[1]: 120.853516 119.186768
[1]: 122.956116 122.164551
[1]: 135.983139 136.165558
[1]: 128.333282 127.482735
[1]: 132.709900 131.550781
[1]: 120.269279 119.676590
[1]: 117.174835 117.413986
[1]: 125.446678 126.122925
[1]: 130.780426 130.843796
[0]: 122.246033 124.891190
[0]: 118.610069 117.632103
[0]: 114.368698 117.247887
[0]: 90.807838 91.521843
[0]: 113.486794 115.437042
[0]: 128.428268 129.795883
[0]: 120.059303 121.578682
[0]: 123.634499 123.861870
[0]: 103.613693 103.972305
[0]: 122.918938 121.032570
[0]: 151.418854 151.454742
[0]: 123.998184 124.158813
[0]: 128.944489 131.248230
[0]: 105.516403 105.238052
[0]: 117.126381 117.011108
[0]: 128.628021 130.063766
[0]: 115.746635 116.268654
[0]: 155.996628 155.970764
[0]: 124.178955 124.307205
[0]: 142.039444 141.321823
[0]: 126.704849 127.129501
[0]: 106.291092 105.662453
[0]: 105.038155 105.882210
[0]: 114.784096 112.333275
[0]: 128.034180 126.447815
[0]: 144.906250 147.295670
[0]: 127.050674 128.576889
[0]: 112.252419 112.386185
[0]: 137.932495 138.924698
[0]: 185.549118 185.904358
[0]: 144.403915 143.981277
[0]: 148.999649 146.401062
[0]: 127.281853 127.767845
[0]: 135.414627 137.356873
