[4]: 132.432159 132.815796
[4]: 126.836334 125.745255
[4]: 117.904129 117.465324
[4]: 173.930054 176.694016
[4]: 124.594322 123.020889
[4]: 126.765602 126.644135
[4]: 122.387993 122.227341
[4]: 126.389420 125.111290
[4]: 111.252876 110.288506
[4]: 123.659187 125.005875
[4]: 133.923080 135.211609
[4]: 128.397034 130.088333
[4]: 127.930695 126.508224
[4]: 122.162163 122.659149
[4]: 123.592026 122.906982
[4]: 132.753708 130.890305
[4]: 118.670052 117.900787
[4]: 67.263580 67.595757
[4]: 125.855522 126.425690
[4]: 131.628586 130.702682
[4]: 130.921097 130.721741
[4]: 113.843704 114.092621
[4]: 117.078583 116.105247
[4]: 123.219727 124.526886
[4]: 128.845459 129.987686
[4]: 137.093811 133.376678
[4]: 133.075012 132.477249
[4]: 118.086906 117.580589
[4]: 129.906662 128.853607
[4]: 74.227898 76.459846
[4]: 133.324158 133.687271
[4]: 140.945679 141.671463
[4]: 131.868683 131.480103
[4]: 128.115768 127.082611
[3]: 129.667557 130.261459
[3]: 129.926086 129.606689
[3]: 127.448074 127.388222
[3]: 60.540619 61.294735
[3]: 131.771637 131.492661
[3]: 126.479179 126.245018
[3]: 135.141663 135.271805
[3]: 130.633560 130.395325
[3]: 135.352875 134.877960
[3]: 125.978561 124.577354
[3]: 119.108917 119.450981
[3]: 127.657806 126.523933
[3]: 128.203644 129.353333
[3]: 132.660767 132.075958
[3]: 129.234131 129.047241
[3]: 131.750046 132.877640
[3]: 132.714172 132.834030
[3]: 155.685638 154.826843
[3]: 124.603302 124.176163
[3]: 122.442459 123.506172
[3]: 124.990410 125.819283
[3]: 136.959061 136.223709
[3]: 132.554504 133.022614
[3]: 128.384995 127.577194
[3]: 129.326920 129.060364
[3]: 120.673088 122.446655
[3]: 128.321609 127.941330
[3]: 128.891006 130.127213
[3]: 125.635117 127.419250
[3]: 64.354279 63.269337
[3]: 128.957504 129.946503
[3]: 117.774368 118.236526
[3]: 124.986511 125.330635
[3]: 121.671371 121.501854
[2]: 127.894775 128.091446
[2]: 136.264862 135.278549
[2]: 137.254089 138.381348
[2]: 113.327965 110.058350
[2]: 139.689117 141.181839
[2]: 126.364342 126.576614
[2]: 130.981094 131.489090
[2]: 128.233978 129.336182
[2]: 143.741364 145.707932
[2]: 136.178146 135.087997
[2]: 114.198883 113.261452
[2]: 130.096924 128.723602
[2]: 122.856323 124.265450
[2]: 141.394409 140.222122
[2]: 131.694214 131.347382
[2]: 125.654327 127.628250
[2]: 135.343277 136.652710
[2]: 68.268845 68.602829
[2]: 129.859833 129.982010
[2]: 117.726288 117.663574
[2]: 129.149658 130.297333
[2]: 144.983566 144.722168
[2]: 140.783249 142.482300
[2]: 136.607025 135.134674
[2]: 122.202629 121.386543
[2]: 115.770721 118.291580
[2]: 127.232552 128.080963
[2]: 141.488953 143.406601
[2]: 117.123810 118.084488
[2]: 187.028641 185.617859
[2]: 115.487915 114.122772
[2]: 115.701958 115.903366
[2]: 126.823853 127.255295
[2]: 119.795769 121.594040
[1]: 124.435265 122.986023
[1]: 126.022057 127.353706
[1]: 136.218262 137.847107
[1]: 195.582352 195.263855
[1]: 128.496063 130.174713
[1]: 127.885963 128.090302
[1]: 126.182396 126.646919
[1]: 126.707695 127.430428
[1]: 139.348587 140.696381
[1]: 128.695145 127.942924
[1]: 120.969055 120.488121
[1]: 129.116302 129.259201
[1]: 129.162750 129.786453
[1]: 133.181931 133.828934
[1]: 133.151993 133.421188
[1]: 118.258011 118.729149
[1]: 134.611816 135.301758
[1]: 191.817841 191.504578
[1]: 132.786499 132.258118
[1]: 122.490532 122.227211
[1]: 125.744560 125.041542
[1]: 135.743011 135.940125
[1]: 140.021667 139.493393
[1]: 134.113419 134.272629
[1]: 129.365189 128.883133
[1]: 119.186768 121.336929
[1]: 122.164551 122.281097
[1]: 136.165558 135.429031
[1]: 127.482735 127.891830
[1]: 131.550781 132.965912
[1]: 119.676590 120.637054
[1]: 117.413986 117.273415
[1]: 126.122925 126.378471
[1]: 130.843796 131.800278
[0]: 124.891190 125.178940
[0]: 117.632103 118.646004
[0]: 117.247887 114.609528
[0]: 91.521843 91.664162
[0]: 115.437042 113.810249
[0]: 129.795883 129.765121
[0]: 121.578682 120.392723
[0]: 123.861870 123.449860
[0]: 103.972305 101.525589
[0]: 121.032570 123.101746
[0]: 151.454742 151.595093
[0]: 124.158813 124.874825
[0]: 131.248230 129.309296
[0]: 105.238052 105.585060
[0]: 117.011108 117.880707
[0]: 130.063766 128.196930
[0]: 116.268654 114.571838
[0]: 155.970764 156.059128
[0]: 124.307205 124.596390
[0]: 141.321823 141.720520
[0]: 127.129501 126.000603
[0]: 105.662453 105.901711
[0]: 105.882210 104.821747
[0]: 112.333275 113.031639
[0]: 126.447815 126.874046
[0]: 147.295670 144.563629
[0]: 128.576889 128.641678
[0]: 112.386185 110.086708
[0]: 138.924698 136.711533
[0]: 185.904358 186.005875
[0]: 143.981277 143.075638
[0]: 146.401062 145.397827
[0]: 127.767845 127.097855
[0]: 137.356873 135.808517
