[4]: 134.221878 132.432159
[4]: 126.095375 126.836334
[4]: 116.882904 117.904129
[4]: 171.864471 173.930054
[4]: 127.971062 124.594322
[4]: 127.274590 126.765602
[4]: 122.963768 122.387993
[4]: 128.729019 126.389420
[4]: 116.121964 111.252876
[4]: 122.943611 123.659187
[4]: 135.991760 133.923080
[4]: 128.172150 128.397034
[4]: 129.115601 127.930695
[4]: 122.681175 122.162163
[4]: 123.814041 123.592026
[4]: 135.255844 132.753708
[4]: 120.885727 118.670052
[4]: 68.418900 67.263580
[4]: 126.126663 125.855522
[4]: 130.064316 131.628586
[4]: 128.561722 130.921097
[4]: 111.961258 113.843704
[4]: 116.913567 117.078583
[4]: 122.219055 123.219727
[4]: 127.097801 128.845459
[4]: 136.418350 137.093811
[4]: 135.563370 133.075012
[4]: 120.382431 118.086906
[4]: 131.651062 129.906662
[4]: 70.937805 74.227898
[4]: 134.163452 133.324158
[4]: 137.870667 140.945679
[4]: 131.394974 131.868683
[4]: 132.115601 128.115768
[3]: 125.716759 129.667557
[3]: 129.742249 129.926086
[3]: 128.021027 127.448074
[3]: 61.277981 60.540619
[3]: 130.930511 131.771637
[3]: 127.615738 126.479179
[3]: 135.557449 135.141663
[3]: 129.003922 130.633560
[3]: 134.450775 135.352875
[3]: 127.048164 125.978561
[3]: 116.529060 119.108917
[3]: 126.191231 127.657806
[3]: 127.470390 128.203644
[3]: 132.127625 132.660767
[3]: 128.364029 129.234131
[3]: 131.288727 131.750046
[3]: 133.786407 132.714172
[3]: 160.724762 155.685638
[3]: 123.412422 124.603302
[3]: 123.665382 122.442459
[3]: 127.086906 124.990410
[3]: 139.987686 136.959061
[3]: 132.154358 132.554504
[3]: 131.604599 128.384995
[3]: 131.227631 129.326920
[3]: 121.434624 120.673088
[3]: 125.945091 128.321609
[3]: 128.089020 128.891006
[3]: 124.697227 125.635117
[3]: 66.571106 64.354279
[3]: 129.085495 128.957504
[3]: 122.156639 117.774368
[3]: 125.428345 124.986511
[3]: 119.771355 121.671371
[2]: 126.647293 127.894775
[2]: 135.883224 136.264862
[2]: 136.257828 137.254089
[2]: 111.934219 113.327965
[2]: 136.307877 139.689117
[2]: 126.221382 126.364342
[2]: 128.553680 130.981094
[2]: 127.865273 128.233978
[2]: 139.030914 143.741364
[2]: 138.586975 136.178146
[2]: 113.986641 114.198883
[2]: 128.189438 130.096924
[2]: 123.350098 122.856323
[2]: 140.031784 141.394409
[2]: 132.976593 131.694214
[2]: 124.896744 125.654327
[2]: 133.409790 135.343277
[2]: 65.827164 68.268845
[2]: 130.022217 129.859833
[2]: 119.518028 117.726288
[2]: 131.749207 129.149658
[2]: 146.384171 144.983566
[2]: 141.751892 140.783249
[2]: 137.609741 136.607025
[2]: 124.636147 122.202629
[2]: 116.046013 115.770721
[2]: 125.172203 127.232552
[2]: 137.918167 141.488953
[2]: 115.355629 117.123810
[2]: 185.354279 187.028641
[2]: 116.487350 115.487915
[2]: 117.370651 115.701958
[2]: 127.543640 126.823853
[2]: 116.976753 119.795769
[1]: 127.172043 124.435265
[1]: 126.949158 126.022057
[1]: 138.010651 136.218262
[1]: 195.809769 195.582352
[1]: 126.732796 128.496063
[1]: 127.264320 127.885963
[1]: 126.541397 126.182396
[1]: 125.570396 126.707695
[1]: 136.716629 139.348587
[1]: 128.424469 128.695145
[1]: 119.954132 120.969055
[1]: 130.331253 129.116302
[1]: 128.249084 129.162750
[1]: 133.573196 133.181931
[1]: 133.303741 133.151993
[1]: 117.148567 118.258011
[1]: 133.325500 134.611816
[1]: 190.645340 191.817841
[1]: 133.959732 132.786499
[1]: 122.714996 122.490532
[1]: 126.331573 125.744560
[1]: 137.185959 135.743011
[1]: 139.605606 140.021667
[1]: 133.962997 134.113419
[1]: 128.006760 129.365189
[1]: 119.706131 119.186768
[1]: 121.339188 122.164551
[1]: 134.904144 136.165558
[1]: 125.660500 127.482735
[1]: 134.915176 131.550781
[1]: 119.077202 119.676590
[1]: 115.324806 117.413986
[1]: 127.257324 126.122925
[1]: 128.375259 130.843796
[0]: 125.510880 124.891190
[0]: 117.803482 117.632103
[0]: 116.642990 117.247887
[0]: 92.548477 91.521843
[0]: 118.040817 115.437042
[0]: 128.877106 129.795883
[0]: 122.723587 121.578682
[0]: 124.716362 123.861870
[0]: 107.328285 103.972305
[0]: 118.120972 121.032570
[0]: 153.843521 151.454742
[0]: 126.674324 124.158813
[0]: 131.334732 131.248230
[0]: 105.856400 105.238052
[0]: 115.958832 117.011108
[0]: 129.932114 130.063766
[0]: 116.027939 116.268654
[0]: 154.925507 155.970764
[0]: 123.739075 124.307205
[0]: 139.755615 141.321823
[0]: 123.826721 127.129501
[0]: 100.868759 105.662453
[0]: 105.507835 105.882210
[0]: 108.608620 112.333275
[0]: 125.143517 126.447815
[0]: 146.653961 147.295670
[0]: 131.620621 128.576889
[0]: 115.756660 112.386185
[0]: 142.284332 138.924698
[0]: 185.858398 185.904358
[0]: 142.859177 143.981277
[0]: 145.714615 146.401062
[0]: 125.686859 127.767845
[0]: 141.091904 137.356873
