[4]: 133.611679 132.432159
[4]: 126.157379 126.836334
[4]: 116.666405 117.904129
[4]: 172.841599 173.930054
[4]: 126.479935 124.594322
[4]: 126.477493 126.765602
[4]: 122.068436 122.387993
[4]: 128.312622 126.389420
[4]: 113.385399 111.252876
[4]: 123.107704 123.659187
[4]: 134.776001 133.923080
[4]: 128.835602 128.397034
[4]: 129.210999 127.930695
[4]: 123.010956 122.162163
[4]: 125.184105 123.592026
[4]: 134.261368 132.753708
[4]: 120.213669 118.670052
[4]: 67.460220 67.263580
[4]: 125.216270 125.855522
[4]: 130.827957 131.628586
[4]: 130.081375 130.921097
[4]: 113.608849 113.843704
[4]: 117.088699 117.078583
[4]: 122.145393 123.219727
[4]: 127.651184 128.845459
[4]: 137.180161 137.093811
[4]: 135.576202 133.075012
[4]: 118.155251 118.086906
[4]: 130.767563 129.906662
[4]: 73.106522 74.227898
[4]: 134.116699 133.324158
[4]: 139.028229 140.945679
[4]: 131.817627 131.868683
[4]: 129.939362 128.115768
[3]: 126.913414 129.667557
[3]: 129.148315 129.926086
[3]: 127.494492 127.448074
[3]: 60.782215 60.540619
[3]: 131.952805 131.771637
[3]: 127.523872 126.479179
[3]: 135.392899 135.141663
[3]: 129.387360 130.633560
[3]: 134.505661 135.352875
[3]: 126.294914 125.978561
[3]: 117.325623 119.108917
[3]: 126.353523 127.657806
[3]: 127.173553 128.203644
[3]: 132.007584 132.660767
[3]: 128.600372 129.234131
[3]: 130.575607 131.750046
[3]: 133.016724 132.714172
[3]: 158.518005 155.685638
[3]: 124.064705 124.603302
[3]: 124.067596 122.442459
[3]: 125.924355 124.990410
[3]: 137.787521 136.959061
[3]: 131.677582 132.554504
[3]: 130.604050 128.384995
[3]: 130.384155 129.326920
[3]: 120.659920 120.673088
[3]: 126.051025 128.321609
[3]: 129.506683 128.891006
[3]: 125.567787 125.635117
[3]: 65.105881 64.354279
[3]: 129.043365 128.957504
[3]: 121.410332 117.774368
[3]: 125.836914 124.986511
[3]: 121.568100 121.671371
[2]: 126.728119 127.894775
[2]: 137.245056 136.264862
[2]: 136.759659 137.254089
[2]: 111.561958 113.327965
[2]: 138.502548 139.689117
[2]: 126.525314 126.364342
[2]: 129.353806 130.981094
[2]: 127.923187 128.233978
[2]: 141.678864 143.741364
[2]: 138.091110 136.178146
[2]: 114.152107 114.198883
[2]: 128.387573 130.096924
[2]: 122.410332 122.856323
[2]: 140.323700 141.394409
[2]: 131.565475 131.694214
[2]: 125.159851 125.654327
[2]: 133.961670 135.343277
[2]: 67.160973 68.268845
[2]: 130.837357 129.859833
[2]: 117.319069 117.726288
[2]: 130.985870 129.149658
[2]: 145.100525 144.983566
[2]: 141.865372 140.783249
[2]: 137.985703 136.607025
[2]: 123.785210 122.202629
[2]: 115.439713 115.770721
[2]: 125.213509 127.232552
[2]: 140.500885 141.488953
[2]: 116.545990 117.123810
[2]: 185.711121 187.028641
[2]: 115.435326 115.487915
[2]: 116.552780 115.701958
[2]: 126.404739 126.823853
[2]: 118.888535 119.795769
[1]: 126.377487 124.435265
[1]: 126.930740 126.022057
[1]: 137.340958 136.218262
[1]: 196.325790 195.582352
[1]: 127.212532 128.496063
[1]: 127.541824 127.885963
[1]: 126.544701 126.182396
[1]: 126.189369 126.707695
[1]: 137.854004 139.348587
[1]: 128.395599 128.695145
[1]: 120.283501 120.969055
[1]: 130.490829 129.116302
[1]: 128.459732 129.162750
[1]: 133.454453 133.181931
[1]: 132.894592 133.151993
[1]: 118.549751 118.258011
[1]: 133.856186 134.611816
[1]: 190.699554 191.817841
[1]: 133.253036 132.786499
[1]: 123.244011 122.490532
[1]: 125.726059 125.744560
[1]: 136.882538 135.743011
[1]: 139.681747 140.021667
[1]: 133.489746 134.113419
[1]: 128.804337 129.365189
[1]: 119.308617 119.186768
[1]: 121.460197 122.164551
[1]: 135.162933 136.165558
[1]: 126.320427 127.482735
[1]: 133.040115 131.550781
[1]: 118.814751 119.676590
[1]: 116.128967 117.413986
[1]: 125.815063 126.122925
[1]: 128.891708 130.843796
[0]: 125.712692 124.891190
[0]: 117.133858 117.632103
[0]: 117.820320 117.247887
[0]: 92.642281 91.521843
[0]: 115.846458 115.437042
[0]: 129.180969 129.795883
[0]: 123.025963 121.578682
[0]: 124.040581 123.861870
[0]: 106.417038 103.972305
[0]: 119.544792 121.032570
[0]: 153.379562 151.454742
[0]: 125.409042 124.158813
[0]: 132.254471 131.248230
[0]: 105.796341 105.238052
[0]: 116.350754 117.011108
[0]: 129.940598 130.063766
[0]: 116.564911 116.268654
[0]: 155.427444 155.970764
[0]: 123.999229 124.307205
[0]: 140.059326 141.321823
[0]: 125.038345 127.129501
[0]: 103.594994 105.662453
[0]: 105.974213 105.882210
[0]: 110.198761 112.333275
[0]: 125.482719 126.447815
[0]: 147.489166 147.295670
[0]: 131.290054 128.576889
[0]: 113.768829 112.386185
[0]: 140.004120 138.924698
[0]: 186.624481 185.904358
[0]: 144.107117 143.981277
[0]: 145.017273 146.401062
[0]: 127.651390 127.767845
[0]: 138.638840 137.356873
