[4]: 133.751038 132.432159
[4]: 126.218704 126.836334
[4]: 115.680626 117.904129
[4]: 172.330139 173.930054
[4]: 127.110100 124.594322
[4]: 126.430336 126.765602
[4]: 121.771629 122.387993
[4]: 128.991272 126.389420
[4]: 117.283218 111.252876
[4]: 123.232224 123.659187
[4]: 137.504517 133.923080
[4]: 127.262947 128.397034
[4]: 128.338547 127.930695
[4]: 121.567619 122.162163
[4]: 123.039764 123.592026
[4]: 133.406281 132.753708
[4]: 118.855011 118.670052
[4]: 67.791748 67.263580
[4]: 126.762123 125.855522
[4]: 130.955124 131.628586
[4]: 128.257599 130.921097
[4]: 115.322044 113.843704
[4]: 117.194893 117.078583
[4]: 124.033081 123.219727
[4]: 127.423813 128.845459
[4]: 136.551361 137.093811
[4]: 133.972961 133.075012
[4]: 121.445267 118.086906
[4]: 132.259491 129.906662
[4]: 70.907036 74.227898
[4]: 134.176193 133.324158
[4]: 136.354736 140.945679
[4]: 132.279999 131.868683
[4]: 131.816498 128.115768
[3]: 127.629623 129.667557
[3]: 129.154388 129.926086
[3]: 129.023819 127.448074
[3]: 61.509640 60.540619
[3]: 132.712860 131.771637
[3]: 127.768730 126.479179
[3]: 136.659958 135.141663
[3]: 130.164032 130.633560
[3]: 133.114975 135.352875
[3]: 127.114578 125.978561
[3]: 113.876801 119.108917
[3]: 128.463715 127.657806
[3]: 128.246872 128.203644
[3]: 132.809799 132.660767
[3]: 129.106735 129.234131
[3]: 132.908066 131.750046
[3]: 134.787460 132.714172
[3]: 160.994431 155.685638
[3]: 124.113243 124.603302
[3]: 122.592163 122.442459
[3]: 127.474213 124.990410
[3]: 136.995224 136.959061
[3]: 133.159561 132.554504
[3]: 129.117706 128.384995
[3]: 132.285110 129.326920
[3]: 119.665833 120.673088
[3]: 126.768967 128.321609
[3]: 127.019203 128.891006
[3]: 123.577431 125.635117
[3]: 67.152275 64.354279
[3]: 128.824142 128.957504
[3]: 122.824371 117.774368
[3]: 125.135735 124.986511
[3]: 119.971954 121.671371
[2]: 126.981911 127.894775
[2]: 135.495178 136.264862
[2]: 138.656372 137.254089
[2]: 111.584663 113.327965
[2]: 137.294586 139.689117
[2]: 127.402542 126.364342
[2]: 129.209763 130.981094
[2]: 126.312195 128.233978
[2]: 139.048096 143.741364
[2]: 138.321991 136.178146
[2]: 111.464775 114.198883
[2]: 129.675720 130.096924
[2]: 123.326248 122.856323
[2]: 140.305008 141.394409
[2]: 133.307541 131.694214
[2]: 125.170197 125.654327
[2]: 135.783447 135.343277
[2]: 66.927101 68.268845
[2]: 129.529221 129.859833
[2]: 118.679039 117.726288
[2]: 131.205261 129.149658
[2]: 143.556870 144.983566
[2]: 140.010666 140.783249
[2]: 136.911942 136.607025
[2]: 124.935242 122.202629
[2]: 115.312195 115.770721
[2]: 126.213394 127.232552
[2]: 137.657394 141.488953
[2]: 114.838730 117.123810
[2]: 185.847412 187.028641
[2]: 115.350578 115.487915
[2]: 118.204231 115.701958
[2]: 126.834702 126.823853
[2]: 117.002846 119.795769
[1]: 127.281990 124.435265
[1]: 127.511719 126.022057
[1]: 138.532181 136.218262
[1]: 196.147705 195.582352
[1]: 126.916260 128.496063
[1]: 127.589828 127.885963
[1]: 126.454384 126.182396
[1]: 125.995392 126.707695
[1]: 136.489456 139.348587
[1]: 127.823151 128.695145
[1]: 120.098503 120.969055
[1]: 128.857208 129.116302
[1]: 128.326202 129.162750
[1]: 134.224579 133.181931
[1]: 134.314331 133.151993
[1]: 117.911652 118.258011
[1]: 134.103729 134.611816
[1]: 191.023514 191.817841
[1]: 133.752533 132.786499
[1]: 121.954613 122.490532
[1]: 127.274879 125.744560
[1]: 136.234879 135.743011
[1]: 139.683487 140.021667
[1]: 132.828308 134.113419
[1]: 128.248093 129.365189
[1]: 120.038040 119.186768
[1]: 121.560539 122.164551
[1]: 134.533127 136.165558
[1]: 126.840652 127.482735
[1]: 135.294724 131.550781
[1]: 119.271362 119.676590
[1]: 116.113968 117.413986
[1]: 126.584671 126.122925
[1]: 128.613739 130.843796
[0]: 123.453903 124.891190
[0]: 118.151848 117.632103
[0]: 113.731194 117.247887
[0]: 92.511475 91.521843
[0]: 115.768417 115.437042
[0]: 127.975067 129.795883
[0]: 122.197647 121.578682
[0]: 124.382652 123.861870
[0]: 107.867546 103.972305
[0]: 118.718117 121.032570
[0]: 157.577530 151.454742
[0]: 125.191238 124.158813
[0]: 131.265945 131.248230
[0]: 105.424469 105.238052
[0]: 114.584709 117.011108
[0]: 128.984161 130.063766
[0]: 113.758636 116.268654
[0]: 153.797501 155.970764
[0]: 123.086746 124.307205
[0]: 141.651108 141.321823
[0]: 123.295471 127.129501
[0]: 104.748764 105.662453
[0]: 106.045364 105.882210
[0]: 111.486191 112.333275
[0]: 123.035065 126.447815
[0]: 148.794556 147.295670
[0]: 131.043365 128.576889
[0]: 116.537186 112.386185
[0]: 142.048309 138.924698
[0]: 183.885544 185.904358
[0]: 144.065445 143.981277
[0]: 144.737946 146.401062
[0]: 126.576401 127.767845
[0]: 140.865814 137.356873
