[4]: 133.555603 132.432159
[4]: 126.288498 126.836334
[4]: 117.060394 117.904129
[4]: 172.765076 173.930054
[4]: 126.364746 124.594322
[4]: 126.300468 126.765602
[4]: 122.158356 122.387993
[4]: 127.694695 126.389420
[4]: 113.154076 111.252876
[4]: 123.196564 123.659187
[4]: 134.714432 133.923080
[4]: 129.046768 128.397034
[4]: 129.061340 127.930695
[4]: 122.572243 122.162163
[4]: 125.249428 123.592026
[4]: 134.224304 132.753708
[4]: 119.976540 118.670052
[4]: 67.059685 67.263580
[4]: 125.415947 125.855522
[4]: 130.807877 131.628586
[4]: 130.038910 130.921097
[4]: 113.638428 113.843704
[4]: 117.241974 117.078583
[4]: 122.051521 123.219727
[4]: 127.711899 128.845459
[4]: 136.744232 137.093811
[4]: 135.301254 133.075012
[4]: 117.740349 118.086906
[4]: 130.744156 129.906662
[4]: 73.172066 74.227898
[4]: 134.406601 133.324158
[4]: 139.474991 140.945679
[4]: 132.004837 131.868683
[4]: 130.025436 128.115768
[3]: 127.016335 129.667557
[3]: 129.344772 129.926086
[3]: 127.223854 127.448074
[3]: 60.683681 60.540619
[3]: 131.995239 131.771637
[3]: 127.574799 126.479179
[3]: 135.290298 135.141663
[3]: 129.866104 130.633560
[3]: 134.281616 135.352875
[3]: 126.262779 125.978561
[3]: 117.311554 119.108917
[3]: 126.373222 127.657806
[3]: 127.201813 128.203644
[3]: 132.578629 132.660767
[3]: 128.708298 129.234131
[3]: 130.732605 131.750046
[3]: 132.865326 132.714172
[3]: 158.326096 155.685638
[3]: 123.992027 124.603302
[3]: 124.156792 122.442459
[3]: 125.516495 124.990410
[3]: 137.751526 136.959061
[3]: 131.579330 132.554504
[3]: 130.583710 128.384995
[3]: 130.111771 129.326920
[3]: 121.076836 120.673088
[3]: 126.350395 128.321609
[3]: 129.776138 128.891006
[3]: 125.617004 125.635117
[3]: 65.086449 64.354279
[3]: 129.041428 128.957504
[3]: 121.244720 117.774368
[3]: 125.521263 124.986511
[3]: 121.455132 121.671371
[2]: 126.633636 127.894775
[2]: 137.288605 136.264862
[2]: 136.635864 137.254089
[2]: 111.958931 113.327965
[2]: 138.611267 139.689117
[2]: 126.453674 126.364342
[2]: 129.326248 130.981094
[2]: 128.133560 128.233978
[2]: 141.534302 143.741364
[2]: 137.638809 136.178146
[2]: 113.943169 114.198883
[2]: 128.465302 130.096924
[2]: 122.478035 122.856323
[2]: 140.577835 141.394409
[2]: 131.591766 131.694214
[2]: 125.385384 125.654327
[2]: 133.705826 135.343277
[2]: 67.393585 68.268845
[2]: 130.830627 129.859833
[2]: 117.235115 117.726288
[2]: 130.728592 129.149658
[2]: 145.227158 144.983566
[2]: 141.728348 140.783249
[2]: 138.079361 136.607025
[2]: 123.865646 122.202629
[2]: 115.774834 115.770721
[2]: 125.529449 127.232552
[2]: 140.610626 141.488953
[2]: 116.775871 117.123810
[2]: 185.878860 187.028641
[2]: 115.061363 115.487915
[2]: 116.430832 115.701958
[2]: 126.462509 126.823853
[2]: 118.632523 119.795769
[1]: 126.447060 124.435265
[1]: 126.224266 126.022057
[1]: 137.019165 136.218262
[1]: 196.222565 195.582352
[1]: 127.378716 128.496063
[1]: 127.727562 127.885963
[1]: 126.302071 126.182396
[1]: 126.461250 126.707695
[1]: 138.374832 139.348587
[1]: 128.679932 128.695145
[1]: 120.877045 120.969055
[1]: 130.131180 129.116302
[1]: 128.644943 129.162750
[1]: 133.310608 133.181931
[1]: 132.544647 133.151993
[1]: 118.356369 118.258011
[1]: 134.239319 134.611816
[1]: 190.763092 191.817841
[1]: 133.043594 132.786499
[1]: 123.230782 122.490532
[1]: 126.193314 125.744560
[1]: 136.418427 135.743011
[1]: 139.833450 140.021667
[1]: 133.574585 134.113419
[1]: 128.916214 129.365189
[1]: 119.345749 119.186768
[1]: 121.542236 122.164551
[1]: 135.145218 136.165558
[1]: 126.088593 127.482735
[1]: 132.224731 131.550781
[1]: 118.987823 119.676590
[1]: 116.129700 117.413986
[1]: 125.750290 126.122925
[1]: 129.186096 130.843796
[0]: 125.725372 124.891190
[0]: 117.473785 117.632103
[0]: 118.066444 117.247887
[0]: 92.660393 91.521843
[0]: 115.583374 115.437042
[0]: 129.185669 129.795883
[0]: 123.307716 121.578682
[0]: 123.663055 123.861870
[0]: 106.345886 103.972305
[0]: 119.594810 121.032570
[0]: 153.126617 151.454742
[0]: 125.470604 124.158813
[0]: 132.131424 131.248230
[0]: 105.450577 105.238052
[0]: 116.483154 117.011108
[0]: 129.846405 130.063766
[0]: 116.765343 116.268654
[0]: 155.474640 155.970764
[0]: 124.063866 124.307205
[0]: 140.149048 141.321823
[0]: 125.299812 127.129501
[0]: 103.825684 105.662453
[0]: 105.763969 105.882210
[0]: 110.051231 112.333275
[0]: 125.517281 126.447815
[0]: 147.210587 147.295670
[0]: 130.893585 128.576889
[0]: 113.710930 112.386185
[0]: 140.040314 138.924698
[0]: 186.749268 185.904358
[0]: 144.103668 143.981277
[0]: 144.970596 146.401062
[0]: 127.836601 127.767845
[0]: 138.656784 137.356873
