[4]: 92.641777 132.432159
[4]: 131.867386 126.836334
[4]: 127.602768 117.904129
[4]: 181.009552 173.930054
[4]: 137.388458 124.594322
[4]: 127.286880 126.765602
[4]: 128.031647 122.387993
[4]: 135.107376 126.389420
[4]: 132.367691 111.252876
[4]: 132.300720 123.659187
[4]: 125.148827 133.923080
[4]: 124.875008 128.397034
[4]: 124.898590 127.930695
[4]: 141.427124 122.162163
[4]: 125.915070 123.592026
[4]: 127.739853 132.753708
[4]: 132.327896 118.670052
[4]: 59.491982 67.263580
[4]: 131.380569 125.855522
[4]: 127.400650 131.628586
[4]: 134.038391 130.921097
[4]: 135.886139 113.843704
[4]: 133.957230 117.078583
[4]: 137.369186 123.219727
[4]: 126.832504 128.845459
[4]: 117.992813 137.093811
[4]: 126.390656 133.075012
[4]: 131.074860 118.086906
[4]: 120.650101 129.906662
[4]: 126.447807 74.227898
[4]: 123.427116 133.324158
[4]: 166.843369 140.945679
[4]: 131.036194 131.868683
[4]: 117.821892 128.115768
[3]: 170.854309 129.667557
[3]: 126.552467 129.926086
[3]: 124.829254 127.448074
[3]: 87.106041 60.540619
[3]: 129.350662 131.771637
[3]: 127.103584 126.479179
[3]: 128.664001 135.141663
[3]: 128.796768 130.633560
[3]: 126.958282 135.352875
[3]: 125.288986 125.978561
[3]: 126.118111 119.108917
[3]: 128.674011 127.657806
[3]: 127.517532 128.203644
[3]: 127.674393 132.660767
[3]: 127.160217 129.234131
[3]: 129.613373 131.750046
[3]: 127.164032 132.714172
[3]: 127.135681 155.685638
[3]: 126.574883 124.603302
[3]: 126.520439 122.442459
[3]: 126.251534 124.990410
[3]: 127.798904 136.959061
[3]: 127.317856 132.554504
[3]: 127.294930 128.384995
[3]: 127.781464 129.326920
[3]: 125.160797 120.673088
[3]: 128.749557 128.321609
[3]: 127.115723 128.891006
[3]: 128.881104 125.635117
[3]: 63.085178 64.354279
[3]: 128.951309 128.957504
[3]: 83.496094 117.774368
[3]: 128.279877 124.986511
[3]: 125.350533 121.671371
[2]: 169.438110 127.894775
[2]: 129.083206 136.264862
[2]: 129.734665 137.254089
[2]: 83.852348 113.327965
[2]: 128.850189 139.689117
[2]: 128.087860 126.364342
[2]: 127.042587 130.981094
[2]: 128.133331 128.233978
[2]: 127.658379 143.741364
[2]: 129.347443 136.178146
[2]: 126.479393 114.198883
[2]: 127.473175 130.096924
[2]: 128.735641 122.856323
[2]: 129.815063 141.394409
[2]: 127.648178 131.694214
[2]: 125.938835 125.654327
[2]: 130.082626 135.343277
[2]: 129.245255 68.268845
[2]: 130.184418 129.859833
[2]: 126.733284 117.726288
[2]: 129.653214 129.149658
[2]: 128.303604 144.983566
[2]: 129.230927 140.783249
[2]: 128.766785 136.607025
[2]: 125.903114 122.202629
[2]: 127.745979 115.770721
[2]: 126.244278 127.232552
[2]: 128.299561 141.488953
[2]: 125.358757 117.123810
[2]: 192.004578 187.028641
[2]: 126.555473 115.487915
[2]: 85.336258 115.701958
[2]: 127.646866 126.823853
[2]: 127.351631 119.795769
[1]: 87.220741 124.435265
[1]: 127.902222 126.022057
[1]: 136.505371 136.218262
[1]: 181.014343 195.582352
[1]: 137.930450 128.496063
[1]: 123.692688 127.885963
[1]: 128.168137 126.182396
[1]: 132.822556 126.707695
[1]: 130.233643 139.348587
[1]: 126.750046 128.695145
[1]: 116.647964 120.969055
[1]: 124.306503 129.116302
[1]: 133.416565 129.162750
[1]: 138.377838 133.181931
[1]: 130.101089 133.151993
[1]: 120.671539 118.258011
[1]: 140.715897 134.611816
[1]: 194.118301 191.817841
[1]: 139.073486 132.786499
[1]: 123.895233 122.490532
[1]: 124.967644 125.744560
[1]: 129.887344 135.743011
[1]: 137.959763 140.021667
[1]: 138.274872 134.113419
[1]: 125.508606 129.365189
[1]: 117.636581 119.186768
[1]: 120.461639 122.164551
[1]: 134.719131 136.165558
[1]: 124.550812 127.482735
[1]: 124.293510 131.550781
[1]: 126.242607 119.676590
[1]: 161.244400 117.413986
[1]: 129.604492 126.122925
[1]: 122.320847 130.843796
[0]: 79.457764 124.891190
[0]: 120.336281 117.632103
[0]: 116.371208 117.247887
[0]: 136.960495 91.521843
[0]: 101.751472 115.437042
[0]: 131.569748 129.795883
[0]: 123.838135 121.578682
[0]: 106.403732 123.861870
[0]: 116.159569 103.972305
[0]: 120.961472 121.032570
[0]: 148.021713 151.454742
[0]: 135.723969 124.158813
[0]: 123.781708 131.248230
[0]: 91.169067 105.238052
[0]: 123.940628 117.011108
[0]: 135.538849 130.063766
[0]: 103.145058 116.268654
[0]: 130.682495 155.970764
[0]: 105.893143 124.307205
[0]: 130.814011 141.321823
[0]: 121.481339 127.129501
[0]: 114.326347 105.662453
[0]: 104.974899 105.882210
[0]: 98.022263 112.333275
[0]: 131.375031 126.447815
[0]: 156.131744 147.295670
[0]: 139.798401 128.576889
[0]: 114.536674 112.386185
[0]: 141.929596 138.924698
[0]: 133.932983 185.904358
[0]: 136.939102 143.981277
[0]: 180.893478 146.401062
[0]: 118.953720 127.767845
[0]: 149.155426 137.356873
