[4]: 132.432159 140.947144
[4]: 126.836334 124.303680
[4]: 117.904129 120.867119
[4]: 173.930054 160.207428
[4]: 124.594322 127.936142
[4]: 126.765602 121.943726
[4]: 122.387993 126.274178
[4]: 126.389420 124.273796
[4]: 111.252876 118.633904
[4]: 123.659187 124.380432
[4]: 133.923080 138.540314
[4]: 128.397034 132.516190
[4]: 127.930695 126.176941
[4]: 122.162163 132.064621
[4]: 123.592026 124.588928
[4]: 132.753708 136.171783
[4]: 118.670052 119.134247
[4]: 67.263580 64.720291
[4]: 125.855522 127.379601
[4]: 131.628586 129.525970
[4]: 130.921097 126.403717
[4]: 113.843704 110.876678
[4]: 117.078583 121.107170
[4]: 123.219727 122.922791
[4]: 128.845459 127.665527
[4]: 137.093811 126.477211
[4]: 133.075012 139.086014
[4]: 118.086906 124.632996
[4]: 129.906662 127.683273
[4]: 74.227898 69.386803
[4]: 133.324158 136.366928
[4]: 140.945679 135.276596
[4]: 131.868683 126.595222
[4]: 128.115768 129.476303
[3]: 129.667557 120.848785
[3]: 129.926086 130.434097
[3]: 127.448074 122.153656
[3]: 60.540619 74.010956
[3]: 131.771637 136.612656
[3]: 126.479179 131.711365
[3]: 135.141663 140.078079
[3]: 130.633560 132.227921
[3]: 135.352875 130.595612
[3]: 125.978561 124.932220
[3]: 119.108917 99.829224
[3]: 127.657806 120.459656
[3]: 128.203644 126.391640
[3]: 132.660767 123.852356
[3]: 129.234131 129.056580
[3]: 131.750046 141.362091
[3]: 132.714172 135.263397
[3]: 155.685638 173.107544
[3]: 124.603302 116.728897
[3]: 122.442459 123.487335
[3]: 124.990410 128.302185
[3]: 136.959061 148.010468
[3]: 132.554504 130.186127
[3]: 128.384995 135.030685
[3]: 129.326920 139.004623
[3]: 120.673088 129.420288
[3]: 128.321609 127.283363
[3]: 128.891006 123.658768
[3]: 125.635117 116.442123
[3]: 64.354279 74.509254
[3]: 128.957504 124.879951
[3]: 117.774368 128.498383
[3]: 124.986511 122.322647
[3]: 121.671371 126.317047
[2]: 127.894775 119.512337
[2]: 136.264862 137.348709
[2]: 137.254089 133.562698
[2]: 113.327965 106.125771
[2]: 139.689117 136.116211
[2]: 126.364342 132.123459
[2]: 130.981094 124.866287
[2]: 128.233978 133.587448
[2]: 143.741364 140.232803
[2]: 136.178146 138.499619
[2]: 114.198883 111.313622
[2]: 130.096924 121.214836
[2]: 122.856323 127.092384
[2]: 141.394409 129.658615
[2]: 131.694214 130.724472
[2]: 125.654327 117.700111
[2]: 135.343277 132.597473
[2]: 68.268845 66.634796
[2]: 129.859833 129.828964
[2]: 117.726288 122.289635
[2]: 129.149658 133.426590
[2]: 144.983566 148.693085
[2]: 140.783249 136.917175
[2]: 136.607025 136.052750
[2]: 122.202629 122.510490
[2]: 115.770721 127.222778
[2]: 127.232552 115.903839
[2]: 141.488953 132.329575
[2]: 117.123810 122.194557
[2]: 187.028641 183.428284
[2]: 115.487915 116.763649
[2]: 115.701958 118.731880
[2]: 126.823853 133.048431
[2]: 119.795769 118.902763
[1]: 124.435265 136.493484
[1]: 126.022057 126.314217
[1]: 136.218262 137.668716
[1]: 195.582352 191.486771
[1]: 128.496063 122.411293
[1]: 127.885963 125.250061
[1]: 126.182396 121.457161
[1]: 126.707695 122.227409
[1]: 139.348587 139.915695
[1]: 128.695145 133.807617
[1]: 120.969055 128.682556
[1]: 129.116302 135.673004
[1]: 129.162750 126.293587
[1]: 133.181931 139.730042
[1]: 133.151993 142.786102
[1]: 118.258011 110.974434
[1]: 134.611816 136.091019
[1]: 191.817841 185.797592
[1]: 132.786499 139.471481
[1]: 122.490532 127.211311
[1]: 125.744560 131.239624
[1]: 135.743011 136.871933
[1]: 140.021667 137.093033
[1]: 134.113419 131.006958
[1]: 129.365189 123.629074
[1]: 119.186768 112.390747
[1]: 122.164551 116.122162
[1]: 136.165558 133.909882
[1]: 127.482735 129.021439
[1]: 131.550781 137.086563
[1]: 119.676590 119.814011
[1]: 117.413986 113.394470
[1]: 126.122925 137.642349
[1]: 130.843796 116.835854
[0]: 124.891190 120.828392
[0]: 117.632103 118.169037
[0]: 117.247887 122.485428
[0]: 91.521843 103.118034
[0]: 115.437042 116.848274
[0]: 129.795883 126.167152
[0]: 121.578682 124.161491
[0]: 123.861870 123.486717
[0]: 103.972305 104.899368
[0]: 121.032570 113.155327
[0]: 151.454742 161.250565
[0]: 124.158813 129.952774
[0]: 131.248230 133.734192
[0]: 105.238052 109.591545
[0]: 117.011108 107.250732
[0]: 130.063766 132.240021
[0]: 116.268654 115.159866
[0]: 155.970764 157.687469
[0]: 124.307205 123.922340
[0]: 141.321823 132.298477
[0]: 127.129501 117.751068
[0]: 105.662453 92.727325
[0]: 105.882210 111.911026
[0]: 112.333275 109.691666
[0]: 126.447815 123.578262
[0]: 147.295670 143.917450
[0]: 128.576889 141.435364
[0]: 112.386185 123.394135
[0]: 138.924698 144.096344
[0]: 185.904358 176.788620
[0]: 143.981277 143.240021
[0]: 146.401062 141.377335
[0]: 127.767845 117.062836
[0]: 137.356873 146.913086
