[4]: 133.398819 132.432159
[4]: 126.337479 126.836334
[4]: 117.185593 117.904129
[4]: 173.240356 173.930054
[4]: 125.730431 124.594322
[4]: 126.440445 126.765602
[4]: 121.923386 122.387993
[4]: 127.580132 126.389420
[4]: 111.937393 111.252876
[4]: 122.953621 123.659187
[4]: 134.118088 133.923080
[4]: 128.890457 128.397034
[4]: 128.690308 127.930695
[4]: 122.503998 122.162163
[4]: 125.159554 123.592026
[4]: 133.883728 132.753708
[4]: 119.183220 118.670052
[4]: 67.275032 67.263580
[4]: 125.346657 125.855522
[4]: 131.676056 131.628586
[4]: 130.362564 130.921097
[4]: 114.042740 113.843704
[4]: 117.347763 117.078583
[4]: 122.585281 123.219727
[4]: 128.101547 128.845459
[4]: 136.972458 137.093811
[4]: 134.631180 133.075012
[4]: 117.526871 118.086906
[4]: 130.682312 129.906662
[4]: 73.700043 74.227898
[4]: 133.657227 133.324158
[4]: 139.722672 140.945679
[4]: 131.892120 131.868683
[4]: 128.575623 128.115768
[3]: 128.003601 129.667557
[3]: 129.588882 129.926086
[3]: 126.996719 127.448074
[3]: 60.729782 60.540619
[3]: 132.274826 131.771637
[3]: 127.473549 126.479179
[3]: 135.212860 135.141663
[3]: 129.810822 130.633560
[3]: 134.823166 135.352875
[3]: 126.120964 125.978561
[3]: 117.627411 119.108917
[3]: 126.744781 127.657806
[3]: 127.800888 128.203644
[3]: 132.354614 132.660767
[3]: 128.529572 129.234131
[3]: 131.374619 131.750046
[3]: 132.973282 132.714172
[3]: 157.413376 155.685638
[3]: 123.956238 124.603302
[3]: 122.878563 122.442459
[3]: 125.466675 124.990410
[3]: 137.187775 136.959061
[3]: 131.673904 132.554504
[3]: 129.618195 128.384995
[3]: 129.731888 129.326920
[3]: 120.759865 120.673088
[3]: 127.052589 128.321609
[3]: 129.050644 128.891006
[3]: 125.474327 125.635117
[3]: 64.546532 64.354279
[3]: 129.508713 128.957504
[3]: 119.971870 117.774368
[3]: 125.275375 124.986511
[3]: 122.361649 121.671371
[2]: 126.557091 127.894775
[2]: 137.205383 136.264862
[2]: 137.354736 137.254089
[2]: 112.018913 113.327965
[2]: 139.403336 139.689117
[2]: 126.476585 126.364342
[2]: 129.890045 130.981094
[2]: 127.983246 128.233978
[2]: 142.728073 143.741364
[2]: 137.290039 136.178146
[2]: 114.749863 114.198883
[2]: 128.934494 130.096924
[2]: 122.502037 122.856323
[2]: 140.661697 141.394409
[2]: 131.496613 131.694214
[2]: 125.193489 125.654327
[2]: 134.447540 135.343277
[2]: 67.726326 68.268845
[2]: 130.648285 129.859833
[2]: 116.837631 117.726288
[2]: 130.709641 129.149658
[2]: 144.702942 144.983566
[2]: 141.715866 140.783249
[2]: 138.129898 136.607025
[2]: 123.101334 122.202629
[2]: 115.236176 115.770721
[2]: 126.187103 127.232552
[2]: 140.841141 141.488953
[2]: 116.550629 117.123810
[2]: 186.046036 187.028641
[2]: 115.061920 115.487915
[2]: 116.852150 115.701958
[2]: 126.395119 126.823853
[2]: 119.740364 119.795769
[1]: 125.654846 124.435265
[1]: 126.301697 126.022057
[1]: 136.627457 136.218262
[1]: 195.990616 195.582352
[1]: 127.578804 128.496063
[1]: 127.615036 127.885963
[1]: 126.725304 126.182396
[1]: 127.033752 126.707695
[1]: 138.734222 139.348587
[1]: 129.449677 128.695145
[1]: 120.996971 120.969055
[1]: 130.098007 129.116302
[1]: 128.830841 129.162750
[1]: 133.430588 133.181931
[1]: 132.762558 133.151993
[1]: 117.978195 118.258011
[1]: 134.270508 134.611816
[1]: 190.982773 191.817841
[1]: 133.200516 132.786499
[1]: 123.263290 122.490532
[1]: 125.677429 125.744560
[1]: 136.183670 135.743011
[1]: 139.693878 140.021667
[1]: 133.556763 134.113419
[1]: 129.492508 129.365189
[1]: 119.654068 119.186768
[1]: 121.539383 122.164551
[1]: 135.805847 136.165558
[1]: 126.714287 127.482735
[1]: 132.242264 131.550781
[1]: 119.069527 119.676590
[1]: 116.542564 117.413986
[1]: 126.063782 126.122925
[1]: 129.480103 130.843796
[0]: 125.759872 124.891190
[0]: 117.195396 117.632103
[0]: 117.895172 117.247887
[0]: 92.257637 91.521843
[0]: 114.935097 115.437042
[0]: 129.242020 129.795883
[0]: 122.588516 121.578682
[0]: 123.381439 123.861870
[0]: 105.475533 103.972305
[0]: 119.581642 121.032570
[0]: 152.348129 151.454742
[0]: 124.767601 124.158813
[0]: 131.623367 131.248230
[0]: 105.617363 105.238052
[0]: 116.667328 117.011108
[0]: 130.112549 130.063766
[0]: 116.716690 116.268654
[0]: 155.556320 155.970764
[0]: 124.219955 124.307205
[0]: 140.955093 141.321823
[0]: 125.601990 127.129501
[0]: 104.927711 105.662453
[0]: 105.796188 105.882210
[0]: 110.557175 112.333275
[0]: 125.688957 126.447815
[0]: 147.479401 147.295670
[0]: 130.121399 128.576889
[0]: 113.829239 112.386185
[0]: 139.765625 138.924698
[0]: 186.756271 185.904358
[0]: 144.245102 143.981277
[0]: 145.118988 146.401062
[0]: 127.944450 127.767845
[0]: 137.677460 137.356873
