[4]: 140.010193 132.432159
[4]: 124.714577 126.836334
[4]: 120.669487 117.904129
[4]: 160.289948 173.930054
[4]: 127.867218 124.594322
[4]: 122.443733 126.765602
[4]: 125.966537 122.387993
[4]: 124.878021 126.389420
[4]: 118.982399 111.252876
[4]: 124.637917 123.659187
[4]: 138.247879 133.923080
[4]: 132.065704 128.397034
[4]: 126.191765 127.930695
[4]: 131.183685 122.162163
[4]: 124.225754 123.592026
[4]: 135.320541 132.753708
[4]: 119.226433 118.670052
[4]: 64.776886 67.263580
[4]: 127.355057 125.855522
[4]: 129.139725 131.628586
[4]: 126.090561 130.921097
[4]: 111.238518 113.843704
[4]: 120.706497 117.078583
[4]: 122.849022 123.219727
[4]: 127.380814 128.845459
[4]: 127.525909 137.093811
[4]: 138.407623 133.075012
[4]: 124.683159 118.086906
[4]: 128.343582 129.906662
[4]: 68.621376 74.227898
[4]: 135.751892 133.324158
[4]: 134.793427 140.945679
[4]: 127.401962 131.868683
[4]: 129.994263 128.115768
[3]: 120.543732 129.667557
[3]: 130.406631 129.926086
[3]: 122.534660 127.448074
[3]: 72.085602 60.540619
[3]: 136.278259 131.771637
[3]: 131.131119 126.479179
[3]: 139.698975 135.141663
[3]: 132.167236 130.633560
[3]: 131.369049 135.352875
[3]: 125.246758 125.978561
[3]: 101.967766 119.108917
[3]: 120.892693 127.657806
[3]: 126.724976 128.203644
[3]: 124.504700 132.660767
[3]: 129.644394 129.234131
[3]: 139.827011 131.750046
[3]: 135.440155 132.714172
[3]: 172.780777 155.685638
[3]: 117.133545 124.603302
[3]: 123.452705 122.442459
[3]: 128.473755 124.990410
[3]: 147.193802 136.959061
[3]: 130.544861 132.554504
[3]: 134.581467 128.384995
[3]: 137.706100 129.326920
[3]: 128.943878 120.673088
[3]: 127.136780 128.321609
[3]: 123.932457 128.891006
[3]: 117.315193 125.635117
[3]: 73.800453 64.354279
[3]: 124.861435 128.957504
[3]: 128.772110 117.774368
[3]: 123.437721 124.986511
[3]: 125.060898 121.671371
[2]: 120.295509 127.894775
[2]: 136.842422 136.264862
[2]: 133.970749 137.254089
[2]: 106.379333 113.327965
[2]: 136.075699 139.689117
[2]: 132.000549 126.364342
[2]: 125.467804 130.981094
[2]: 132.750702 128.233978
[2]: 139.537003 143.741364
[2]: 138.236603 136.178146
[2]: 111.487000 114.198883
[2]: 121.902168 130.096924
[2]: 126.666023 122.856323
[2]: 130.953323 141.394409
[2]: 130.949142 131.694214
[2]: 119.478790 125.654327
[2]: 133.090637 135.343277
[2]: 66.639938 68.268845
[2]: 129.804642 129.859833
[2]: 122.434441 117.726288
[2]: 133.520050 129.149658
[2]: 148.254639 144.983566
[2]: 137.250702 140.783249
[2]: 136.377792 136.607025
[2]: 122.957970 122.202629
[2]: 125.944817 115.770721
[2]: 116.616562 127.232552
[2]: 132.211380 141.488953
[2]: 121.350540 117.123810
[2]: 184.849228 187.028641
[2]: 117.014549 115.487915
[2]: 118.960220 115.701958
[2]: 131.943649 126.823853
[2]: 118.446671 119.795769
[1]: 135.918884 124.435265
[1]: 126.796257 126.022057
[1]: 137.728134 136.218262
[1]: 192.854553 195.582352
[1]: 122.883575 128.496063
[1]: 125.771591 127.885963
[1]: 121.841087 126.182396
[1]: 122.524872 126.707695
[1]: 139.099091 139.348587
[1]: 133.200912 128.695145
[1]: 127.019836 120.969055
[1]: 135.272186 129.116302
[1]: 126.431351 129.162750
[1]: 139.056595 133.181931
[1]: 142.215195 133.151993
[1]: 111.581474 118.258011
[1]: 135.506332 134.611816
[1]: 186.008057 191.817841
[1]: 139.043060 132.786499
[1]: 126.433846 122.490532
[1]: 130.900986 125.744560
[1]: 137.063690 135.743011
[1]: 136.843582 140.021667
[1]: 131.146820 134.113419
[1]: 124.710068 129.365189
[1]: 113.186813 119.186768
[1]: 116.213417 122.164551
[1]: 133.884949 136.165558
[1]: 128.056122 127.482735
[1]: 137.278717 131.550781
[1]: 119.622269 119.676590
[1]: 113.357414 117.413986
[1]: 136.538666 126.122925
[1]: 118.311378 130.843796
[0]: 121.807922 124.891190
[0]: 117.768570 117.632103
[0]: 121.786087 117.247887
[0]: 102.820259 91.521843
[0]: 116.782295 115.437042
[0]: 125.827682 129.795883
[0]: 123.799637 121.578682
[0]: 123.497108 123.861870
[0]: 105.219002 103.972305
[0]: 113.416946 121.032570
[0]: 161.059631 151.454742
[0]: 129.622574 124.158813
[0]: 133.743027 131.248230
[0]: 109.013031 105.238052
[0]: 107.233322 117.011108
[0]: 132.191650 130.063766
[0]: 114.871086 116.268654
[0]: 157.664948 155.970764
[0]: 123.973938 124.307205
[0]: 133.458710 141.321823
[0]: 118.133751 127.129501
[0]: 93.319786 105.662453
[0]: 111.806198 105.882210
[0]: 109.650444 112.333275
[0]: 123.570023 126.447815
[0]: 143.962631 147.295670
[0]: 141.505646 128.576889
[0]: 123.196045 112.386185
[0]: 144.494431 138.924698
[0]: 177.556732 185.904358
[0]: 143.940109 143.981277
[0]: 141.490463 146.401062
[0]: 117.299591 127.767845
[0]: 146.714554 137.356873
