[4]: 133.761963 132.432159
[4]: 126.060654 126.836334
[4]: 116.753120 117.904129
[4]: 172.562714 173.930054
[4]: 126.315590 124.594322
[4]: 126.410286 126.765602
[4]: 122.329018 122.387993
[4]: 128.176437 126.389420
[4]: 113.681885 111.252876
[4]: 123.432083 123.659187
[4]: 135.194672 133.923080
[4]: 128.646744 128.397034
[4]: 129.003403 127.930695
[4]: 122.697754 122.162163
[4]: 124.896774 123.592026
[4]: 134.201706 132.753708
[4]: 120.369217 118.670052
[4]: 67.267967 67.263580
[4]: 125.129364 125.855522
[4]: 130.668381 131.628586
[4]: 129.783447 130.921097
[4]: 113.657875 113.843704
[4]: 117.268127 117.078583
[4]: 122.029617 123.219727
[4]: 127.817482 128.845459
[4]: 136.636703 137.093811
[4]: 135.663086 133.075012
[4]: 118.293953 118.086906
[4]: 130.420074 129.906662
[4]: 72.780205 74.227898
[4]: 133.941956 133.324158
[4]: 139.167358 140.945679
[4]: 132.589554 131.868683
[4]: 130.507736 128.115768
[3]: 126.719337 129.667557
[3]: 129.208725 129.926086
[3]: 127.290733 127.448074
[3]: 60.785580 60.540619
[3]: 132.058289 131.771637
[3]: 127.270050 126.479179
[3]: 134.936020 135.141663
[3]: 129.908554 130.633560
[3]: 134.458649 135.352875
[3]: 126.048691 125.978561
[3]: 117.296196 119.108917
[3]: 126.351433 127.657806
[3]: 127.461456 128.203644
[3]: 132.611664 132.660767
[3]: 128.876404 129.234131
[3]: 130.813751 131.750046
[3]: 132.959976 132.714172
[3]: 158.834976 155.685638
[3]: 124.058678 124.603302
[3]: 124.026215 122.442459
[3]: 125.715981 124.990410
[3]: 137.962234 136.959061
[3]: 131.572495 132.554504
[3]: 130.797134 128.384995
[3]: 130.078262 129.326920
[3]: 121.455605 120.673088
[3]: 126.083099 128.321609
[3]: 129.853394 128.891006
[3]: 125.665810 125.635117
[3]: 65.483696 64.354279
[3]: 129.316406 128.957504
[3]: 121.010063 117.774368
[3]: 125.340591 124.986511
[3]: 121.297913 121.671371
[2]: 126.775032 127.894775
[2]: 137.183136 136.264862
[2]: 136.444031 137.254089
[2]: 111.686768 113.327965
[2]: 138.049545 139.689117
[2]: 126.527679 126.364342
[2]: 128.855087 130.981094
[2]: 128.503220 128.233978
[2]: 141.748505 143.741364
[2]: 138.019989 136.178146
[2]: 113.859795 114.198883
[2]: 128.393127 130.096924
[2]: 122.385170 122.856323
[2]: 140.157974 141.394409
[2]: 131.456467 131.694214
[2]: 125.239227 125.654327
[2]: 133.587265 135.343277
[2]: 67.271965 68.268845
[2]: 130.990524 129.859833
[2]: 117.523781 117.726288
[2]: 131.189041 129.149658
[2]: 145.380310 144.983566
[2]: 141.947342 140.783249
[2]: 137.891891 136.607025
[2]: 123.352425 122.202629
[2]: 115.796387 115.770721
[2]: 125.002312 127.232552
[2]: 140.432175 141.488953
[2]: 116.875092 117.123810
[2]: 185.929901 187.028641
[2]: 115.818291 115.487915
[2]: 116.505936 115.701958
[2]: 125.929497 126.823853
[2]: 118.421097 119.795769
[1]: 126.480354 124.435265
[1]: 127.030029 126.022057
[1]: 137.364532 136.218262
[1]: 196.346008 195.582352
[1]: 127.474213 128.496063
[1]: 127.583351 127.885963
[1]: 126.582649 126.182396
[1]: 125.701904 126.707695
[1]: 137.927811 139.348587
[1]: 128.477875 128.695145
[1]: 120.652740 120.969055
[1]: 130.705719 129.116302
[1]: 128.454849 129.162750
[1]: 133.384827 133.181931
[1]: 132.687363 133.151993
[1]: 118.636482 118.258011
[1]: 134.117859 134.611816
[1]: 190.623032 191.817841
[1]: 133.487823 132.786499
[1]: 122.954414 122.490532
[1]: 125.798058 125.744560
[1]: 136.727737 135.743011
[1]: 139.924316 140.021667
[1]: 133.452515 134.113419
[1]: 128.733490 129.365189
[1]: 119.247215 119.186768
[1]: 121.306183 122.164551
[1]: 135.143829 136.165558
[1]: 126.116997 127.482735
[1]: 132.734039 131.550781
[1]: 118.809883 119.676590
[1]: 116.122757 117.413986
[1]: 125.821007 126.122925
[1]: 129.076416 130.843796
[0]: 125.608749 124.891190
[0]: 117.083694 117.632103
[0]: 118.215599 117.247887
[0]: 93.015587 91.521843
[0]: 116.054329 115.437042
[0]: 129.488983 129.795883
[0]: 123.708023 121.578682
[0]: 123.517479 123.861870
[0]: 105.891685 103.972305
[0]: 119.404594 121.032570
[0]: 152.960480 151.454742
[0]: 125.374550 124.158813
[0]: 132.220169 131.248230
[0]: 105.650856 105.238052
[0]: 116.677376 117.011108
[0]: 129.570953 130.063766
[0]: 116.522644 116.268654
[0]: 155.335632 155.970764
[0]: 123.667381 124.307205
[0]: 140.431458 141.321823
[0]: 125.287155 127.129501
[0]: 103.102036 105.662453
[0]: 105.452042 105.882210
[0]: 110.191406 112.333275
[0]: 126.187874 126.447815
[0]: 146.969513 147.295670
[0]: 131.582565 128.576889
[0]: 113.262444 112.386185
[0]: 140.199158 138.924698
[0]: 186.619934 185.904358
[0]: 143.646378 143.981277
[0]: 145.441284 146.401062
[0]: 127.876785 127.767845
[0]: 138.672119 137.356873
