[4]: 133.994461 132.432159
[4]: 126.046516 126.836334
[4]: 116.574364 117.904129
[4]: 173.273178 173.930054
[4]: 126.403084 124.594322
[4]: 126.705536 126.765602
[4]: 122.027611 122.387993
[4]: 128.664474 126.389420
[4]: 113.018196 111.252876
[4]: 123.229111 123.659187
[4]: 134.770813 133.923080
[4]: 128.271835 128.397034
[4]: 129.106964 127.930695
[4]: 122.773811 122.162163
[4]: 124.896759 123.592026
[4]: 134.189316 132.753708
[4]: 119.683388 118.670052
[4]: 67.523659 67.263580
[4]: 124.920731 125.855522
[4]: 130.928802 131.628586
[4]: 129.925629 130.921097
[4]: 113.818352 113.843704
[4]: 117.168510 117.078583
[4]: 122.609100 123.219727
[4]: 127.653168 128.845459
[4]: 137.628082 137.093811
[4]: 135.464798 133.075012
[4]: 118.438530 118.086906
[4]: 130.487106 129.906662
[4]: 73.173813 74.227898
[4]: 133.421753 133.324158
[4]: 138.797394 140.945679
[4]: 132.173187 131.868683
[4]: 129.812027 128.115768
[3]: 126.877861 129.667557
[3]: 129.444794 129.926086
[3]: 127.691254 127.448074
[3]: 60.696178 60.540619
[3]: 131.653900 131.771637
[3]: 127.280296 126.479179
[3]: 135.451675 135.141663
[3]: 129.008667 130.633560
[3]: 134.843719 135.352875
[3]: 126.341721 125.978561
[3]: 117.218102 119.108917
[3]: 126.690552 127.657806
[3]: 127.054779 128.203644
[3]: 131.804016 132.660767
[3]: 128.604752 129.234131
[3]: 130.623657 131.750046
[3]: 133.332108 132.714172
[3]: 158.035172 155.685638
[3]: 124.243416 124.603302
[3]: 123.963272 122.442459
[3]: 125.939598 124.990410
[3]: 137.389786 136.959061
[3]: 131.566071 132.554504
[3]: 130.232712 128.384995
[3]: 130.502075 129.326920
[3]: 120.425804 120.673088
[3]: 126.084862 128.321609
[3]: 129.237717 128.891006
[3]: 125.649918 125.635117
[3]: 64.965385 64.354279
[3]: 129.481903 128.957504
[3]: 121.560600 117.774368
[3]: 125.791748 124.986511
[3]: 121.668358 121.671371
[2]: 126.036163 127.894775
[2]: 137.244202 136.264862
[2]: 136.644760 137.254089
[2]: 111.436081 113.327965
[2]: 138.292953 139.689117
[2]: 126.671608 126.364342
[2]: 129.299240 130.981094
[2]: 127.730309 128.233978
[2]: 141.515732 143.741364
[2]: 137.606689 136.178146
[2]: 113.858780 114.198883
[2]: 129.134689 130.096924
[2]: 122.234810 122.856323
[2]: 140.715088 141.394409
[2]: 131.424377 131.694214
[2]: 125.604301 125.654327
[2]: 134.130539 135.343277
[2]: 67.165909 68.268845
[2]: 131.175308 129.859833
[2]: 117.159058 117.726288
[2]: 130.615845 129.149658
[2]: 144.999435 144.983566
[2]: 141.451691 140.783249
[2]: 138.065079 136.607025
[2]: 123.545357 122.202629
[2]: 115.274391 115.770721
[2]: 125.216248 127.232552
[2]: 140.379929 141.488953
[2]: 116.828835 117.123810
[2]: 185.881714 187.028641
[2]: 116.258141 115.487915
[2]: 117.061089 115.701958
[2]: 126.359138 126.823853
[2]: 118.501312 119.795769
[1]: 126.480576 124.435265
[1]: 127.130127 126.022057
[1]: 137.369247 136.218262
[1]: 196.084290 195.582352
[1]: 127.390068 128.496063
[1]: 127.636810 127.885963
[1]: 126.481277 126.182396
[1]: 126.035034 126.707695
[1]: 138.032013 139.348587
[1]: 128.608688 128.695145
[1]: 120.523537 120.969055
[1]: 130.236633 129.116302
[1]: 128.476624 129.162750
[1]: 133.601532 133.181931
[1]: 132.839188 133.151993
[1]: 118.413147 118.258011
[1]: 134.214264 134.611816
[1]: 190.726151 191.817841
[1]: 133.603165 132.786499
[1]: 123.356201 122.490532
[1]: 126.018410 125.744560
[1]: 136.938705 135.743011
[1]: 139.905609 140.021667
[1]: 133.489594 134.113419
[1]: 128.706268 129.365189
[1]: 119.147606 119.186768
[1]: 121.473511 122.164551
[1]: 135.336853 136.165558
[1]: 126.039391 127.482735
[1]: 132.751938 131.550781
[1]: 119.051971 119.676590
[1]: 115.920296 117.413986
[1]: 125.678528 126.122925
[1]: 129.048553 130.843796
[0]: 125.994583 124.891190
[0]: 116.681595 117.632103
[0]: 117.728432 117.247887
[0]: 92.845734 91.521843
[0]: 116.259537 115.437042
[0]: 128.936401 129.795883
[0]: 123.111893 121.578682
[0]: 124.457634 123.861870
[0]: 106.333450 103.972305
[0]: 119.606049 121.032570
[0]: 153.612930 151.454742
[0]: 125.127106 124.158813
[0]: 132.686401 131.248230
[0]: 105.645409 105.238052
[0]: 116.852356 117.011108
[0]: 129.674118 130.063766
[0]: 116.171021 116.268654
[0]: 155.740631 155.970764
[0]: 123.351669 124.307205
[0]: 140.151077 141.321823
[0]: 125.268906 127.129501
[0]: 103.755325 105.662453
[0]: 106.131142 105.882210
[0]: 109.972069 112.333275
[0]: 125.728432 126.447815
[0]: 147.683228 147.295670
[0]: 131.394974 128.576889
[0]: 113.625298 112.386185
[0]: 140.261948 138.924698
[0]: 186.460388 185.904358
[0]: 143.286346 143.981277
[0]: 144.858719 146.401062
[0]: 127.535065 127.767845
[0]: 138.938385 137.356873
