[4]: 132.684433 132.432159
[4]: 126.196754 126.836334
[4]: 117.795723 117.904129
[4]: 173.508911 173.930054
[4]: 124.808716 124.594322
[4]: 126.912636 126.765602
[4]: 122.171326 122.387993
[4]: 126.724197 126.389420
[4]: 111.529823 111.252876
[4]: 123.850929 123.659187
[4]: 133.414017 133.923080
[4]: 128.544556 128.397034
[4]: 128.292191 127.930695
[4]: 122.453705 122.162163
[4]: 123.952637 123.592026
[4]: 132.799683 132.753708
[4]: 118.843330 118.670052
[4]: 67.094734 67.263580
[4]: 125.515251 125.855522
[4]: 132.364670 131.628586
[4]: 130.950729 130.921097
[4]: 113.814972 113.843704
[4]: 117.519363 117.078583
[4]: 123.045944 123.219727
[4]: 128.596756 128.845459
[4]: 136.921661 137.093811
[4]: 133.381699 133.075012
[4]: 118.380280 118.086906
[4]: 130.193420 129.906662
[4]: 73.996353 74.227898
[4]: 133.616714 133.324158
[4]: 141.072235 140.945679
[4]: 131.783844 131.868683
[4]: 127.767921 128.115768
[3]: 129.353668 129.667557
[3]: 129.967697 129.926086
[3]: 127.275963 127.448074
[3]: 60.601467 60.540619
[3]: 131.711472 131.771637
[3]: 126.625343 126.479179
[3]: 135.224625 135.141663
[3]: 130.537872 130.633560
[3]: 135.432159 135.352875
[3]: 125.556061 125.978561
[3]: 119.016853 119.108917
[3]: 127.666695 127.657806
[3]: 128.100342 128.203644
[3]: 132.602554 132.660767
[3]: 128.819855 129.234131
[3]: 131.955994 131.750046
[3]: 132.586716 132.714172
[3]: 155.942184 155.685638
[3]: 124.632439 124.603302
[3]: 122.112816 122.442459
[3]: 125.127411 124.990410
[3]: 137.164398 136.959061
[3]: 132.411407 132.554504
[3]: 128.673630 128.384995
[3]: 129.535233 129.326920
[3]: 120.756180 120.673088
[3]: 128.152298 128.321609
[3]: 128.849258 128.891006
[3]: 125.432320 125.635117
[3]: 64.464386 64.354279
[3]: 128.556839 128.957504
[3]: 117.492943 117.774368
[3]: 125.237572 124.986511
[3]: 121.977531 121.671371
[2]: 127.750282 127.894775
[2]: 136.717072 136.264862
[2]: 137.473724 137.254089
[2]: 113.315575 113.327965
[2]: 139.358734 139.689117
[2]: 126.510986 126.364342
[2]: 130.811356 130.981094
[2]: 128.017517 128.233978
[2]: 143.195648 143.741364
[2]: 136.386368 136.178146
[2]: 114.811279 114.198883
[2]: 129.544586 130.096924
[2]: 122.534241 122.856323
[2]: 141.203064 141.394409
[2]: 131.902451 131.694214
[2]: 125.212852 125.654327
[2]: 134.832611 135.343277
[2]: 68.328873 68.268845
[2]: 130.000717 129.859833
[2]: 117.496735 117.726288
[2]: 129.464478 129.149658
[2]: 144.784119 144.983566
[2]: 140.830780 140.783249
[2]: 136.951035 136.607025
[2]: 122.308327 122.202629
[2]: 115.574532 115.770721
[2]: 126.792641 127.232552
[2]: 141.340500 141.488953
[2]: 117.071671 117.123810
[2]: 187.229980 187.028641
[2]: 115.578758 115.487915
[2]: 115.832375 115.701958
[2]: 126.613075 126.823853
[2]: 119.648750 119.795769
[1]: 124.435074 124.435265
[1]: 126.283554 126.022057
[1]: 136.251495 136.218262
[1]: 195.828354 195.582352
[1]: 128.918976 128.496063
[1]: 127.429855 127.885963
[1]: 126.339859 126.182396
[1]: 126.505577 126.707695
[1]: 139.142471 139.348587
[1]: 128.920151 128.695145
[1]: 121.228416 120.969055
[1]: 129.049057 129.116302
[1]: 129.044678 129.162750
[1]: 133.285263 133.181931
[1]: 133.295486 133.151993
[1]: 118.363022 118.258011
[1]: 134.791550 134.611816
[1]: 191.731735 191.817841
[1]: 132.990952 132.786499
[1]: 122.081573 122.490532
[1]: 125.293770 125.744560
[1]: 135.701477 135.743011
[1]: 139.579346 140.021667
[1]: 134.056931 134.113419
[1]: 129.428604 129.365189
[1]: 119.408409 119.186768
[1]: 122.107307 122.164551
[1]: 135.585739 136.165558
[1]: 127.207672 127.482735
[1]: 131.503235 131.550781
[1]: 119.903145 119.676590
[1]: 117.296814 117.413986
[1]: 126.240974 126.122925
[1]: 130.672928 130.843796
[0]: 125.107048 124.891190
[0]: 117.470497 117.632103
[0]: 117.258713 117.247887
[0]: 91.541405 91.521843
[0]: 115.122719 115.437042
[0]: 129.826492 129.795883
[0]: 121.724846 121.578682
[0]: 124.054726 123.861870
[0]: 104.354370 103.972305
[0]: 120.792755 121.032570
[0]: 151.216583 151.454742
[0]: 124.645882 124.158813
[0]: 131.463898 131.248230
[0]: 105.023033 105.238052
[0]: 116.675346 117.011108
[0]: 130.148148 130.063766
[0]: 116.554680 116.268654
[0]: 156.199020 155.970764
[0]: 124.258888 124.307205
[0]: 141.617630 141.321823
[0]: 127.092659 127.129501
[0]: 105.680565 105.662453
[0]: 105.953239 105.882210
[0]: 111.859123 112.333275
[0]: 126.313950 126.447815
[0]: 147.397537 147.295670
[0]: 128.960861 128.576889
[0]: 112.871971 112.386185
[0]: 139.233017 138.924698
[0]: 185.879593 185.904358
[0]: 143.803116 143.981277
[0]: 146.591583 146.401062
[0]: 127.675003 127.767845
[0]: 137.772888 137.356873
