[19]: 2004  1 24 18 16 LESLIE      7.2   5.0   27  621 1999  8 27  6 15 FLORENCE    7.1   5.2  125  119
[18]: 1990  1 10  0 14 PATTY      27.8 254.5   59  870 1990 11 26  6 15 TONY        7.2   5.6  132  735
[17]: 1962  1 15  0 20 OSCAR       7.2   4.7   94  108 1990 11 26  6 15 TONY        7.2   5.6  132  735
[16]: 2003  7 12  0 17 PATTY      41.3 229.3   56  707 1976  8  7  6 14 BERYL       7.2   4.6   90   20
[15]: 1950  3 23 18 23 ALBERTO    33.8 351.0   91  208 1978 12 14  0  5 JOYCE       7.1   4.3   43  618
[14]: 1998  7 27 18  9 NADINE     30.1 214.1   96  660 1999  8 27  6 15 FLORENCE    7.1   5.2  125  119
[13]: 1999  8 27  6 15 FLORENCE    7.1   5.2  125  119 2003 10 15 18  7 GORDON      7.0   5.5   96  195
[12]: 1978 12 14  0  5 JOYCE       7.1   4.3   43  618 1964  6 25 12  9 ISAAC       7.1   5.8  132  283
[11]: 1952 12  6 12  5 PATTY      58.6 140.9  138  356 1970  1 28 12 11 ISAAC       7.0   6.0   78   92
[10]: 2001 11  3 12 10 SANDY      13.5  36.0  152   67 1962  1 15  0 20 OSCAR       7.2   4.7   94  108
[9]: 1962  7 16 18 10 CHRIS      56.7  54.1   54   86 1975  9 11  6 10 ALBERTO     7.2   5.5   37  230
[8]: 1969  8 16  0  1 WILLIAM    18.7   9.1   85  568 1975  9 11  6 10 ALBERTO     7.2   5.5   37  230
[6]: 1978 12 14  0  5 JOYCE       7.1   4.3   43  618 1964  6 25 12  9 ISAAC       7.1   5.8  132  283
[5]: 2003 10 15 18  7 GORDON      7.0   5.5   96  195 1978 12 14  0  5 JOYCE       7.1   4.3   43  618
[4]: 1963  6 27 18 13 SANDY      27.7 306.6   50  680 1962  1 15  0 20 OSCAR       7.2   4.7   94  108
[2]: 1999  8 27  6 15 FLORENCE    7.1   5.2  125  119 1970  1 28 12 11 ISAAC       7.0   6.0   78   92
[1]: 2004  3  8 12 11 VALERIE    31.0 168.4   41  720 2004  1 24 18 16 LESLIE      7.2   5.0   27  621
[0]: 1962  1 15  0 20 OSCAR       7.2   4.7   94  108 1976  8  7  6 14 BERYL       7.2   4.6   90   20
