[4]: 133.348190 132.432159
[4]: 125.777084 126.836334
[4]: 116.956375 117.904129
[4]: 172.697632 173.930054
[4]: 126.881027 124.594322
[4]: 127.069054 126.765602
[4]: 122.409920 122.387993
[4]: 128.134644 126.389420
[4]: 114.681808 111.252876
[4]: 123.507874 123.659187
[4]: 135.531418 133.923080
[4]: 128.517319 128.397034
[4]: 128.883774 127.930695
[4]: 122.120789 122.162163
[4]: 124.458427 123.592026
[4]: 134.750153 132.753708
[4]: 120.911339 118.670052
[4]: 67.838501 67.263580
[4]: 125.482361 125.855522
[4]: 130.158264 131.628586
[4]: 129.638275 130.921097
[4]: 113.392365 113.843704
[4]: 116.872993 117.078583
[4]: 122.151337 123.219727
[4]: 128.183075 128.845459
[4]: 136.780548 137.093811
[4]: 135.524094 133.075012
[4]: 118.655273 118.086906
[4]: 130.404251 129.906662
[4]: 72.202362 74.227898
[4]: 134.076843 133.324158
[4]: 139.073944 140.945679
[4]: 131.846619 131.868683
[4]: 131.021652 128.115768
[3]: 126.643608 129.667557
[3]: 129.236374 129.926086
[3]: 127.496597 127.448074
[3]: 60.913857 60.540619
[3]: 131.939835 131.771637
[3]: 127.302795 126.479179
[3]: 135.245438 135.141663
[3]: 129.504974 130.633560
[3]: 134.309998 135.352875
[3]: 126.052734 125.978561
[3]: 116.721619 119.108917
[3]: 126.200218 127.657806
[3]: 127.384010 128.203644
[3]: 132.661057 132.660767
[3]: 129.026688 129.234131
[3]: 130.537125 131.750046
[3]: 133.101639 132.714172
[3]: 159.132385 155.685638
[3]: 123.428452 124.603302
[3]: 124.011185 122.442459
[3]: 126.220482 124.990410
[3]: 138.359756 136.959061
[3]: 131.669510 132.554504
[3]: 130.857208 128.384995
[3]: 130.306854 129.326920
[3]: 121.230652 120.673088
[3]: 125.896484 128.321609
[3]: 129.587280 128.891006
[3]: 126.019951 125.635117
[3]: 65.541817 64.354279
[3]: 129.049133 128.957504
[3]: 121.158279 117.774368
[3]: 125.558250 124.986511
[3]: 120.863235 121.671371
[2]: 127.161690 127.894775
[2]: 136.823898 136.264862
[2]: 136.368759 137.254089
[2]: 111.724785 113.327965
[2]: 137.847549 139.689117
[2]: 126.141312 126.364342
[2]: 128.534439 130.981094
[2]: 128.346710 128.233978
[2]: 140.740952 143.741364
[2]: 137.968399 136.178146
[2]: 114.258820 114.198883
[2]: 128.594940 130.096924
[2]: 122.711647 122.856323
[2]: 140.471863 141.394409
[2]: 131.766983 131.694214
[2]: 125.410240 125.654327
[2]: 133.082321 135.343277
[2]: 66.656075 68.268845
[2]: 131.259140 129.859833
[2]: 118.414932 117.726288
[2]: 131.513168 129.149658
[2]: 145.459122 144.983566
[2]: 142.047684 140.783249
[2]: 137.931534 136.607025
[2]: 123.603935 122.202629
[2]: 115.723427 115.770721
[2]: 125.411827 127.232552
[2]: 139.836166 141.488953
[2]: 116.310562 117.123810
[2]: 185.707275 187.028641
[2]: 116.144096 115.487915
[2]: 116.483643 115.701958
[2]: 126.813072 126.823853
[2]: 117.929306 119.795769
[1]: 126.587296 124.435265
[1]: 127.351273 126.022057
[1]: 137.462646 136.218262
[1]: 196.069046 195.582352
[1]: 127.034714 128.496063
[1]: 127.210312 127.885963
[1]: 126.410141 126.182396
[1]: 125.802269 126.707695
[1]: 137.562134 139.348587
[1]: 128.193146 128.695145
[1]: 120.187714 120.969055
[1]: 130.665192 129.116302
[1]: 128.354141 129.162750
[1]: 133.533005 133.181931
[1]: 133.034409 133.151993
[1]: 118.312828 118.258011
[1]: 133.628769 134.611816
[1]: 190.675293 191.817841
[1]: 133.602829 132.786499
[1]: 123.214661 122.490532
[1]: 125.928780 125.744560
[1]: 136.939651 135.743011
[1]: 139.853363 140.021667
[1]: 133.324097 134.113419
[1]: 128.706512 129.365189
[1]: 119.106010 119.186768
[1]: 121.273766 122.164551
[1]: 135.215668 136.165558
[1]: 126.295822 127.482735
[1]: 133.823624 131.550781
[1]: 118.878609 119.676590
[1]: 115.943695 117.413986
[1]: 125.758308 126.122925
[1]: 128.935699 130.843796
[0]: 125.582024 124.891190
[0]: 117.371872 117.632103
[0]: 117.723015 117.247887
[0]: 92.434120 91.521843
[0]: 116.251511 115.437042
[0]: 129.573135 129.795883
[0]: 123.847092 121.578682
[0]: 124.063461 123.861870
[0]: 106.436455 103.972305
[0]: 119.667068 121.032570
[0]: 153.345627 151.454742
[0]: 125.489983 124.158813
[0]: 132.204453 131.248230
[0]: 105.675270 105.238052
[0]: 116.240288 117.011108
[0]: 129.460541 130.063766
[0]: 116.856590 116.268654
[0]: 155.288040 155.970764
[0]: 123.530136 124.307205
[0]: 139.781555 141.321823
[0]: 124.374290 127.129501
[0]: 102.613968 105.662453
[0]: 105.700745 105.882210
[0]: 110.053528 112.333275
[0]: 125.295715 126.447815
[0]: 147.324722 147.295670
[0]: 131.525986 128.576889
[0]: 113.701607 112.386185
[0]: 140.268951 138.924698
[0]: 186.325165 185.904358
[0]: 143.416428 143.981277
[0]: 145.623291 146.401062
[0]: 127.544640 127.767845
[0]: 139.283722 137.356873
