[4]: 89.638451 132.432159
[4]: 128.606339 126.836334
[4]: 126.308197 117.904129
[4]: 175.193802 173.930054
[4]: 130.177963 124.594322
[4]: 129.137115 126.765602
[4]: 127.413795 122.387993
[4]: 128.522125 126.389420
[4]: 129.247971 111.252876
[4]: 130.543289 123.659187
[4]: 126.912758 133.923080
[4]: 128.958115 128.397034
[4]: 126.103004 127.930695
[4]: 132.026794 122.162163
[4]: 126.875610 123.592026
[4]: 132.873245 132.753708
[4]: 128.088867 118.670052
[4]: 60.115215 67.263580
[4]: 126.857185 125.855522
[4]: 127.439026 131.628586
[4]: 130.331802 130.921097
[4]: 130.152725 113.843704
[4]: 130.949234 117.078583
[4]: 131.480545 123.219727
[4]: 126.871094 128.845459
[4]: 125.340683 137.093811
[4]: 127.091461 133.075012
[4]: 129.800583 118.086906
[4]: 123.194687 129.906662
[4]: 124.677597 74.227898
[4]: 125.814339 133.324158
[4]: 170.196533 140.945679
[4]: 129.114319 131.868683
[4]: 122.758987 128.115768
[3]: 170.536774 129.667557
[3]: 127.145332 129.926086
[3]: 126.376068 127.448074
[3]: 87.093193 60.540619
[3]: 129.362595 131.771637
[3]: 128.728485 126.479179
[3]: 129.888489 135.141663
[3]: 127.407509 130.633560
[3]: 126.680283 135.352875
[3]: 126.111435 125.978561
[3]: 125.272354 119.108917
[3]: 128.457748 127.657806
[3]: 127.504280 128.203644
[3]: 128.417542 132.660767
[3]: 127.122032 129.234131
[3]: 130.262177 131.750046
[3]: 128.276215 132.714172
[3]: 126.741898 155.685638
[3]: 127.244980 124.603302
[3]: 126.644073 122.442459
[3]: 127.584213 124.990410
[3]: 127.834457 136.959061
[3]: 127.087646 132.554504
[3]: 127.275856 128.384995
[3]: 128.488205 129.326920
[3]: 124.422318 120.673088
[3]: 127.962105 128.321609
[3]: 127.607018 128.891006
[3]: 128.197968 125.635117
[3]: 59.788982 64.354279
[3]: 128.953964 128.957504
[3]: 83.191719 117.774368
[3]: 127.596420 124.986511
[3]: 126.330528 121.671371
[2]: 168.034561 127.894775
[2]: 129.184586 136.264862
[2]: 131.344223 137.254089
[2]: 92.605774 113.327965
[2]: 130.498840 139.689117
[2]: 127.667999 126.364342
[2]: 130.013824 130.981094
[2]: 132.866180 128.233978
[2]: 135.406662 143.741364
[2]: 131.543167 136.178146
[2]: 119.209099 114.198883
[2]: 129.564453 130.096924
[2]: 132.939316 122.856323
[2]: 137.297134 141.394409
[2]: 132.437241 131.694214
[2]: 130.074890 125.654327
[2]: 137.109924 135.343277
[2]: 124.223228 68.268845
[2]: 130.002533 129.859833
[2]: 121.955910 117.726288
[2]: 129.592636 129.149658
[2]: 133.637344 144.983566
[2]: 136.409973 140.783249
[2]: 138.421722 136.607025
[2]: 127.032799 122.202629
[2]: 123.595253 115.770721
[2]: 123.260483 127.232552
[2]: 130.912582 141.488953
[2]: 120.810493 117.123810
[2]: 188.632889 187.028641
[2]: 122.632355 115.487915
[2]: 75.239052 115.701958
[2]: 133.865494 126.823853
[2]: 121.630898 119.795769
[1]: 83.906120 124.435265
[1]: 128.178040 126.022057
[1]: 134.364395 136.218262
[1]: 180.252396 195.582352
[1]: 129.882858 128.496063
[1]: 126.780586 127.885963
[1]: 131.193665 126.182396
[1]: 129.239944 126.707695
[1]: 134.221512 139.348587
[1]: 129.273544 128.695145
[1]: 118.515129 120.969055
[1]: 126.791786 129.116302
[1]: 132.952087 129.162750
[1]: 133.316086 133.181931
[1]: 132.485336 133.151993
[1]: 124.722252 118.258011
[1]: 138.520493 134.611816
[1]: 190.458588 191.817841
[1]: 130.579834 132.786499
[1]: 121.199814 122.490532
[1]: 125.872833 125.744560
[1]: 132.294785 135.743011
[1]: 133.637085 140.021667
[1]: 135.424515 134.113419
[1]: 129.686081 129.365189
[1]: 123.143654 119.186768
[1]: 123.513260 122.164551
[1]: 130.608856 136.165558
[1]: 126.490471 127.482735
[1]: 116.860779 131.550781
[1]: 125.388504 119.676590
[1]: 159.400330 117.413986
[1]: 131.211945 126.122925
[1]: 126.660576 130.843796
[0]: 122.568901 124.891190
[0]: 122.722382 117.632103
[0]: 114.670464 117.247887
[0]: 94.643723 91.521843
[0]: 117.363617 115.437042
[0]: 123.285294 129.795883
[0]: 113.722488 121.578682
[0]: 113.724632 123.861870
[0]: 102.094345 103.972305
[0]: 114.377724 121.032570
[0]: 157.546097 151.454742
[0]: 124.838165 124.158813
[0]: 116.140274 131.248230
[0]: 94.651283 105.238052
[0]: 111.789299 117.011108
[0]: 116.132942 130.063766
[0]: 96.788849 116.268654
[0]: 146.939957 155.970764
[0]: 120.988602 124.307205
[0]: 141.980820 141.321823
[0]: 122.871681 127.129501
[0]: 109.034081 105.662453
[0]: 101.770683 105.882210
[0]: 91.868973 112.333275
[0]: 122.761086 126.447815
[0]: 149.079681 147.295670
[0]: 141.835342 128.576889
[0]: 115.292290 112.386185
[0]: 145.342392 138.924698
[0]: 166.287323 185.904358
[0]: 141.786713 143.981277
[0]: 162.851151 146.401062
[0]: 110.127975 127.767845
[0]: 145.847763 137.356873
