[4]: 136.341064 132.432159
[4]: 126.819748 126.836334
[4]: 118.385399 117.904129
[4]: 169.112335 173.930054
[4]: 128.500702 124.594322
[4]: 127.032166 126.765602
[4]: 123.062141 122.387993
[4]: 127.352463 126.389420
[4]: 114.461983 111.252876
[4]: 123.147308 123.659187
[4]: 132.234741 133.923080
[4]: 130.632782 128.397034
[4]: 128.452072 127.930695
[4]: 123.983063 122.162163
[4]: 123.806320 123.592026
[4]: 133.044189 132.753708
[4]: 119.593361 118.670052
[4]: 66.540123 67.263580
[4]: 127.953087 125.855522
[4]: 128.041214 131.628586
[4]: 125.588287 130.921097
[4]: 111.340668 113.843704
[4]: 114.444031 117.078583
[4]: 121.812645 123.219727
[4]: 128.070877 128.845459
[4]: 133.643478 137.093811
[4]: 134.839188 133.075012
[4]: 118.592506 118.086906
[4]: 131.135513 129.906662
[4]: 70.765884 74.227898
[4]: 135.473694 133.324158
[4]: 135.186264 140.945679
[4]: 129.869797 131.868683
[4]: 129.194458 128.115768
[3]: 123.441322 129.667557
[3]: 128.707809 129.926086
[3]: 126.277725 127.448074
[3]: 61.658173 60.540619
[3]: 130.676498 131.771637
[3]: 127.436523 126.479179
[3]: 134.545074 135.141663
[3]: 128.725571 130.633560
[3]: 134.426224 135.352875
[3]: 126.762863 125.978561
[3]: 119.318939 119.108917
[3]: 124.578888 127.657806
[3]: 127.424652 128.203644
[3]: 131.330811 132.660767
[3]: 127.850876 129.234131
[3]: 132.056549 131.750046
[3]: 132.894363 132.714172
[3]: 164.810516 155.685638
[3]: 122.026665 124.603302
[3]: 125.092415 122.442459
[3]: 128.395630 124.990410
[3]: 141.585815 136.959061
[3]: 133.687592 132.554504
[3]: 131.100998 128.384995
[3]: 130.810135 129.326920
[3]: 123.668945 120.673088
[3]: 125.532089 128.321609
[3]: 128.388550 128.891006
[3]: 124.758537 125.635117
[3]: 67.551201 64.354279
[3]: 128.084473 128.957504
[3]: 124.734306 117.774368
[3]: 126.686249 124.986511
[3]: 122.965866 121.671371
[2]: 123.940987 127.894775
[2]: 133.687164 136.264862
[2]: 135.625351 137.254089
[2]: 109.260437 113.327965
[2]: 136.874878 139.689117
[2]: 125.460655 126.364342
[2]: 127.263702 130.981094
[2]: 128.397583 128.233978
[2]: 142.657928 143.741364
[2]: 138.240677 136.178146
[2]: 115.832672 114.198883
[2]: 125.227783 130.096924
[2]: 123.403236 122.856323
[2]: 139.733917 141.394409
[2]: 133.874954 131.694214
[2]: 125.343582 125.654327
[2]: 135.241562 135.343277
[2]: 66.652832 68.268845
[2]: 128.702301 129.859833
[2]: 122.824150 117.726288
[2]: 135.512421 129.149658
[2]: 148.812759 144.983566
[2]: 146.043732 140.783249
[2]: 137.895355 136.607025
[2]: 124.607277 122.202629
[2]: 118.681587 115.770721
[2]: 125.393600 127.232552
[2]: 138.537903 141.488953
[2]: 116.887466 117.123810
[2]: 183.932388 187.028641
[2]: 112.296913 115.487915
[2]: 120.148849 115.701958
[2]: 129.796509 126.823853
[2]: 120.662155 119.795769
[1]: 127.897354 124.435265
[1]: 127.097046 126.022057
[1]: 136.940933 136.218262
[1]: 196.927399 195.582352
[1]: 127.155952 128.496063
[1]: 127.612915 127.885963
[1]: 125.917664 126.182396
[1]: 125.843346 126.707695
[1]: 137.787308 139.348587
[1]: 127.996422 128.695145
[1]: 121.399841 120.969055
[1]: 129.299759 129.116302
[1]: 128.497818 129.162750
[1]: 134.945908 133.181931
[1]: 133.636887 133.151993
[1]: 117.983192 118.258011
[1]: 134.350357 134.611816
[1]: 189.509415 191.817841
[1]: 132.600708 132.786499
[1]: 123.526382 122.490532
[1]: 129.020462 125.744560
[1]: 137.409958 135.743011
[1]: 139.872299 140.021667
[1]: 133.959137 134.113419
[1]: 128.229187 129.365189
[1]: 118.942024 119.186768
[1]: 121.860237 122.164551
[1]: 136.255249 136.165558
[1]: 125.712143 127.482735
[1]: 134.305527 131.550781
[1]: 118.832527 119.676590
[1]: 115.395874 117.413986
[1]: 126.990738 126.122925
[1]: 129.546539 130.843796
[0]: 127.762749 124.891190
[0]: 120.504318 117.632103
[0]: 118.982712 117.247887
[0]: 96.602417 91.521843
[0]: 116.790749 115.437042
[0]: 129.762405 129.795883
[0]: 125.908035 121.578682
[0]: 125.683662 123.861870
[0]: 104.389458 103.972305
[0]: 119.236473 121.032570
[0]: 150.953156 151.454742
[0]: 130.088333 124.158813
[0]: 131.718582 131.248230
[0]: 104.384354 105.238052
[0]: 115.337944 117.011108
[0]: 130.047272 130.063766
[0]: 115.499138 116.268654
[0]: 152.679260 155.970764
[0]: 126.229561 124.307205
[0]: 135.759903 141.321823
[0]: 118.661537 127.129501
[0]: 97.378914 105.662453
[0]: 101.951424 105.882210
[0]: 109.564392 112.333275
[0]: 124.316681 126.447815
[0]: 144.962570 147.295670
[0]: 131.956879 128.576889
[0]: 115.447189 112.386185
[0]: 140.837158 138.924698
[0]: 187.365768 185.904358
[0]: 147.094818 143.981277
[0]: 142.470184 146.401062
[0]: 123.830597 127.767845
[0]: 135.291443 137.356873
