[4]: 92.745171 132.432159
[4]: 134.332703 126.836334
[4]: 129.339996 117.904129
[4]: 180.048676 173.930054
[4]: 134.141846 124.594322
[4]: 131.783981 126.765602
[4]: 128.312271 122.387993
[4]: 134.698212 126.389420
[4]: 130.682068 111.252876
[4]: 130.960510 123.659187
[4]: 122.453247 133.923080
[4]: 127.167336 128.397034
[4]: 124.935608 127.930695
[4]: 139.749207 122.162163
[4]: 125.843735 123.592026
[4]: 126.716064 132.753708
[4]: 130.872498 118.670052
[4]: 60.409805 67.263580
[4]: 129.373566 125.855522
[4]: 126.050911 131.628586
[4]: 133.097107 130.921097
[4]: 132.038895 113.843704
[4]: 131.942215 117.078583
[4]: 135.210007 123.219727
[4]: 126.766289 128.845459
[4]: 121.169487 137.093811
[4]: 127.948997 133.075012
[4]: 127.478409 118.086906
[4]: 121.733238 129.906662
[4]: 124.905815 74.227898
[4]: 125.118225 133.324158
[4]: 168.183304 140.945679
[4]: 129.862793 131.868683
[4]: 108.916634 128.115768
[3]: 170.929321 129.667557
[3]: 126.684669 129.926086
[3]: 125.614647 127.448074
[3]: 87.165962 60.540619
[3]: 129.728867 131.771637
[3]: 127.537781 126.479179
[3]: 128.319168 135.141663
[3]: 128.557175 130.633560
[3]: 127.072304 135.352875
[3]: 125.300682 125.978561
[3]: 125.471329 119.108917
[3]: 128.491837 127.657806
[3]: 127.681290 128.203644
[3]: 127.965637 132.660767
[3]: 126.902245 129.234131
[3]: 129.247253 131.750046
[3]: 126.964592 132.714172
[3]: 127.475494 155.685638
[3]: 126.918709 124.603302
[3]: 126.132835 122.442459
[3]: 126.878555 124.990410
[3]: 127.884476 136.959061
[3]: 127.298798 132.554504
[3]: 127.387703 128.384995
[3]: 128.173767 129.326920
[3]: 124.860596 120.673088
[3]: 128.863129 128.321609
[3]: 126.944748 128.891006
[3]: 128.405853 125.635117
[3]: 62.830330 64.354279
[3]: 129.193039 128.957504
[3]: 83.512138 117.774368
[3]: 127.944420 124.986511
[3]: 124.501007 121.671371
[2]: 169.421539 127.894775
[2]: 129.642075 136.264862
[2]: 130.173431 137.254089
[2]: 84.356606 113.327965
[2]: 128.092636 139.689117
[2]: 129.085068 126.364342
[2]: 127.173302 130.981094
[2]: 128.956833 128.233978
[2]: 127.747948 143.741364
[2]: 129.522141 136.178146
[2]: 126.460754 114.198883
[2]: 128.211594 130.096924
[2]: 128.575699 122.856323
[2]: 130.071777 141.394409
[2]: 128.422791 131.694214
[2]: 125.935326 125.654327
[2]: 130.817551 135.343277
[2]: 128.951309 68.268845
[2]: 129.679840 129.859833
[2]: 126.336273 117.726288
[2]: 129.390152 129.149658
[2]: 127.639648 144.983566
[2]: 129.558914 140.783249
[2]: 129.315872 136.607025
[2]: 125.474304 122.202629
[2]: 127.728340 115.770721
[2]: 126.416542 127.232552
[2]: 127.713600 141.488953
[2]: 125.767288 117.123810
[2]: 191.929672 187.028641
[2]: 126.447334 115.487915
[2]: 84.816109 115.701958
[2]: 127.622215 126.823853
[2]: 125.358574 119.795769
[1]: 85.314384 124.435265
[1]: 129.411469 126.022057
[1]: 138.068878 136.218262
[1]: 179.119781 195.582352
[1]: 132.209564 128.496063
[1]: 128.096741 127.885963
[1]: 126.120392 126.182396
[1]: 132.901535 126.707695
[1]: 131.983841 139.348587
[1]: 128.227020 128.695145
[1]: 120.752602 120.969055
[1]: 127.362114 129.116302
[1]: 131.303207 129.162750
[1]: 136.537872 133.181931
[1]: 132.208359 133.151993
[1]: 119.958038 118.258011
[1]: 139.846420 134.611816
[1]: 194.216446 191.817841
[1]: 134.849945 132.786499
[1]: 121.939636 122.490532
[1]: 126.015648 125.744560
[1]: 128.911682 135.743011
[1]: 134.575623 140.021667
[1]: 136.336060 134.113419
[1]: 125.430908 129.365189
[1]: 118.438728 119.186768
[1]: 124.131828 122.164551
[1]: 128.803329 136.165558
[1]: 127.313782 127.482735
[1]: 124.775475 131.550781
[1]: 126.815292 119.676590
[1]: 161.568832 117.413986
[1]: 127.473473 126.122925
[1]: 114.705566 130.843796
[0]: 83.160507 124.891190
[0]: 113.224136 117.632103
[0]: 108.619400 117.247887
[0]: 134.974594 91.521843
[0]: 112.166283 115.437042
[0]: 117.536255 129.795883
[0]: 126.341225 121.578682
[0]: 104.130600 123.861870
[0]: 114.771133 103.972305
[0]: 119.971016 121.032570
[0]: 149.130478 151.454742
[0]: 128.303574 124.158813
[0]: 126.106812 131.248230
[0]: 91.874481 105.238052
[0]: 119.997574 117.011108
[0]: 139.374023 130.063766
[0]: 103.092033 116.268654
[0]: 127.672058 155.970764
[0]: 112.565010 124.307205
[0]: 137.009476 141.321823
[0]: 120.302658 127.129501
[0]: 120.712471 105.662453
[0]: 109.650230 105.882210
[0]: 99.845268 112.333275
[0]: 131.964081 126.447815
[0]: 153.773331 147.295670
[0]: 133.401154 128.576889
[0]: 127.409698 112.386185
[0]: 138.071594 138.924698
[0]: 136.274948 185.904358
[0]: 134.394684 143.981277
[0]: 178.685333 146.401062
[0]: 123.337181 127.767845
[0]: 182.699417 137.356873
