[4]: 133.349823 132.432159
[4]: 126.323700 126.836334
[4]: 117.050270 117.904129
[4]: 173.095062 173.930054
[4]: 125.991501 124.594322
[4]: 126.412323 126.765602
[4]: 122.370316 122.387993
[4]: 127.626984 126.389420
[4]: 112.469742 111.252876
[4]: 122.892151 123.659187
[4]: 134.777710 133.923080
[4]: 129.281525 128.397034
[4]: 128.638260 127.930695
[4]: 122.991501 122.162163
[4]: 125.125557 123.592026
[4]: 134.106339 132.753708
[4]: 119.360229 118.670052
[4]: 67.268745 67.263580
[4]: 125.424393 125.855522
[4]: 131.305115 131.628586
[4]: 130.175034 130.921097
[4]: 113.758018 113.843704
[4]: 117.091484 117.078583
[4]: 122.529861 123.219727
[4]: 127.622856 128.845459
[4]: 136.757782 137.093811
[4]: 135.316864 133.075012
[4]: 117.553528 118.086906
[4]: 130.885330 129.906662
[4]: 73.482849 74.227898
[4]: 134.492294 133.324158
[4]: 139.782394 140.945679
[4]: 131.863800 131.868683
[4]: 129.529388 128.115768
[3]: 127.945763 129.667557
[3]: 129.881439 129.926086
[3]: 126.936691 127.448074
[3]: 60.639469 60.540619
[3]: 132.327469 131.771637
[3]: 127.249786 126.479179
[3]: 134.925278 135.141663
[3]: 129.662216 130.633560
[3]: 134.996490 135.352875
[3]: 126.382103 125.978561
[3]: 117.183273 119.108917
[3]: 126.349670 127.657806
[3]: 127.845955 128.203644
[3]: 132.285736 132.660767
[3]: 128.807816 129.234131
[3]: 131.542328 131.750046
[3]: 133.183273 132.714172
[3]: 157.259552 155.685638
[3]: 124.006874 124.603302
[3]: 122.624855 122.442459
[3]: 125.113640 124.990410
[3]: 137.370529 136.959061
[3]: 131.732864 132.554504
[3]: 130.090347 128.384995
[3]: 129.711456 129.326920
[3]: 120.655022 120.673088
[3]: 126.642357 128.321609
[3]: 129.249161 128.891006
[3]: 125.704178 125.635117
[3]: 64.846581 64.354279
[3]: 129.174362 128.957504
[3]: 120.032356 117.774368
[3]: 125.534584 124.986511
[3]: 122.043999 121.671371
[2]: 126.541222 127.894775
[2]: 137.081879 136.264862
[2]: 137.029175 137.254089
[2]: 112.151413 113.327965
[2]: 139.019608 139.689117
[2]: 126.495613 126.364342
[2]: 129.464523 130.981094
[2]: 127.946022 128.233978
[2]: 141.762634 143.741364
[2]: 137.776749 136.178146
[2]: 114.496887 114.198883
[2]: 128.489868 130.096924
[2]: 122.542580 122.856323
[2]: 140.011963 141.394409
[2]: 131.444992 131.694214
[2]: 124.740150 125.654327
[2]: 134.134674 135.343277
[2]: 67.466591 68.268845
[2]: 131.095764 129.859833
[2]: 117.268700 117.726288
[2]: 130.974319 129.149658
[2]: 144.815414 144.983566
[2]: 141.842377 140.783249
[2]: 137.979584 136.607025
[2]: 123.807449 122.202629
[2]: 115.492264 115.770721
[2]: 125.576462 127.232552
[2]: 141.005341 141.488953
[2]: 116.397385 117.123810
[2]: 186.128052 187.028641
[2]: 114.827538 115.487915
[2]: 116.999443 115.701958
[2]: 126.276352 126.823853
[2]: 119.194702 119.795769
[1]: 125.917870 124.435265
[1]: 126.004097 126.022057
[1]: 136.946014 136.218262
[1]: 196.108658 195.582352
[1]: 127.471428 128.496063
[1]: 127.648285 127.885963
[1]: 126.484573 126.182396
[1]: 126.973007 126.707695
[1]: 138.354736 139.348587
[1]: 128.913620 128.695145
[1]: 120.962570 120.969055
[1]: 129.982452 129.116302
[1]: 128.736526 129.162750
[1]: 133.549377 133.181931
[1]: 132.728256 133.151993
[1]: 118.048256 118.258011
[1]: 134.052200 134.611816
[1]: 190.861725 191.817841
[1]: 132.767761 132.786499
[1]: 123.794373 122.490532
[1]: 125.963654 125.744560
[1]: 136.404770 135.743011
[1]: 139.663605 140.021667
[1]: 133.371048 134.113419
[1]: 129.494080 129.365189
[1]: 119.849358 119.186768
[1]: 121.579460 122.164551
[1]: 135.525558 136.165558
[1]: 126.358360 127.482735
[1]: 132.015549 131.550781
[1]: 118.872169 119.676590
[1]: 116.287292 117.413986
[1]: 125.796455 126.122925
[1]: 129.117462 130.843796
[0]: 125.629723 124.891190
[0]: 117.338402 117.632103
[0]: 118.017525 117.247887
[0]: 92.126549 91.521843
[0]: 115.103691 115.437042
[0]: 129.458588 129.795883
[0]: 123.125519 121.578682
[0]: 123.600945 123.861870
[0]: 106.045364 103.972305
[0]: 119.394760 121.032570
[0]: 152.507812 151.454742
[0]: 125.378525 124.158813
[0]: 131.697342 131.248230
[0]: 105.668556 105.238052
[0]: 116.453094 117.011108
[0]: 130.161850 130.063766
[0]: 116.805840 116.268654
[0]: 155.754730 155.970764
[0]: 124.043983 124.307205
[0]: 140.628952 141.321823
[0]: 125.603096 127.129501
[0]: 104.558334 105.662453
[0]: 105.797165 105.882210
[0]: 110.405846 112.333275
[0]: 125.463921 126.447815
[0]: 147.420700 147.295670
[0]: 130.495621 128.576889
[0]: 113.628952 112.386185
[0]: 139.885132 138.924698
[0]: 186.592865 185.904358
[0]: 144.257126 143.981277
[0]: 145.218384 146.401062
[0]: 128.137543 127.767845
[0]: 137.994247 137.356873
