[4]: 133.567429 132.432159
[4]: 126.054565 126.836334
[4]: 116.941566 117.904129
[4]: 172.751740 173.930054
[4]: 126.570198 124.594322
[4]: 126.394188 126.765602
[4]: 122.221336 122.387993
[4]: 127.832993 126.389420
[4]: 113.296432 111.252876
[4]: 123.153030 123.659187
[4]: 134.741714 133.923080
[4]: 129.075729 128.397034
[4]: 129.147507 127.930695
[4]: 122.918907 122.162163
[4]: 125.108177 123.592026
[4]: 134.369949 132.753708
[4]: 120.394661 118.670052
[4]: 67.275108 67.263580
[4]: 125.261688 125.855522
[4]: 130.946625 131.628586
[4]: 129.905716 130.921097
[4]: 113.457520 113.843704
[4]: 117.260025 117.078583
[4]: 122.181305 123.219727
[4]: 127.851471 128.845459
[4]: 136.859528 137.093811
[4]: 135.699142 133.075012
[4]: 118.090805 118.086906
[4]: 130.697403 129.906662
[4]: 73.128471 74.227898
[4]: 134.466049 133.324158
[4]: 139.260895 140.945679
[4]: 132.105728 131.868683
[4]: 130.124283 128.115768
[3]: 126.841309 129.667557
[3]: 129.189148 129.926086
[3]: 127.188438 127.448074
[3]: 60.760719 60.540619
[3]: 131.982590 131.771637
[3]: 127.533539 126.479179
[3]: 135.106445 135.141663
[3]: 129.716599 130.633560
[3]: 134.517838 135.352875
[3]: 126.252792 125.978561
[3]: 117.396721 119.108917
[3]: 126.082390 127.657806
[3]: 127.346817 128.203644
[3]: 132.111984 132.660767
[3]: 128.914413 129.234131
[3]: 130.411240 131.750046
[3]: 132.986725 132.714172
[3]: 158.455063 155.685638
[3]: 124.195786 124.603302
[3]: 123.797737 122.442459
[3]: 125.828735 124.990410
[3]: 138.191177 136.959061
[3]: 131.493164 132.554504
[3]: 130.647644 128.384995
[3]: 129.979767 129.326920
[3]: 120.736427 120.673088
[3]: 125.714645 128.321609
[3]: 129.634598 128.891006
[3]: 125.855522 125.635117
[3]: 65.184067 64.354279
[3]: 129.024292 128.957504
[3]: 121.404839 117.774368
[3]: 125.727844 124.986511
[3]: 121.435898 121.671371
[2]: 126.507217 127.894775
[2]: 137.244003 136.264862
[2]: 136.626114 137.254089
[2]: 111.778091 113.327965
[2]: 138.480103 139.689117
[2]: 126.166496 126.364342
[2]: 129.205414 130.981094
[2]: 127.970657 128.233978
[2]: 141.451157 143.741364
[2]: 137.784073 136.178146
[2]: 114.165619 114.198883
[2]: 128.288651 130.096924
[2]: 122.386971 122.856323
[2]: 140.247116 141.394409
[2]: 131.541580 131.694214
[2]: 125.390244 125.654327
[2]: 133.807510 135.343277
[2]: 67.231239 68.268845
[2]: 130.961884 129.859833
[2]: 117.151108 117.726288
[2]: 131.178055 129.149658
[2]: 145.246872 144.983566
[2]: 141.690933 140.783249
[2]: 138.007339 136.607025
[2]: 123.732956 122.202629
[2]: 115.862373 115.770721
[2]: 125.273582 127.232552
[2]: 140.768845 141.488953
[2]: 116.626030 117.123810
[2]: 185.899216 187.028641
[2]: 115.538712 115.487915
[2]: 116.366081 115.701958
[2]: 126.252930 126.823853
[2]: 118.599075 119.795769
[1]: 126.455154 124.435265
[1]: 126.829231 126.022057
[1]: 137.240662 136.218262
[1]: 196.318863 195.582352
[1]: 127.176979 128.496063
[1]: 127.623749 127.885963
[1]: 126.638191 126.182396
[1]: 126.199661 126.707695
[1]: 138.173172 139.348587
[1]: 128.510834 128.695145
[1]: 120.555565 120.969055
[1]: 130.454071 129.116302
[1]: 128.513092 129.162750
[1]: 133.370193 133.181931
[1]: 132.684082 133.151993
[1]: 118.486526 118.258011
[1]: 133.840652 134.611816
[1]: 190.668472 191.817841
[1]: 133.006439 132.786499
[1]: 123.457558 122.490532
[1]: 126.029121 125.744560
[1]: 136.599136 135.743011
[1]: 139.880875 140.021667
[1]: 133.544922 134.113419
[1]: 129.042938 129.365189
[1]: 119.590118 119.186768
[1]: 121.545776 122.164551
[1]: 135.058319 136.165558
[1]: 126.227226 127.482735
[1]: 132.750641 131.550781
[1]: 118.648674 119.676590
[1]: 115.926071 117.413986
[1]: 125.740387 126.122925
[1]: 129.145218 130.843796
[0]: 126.002754 124.891190
[0]: 117.280724 117.632103
[0]: 118.055023 117.247887
[0]: 92.547661 91.521843
[0]: 115.739258 115.437042
[0]: 129.560242 129.795883
[0]: 123.208389 121.578682
[0]: 124.133125 123.861870
[0]: 106.297859 103.972305
[0]: 119.709724 121.032570
[0]: 153.111176 151.454742
[0]: 125.588654 124.158813
[0]: 132.115906 131.248230
[0]: 105.886337 105.238052
[0]: 116.311722 117.011108
[0]: 129.851120 130.063766
[0]: 116.534142 116.268654
[0]: 155.600967 155.970764
[0]: 123.925690 124.307205
[0]: 140.220093 141.321823
[0]: 124.789894 127.129501
[0]: 103.365967 105.662453
[0]: 105.868507 105.882210
[0]: 109.965729 112.333275
[0]: 125.500992 126.447815
[0]: 147.065964 147.295670
[0]: 131.397659 128.576889
[0]: 113.457932 112.386185
[0]: 139.824768 138.924698
[0]: 186.591492 185.904358
[0]: 143.884003 143.981277
[0]: 145.276672 146.401062
[0]: 127.716179 127.767845
[0]: 138.651855 137.356873
