[4]: 132.432159 133.426254
[4]: 126.836334 125.829407
[4]: 117.904129 117.020180
[4]: 173.930054 172.928940
[4]: 124.594322 126.548111
[4]: 126.765602 126.238014
[4]: 122.387993 122.026115
[4]: 126.389420 127.741180
[4]: 111.252876 113.438126
[4]: 123.659187 123.066071
[4]: 133.923080 135.040756
[4]: 128.397034 128.891754
[4]: 127.930695 129.143616
[4]: 122.162163 122.896980
[4]: 123.592026 124.950546
[4]: 132.753708 134.213715
[4]: 118.670052 120.250038
[4]: 67.263580 67.179062
[4]: 125.855522 125.135544
[4]: 131.628586 130.806534
[4]: 130.921097 129.918900
[4]: 113.843704 113.641876
[4]: 117.078583 117.114891
[4]: 123.219727 122.057129
[4]: 128.845459 127.768875
[4]: 137.093811 136.554123
[4]: 133.075012 135.632767
[4]: 118.086906 118.134674
[4]: 129.906662 130.440582
[4]: 74.227898 73.205330
[4]: 133.324158 134.434402
[4]: 140.945679 139.431870
[4]: 131.868683 132.216248
[4]: 128.115768 130.180481
[3]: 129.667557 126.936409
[3]: 129.926086 129.374268
[3]: 127.448074 127.214828
[3]: 60.540619 60.794624
[3]: 131.771637 132.140060
[3]: 126.479179 127.382393
[3]: 135.141663 135.176865
[3]: 130.633560 129.748535
[3]: 135.352875 134.323181
[3]: 125.978561 126.274666
[3]: 119.108917 117.110535
[3]: 127.657806 126.502769
[3]: 128.203644 127.217949
[3]: 132.660767 132.172882
[3]: 129.234131 128.805557
[3]: 131.750046 130.739395
[3]: 132.714172 132.984772
[3]: 155.685638 158.324265
[3]: 124.603302 124.131317
[3]: 122.442459 124.010933
[3]: 124.990410 125.657211
[3]: 136.959061 137.845322
[3]: 132.554504 131.622681
[3]: 128.384995 130.436066
[3]: 129.326920 129.962509
[3]: 120.673088 121.095932
[3]: 128.321609 125.942818
[3]: 128.891006 129.681427
[3]: 125.635117 125.979767
[3]: 64.354279 65.028984
[3]: 128.957504 129.125778
[3]: 117.774368 121.343254
[3]: 124.986511 125.615967
[3]: 121.671371 121.451996
[2]: 127.894775 126.617516
[2]: 136.264862 137.429657
[2]: 137.254089 136.506500
[2]: 113.327965 111.769112
[2]: 139.689117 138.422409
[2]: 126.364342 126.553917
[2]: 130.981094 129.322632
[2]: 128.233978 128.023590
[2]: 143.741364 141.382874
[2]: 136.178146 137.836700
[2]: 114.198883 113.738182
[2]: 130.096924 128.563721
[2]: 122.856323 122.443214
[2]: 141.394409 140.271454
[2]: 131.694214 131.738342
[2]: 125.654327 125.353790
[2]: 135.343277 133.573685
[2]: 68.268845 67.305092
[2]: 129.859833 131.042236
[2]: 117.726288 117.284447
[2]: 129.149658 130.699051
[2]: 144.983566 145.242920
[2]: 140.783249 141.731415
[2]: 136.607025 137.983734
[2]: 122.202629 123.809036
[2]: 115.770721 115.942139
[2]: 127.232552 125.438034
[2]: 141.488953 140.514465
[2]: 117.123810 116.822510
[2]: 187.028641 185.878464
[2]: 115.487915 115.265961
[2]: 115.701958 116.314499
[2]: 126.823853 126.333466
[2]: 119.795769 118.346375
[1]: 124.435265 126.653770
[1]: 126.022057 126.759422
[1]: 136.218262 137.268005
[1]: 195.582352 196.204224
[1]: 128.496063 127.257050
[1]: 127.885963 127.803078
[1]: 126.182396 126.593956
[1]: 126.707695 126.402084
[1]: 139.348587 138.421814
[1]: 128.695145 128.632950
[1]: 120.969055 120.758331
[1]: 129.116302 130.136093
[1]: 129.162750 128.473557
[1]: 133.181931 133.385925
[1]: 133.151993 132.630859
[1]: 118.258011 118.251923
[1]: 134.611816 134.015305
[1]: 191.817841 190.705826
[1]: 132.786499 133.179916
[1]: 122.490532 123.406281
[1]: 125.744560 126.264816
[1]: 135.743011 136.592087
[1]: 140.021667 139.907867
[1]: 134.113419 133.829651
[1]: 129.365189 129.033401
[1]: 119.186768 119.387093
[1]: 122.164551 121.545174
[1]: 136.165558 135.115128
[1]: 127.482735 126.201431
[1]: 131.550781 132.550613
[1]: 119.676590 118.703957
[1]: 117.413986 115.978714
[1]: 126.122925 125.589996
[1]: 130.843796 129.407837
[0]: 124.891190 125.730003
[0]: 117.632103 117.215363
[0]: 117.247887 118.037025
[0]: 91.521843 92.648399
[0]: 115.437042 115.585686
[0]: 129.795883 129.273438
[0]: 121.578682 123.265442
[0]: 123.861870 123.925697
[0]: 103.972305 106.174896
[0]: 121.032570 119.591957
[0]: 151.454742 153.293274
[0]: 124.158813 125.389488
[0]: 131.248230 132.240448
[0]: 105.238052 105.838333
[0]: 117.011108 116.471092
[0]: 130.063766 129.967270
[0]: 116.268654 116.763512
[0]: 155.970764 155.589462
[0]: 124.307205 123.857658
[0]: 141.321823 140.030502
[0]: 127.129501 125.228760
[0]: 105.662453 103.582512
[0]: 105.882210 105.837646
[0]: 112.333275 110.071815
[0]: 126.447815 125.547119
[0]: 147.295670 147.115540
[0]: 128.576889 131.049652
[0]: 112.386185 113.579414
[0]: 138.924698 139.765823
[0]: 185.904358 186.608887
[0]: 143.981277 144.019409
[0]: 146.401062 145.139328
[0]: 127.767845 127.807922
[0]: 137.356873 138.537155
