[4]: 132.432159 133.748383
[4]: 126.836334 126.444870
[4]: 117.904129 116.517723
[4]: 173.930054 172.601898
[4]: 124.594322 126.524414
[4]: 126.765602 126.355965
[4]: 122.387993 122.269882
[4]: 126.389420 127.998505
[4]: 111.252876 113.386993
[4]: 123.659187 123.281227
[4]: 133.923080 134.844070
[4]: 128.397034 128.552063
[4]: 127.930695 129.054260
[4]: 122.162163 122.930145
[4]: 123.592026 124.903214
[4]: 132.753708 134.369507
[4]: 118.670052 120.292175
[4]: 67.263580 67.465660
[4]: 125.855522 125.344620
[4]: 131.628586 130.859039
[4]: 130.921097 129.830994
[4]: 113.843704 113.540871
[4]: 117.078583 117.269493
[4]: 123.219727 121.988266
[4]: 128.845459 127.727280
[4]: 137.093811 137.146790
[4]: 133.075012 135.517014
[4]: 118.086906 118.351234
[4]: 129.906662 130.862503
[4]: 74.227898 72.895966
[4]: 133.324158 133.924942
[4]: 140.945679 138.871323
[4]: 131.868683 132.085297
[4]: 128.115768 129.807220
[3]: 129.667557 127.090683
[3]: 129.926086 129.234268
[3]: 127.448074 127.466362
[3]: 60.540619 60.958637
[3]: 131.771637 131.921570
[3]: 126.479179 127.408463
[3]: 135.141663 134.991653
[3]: 130.633560 129.705872
[3]: 135.352875 134.653030
[3]: 125.978561 126.288124
[3]: 119.108917 117.364449
[3]: 127.657806 126.222336
[3]: 128.203644 127.120102
[3]: 132.660767 132.180344
[3]: 129.234131 128.863892
[3]: 131.750046 130.396362
[3]: 132.714172 132.905106
[3]: 155.685638 159.038559
[3]: 124.603302 124.040970
[3]: 122.442459 124.035507
[3]: 124.990410 125.987198
[3]: 136.959061 137.839401
[3]: 132.554504 131.709610
[3]: 128.384995 130.452942
[3]: 129.326920 130.271500
[3]: 120.673088 121.229050
[3]: 128.321609 126.222725
[3]: 128.891006 129.507187
[3]: 125.635117 125.160683
[3]: 64.354279 65.251129
[3]: 128.957504 129.446228
[3]: 117.774368 121.117531
[3]: 124.986511 125.583740
[3]: 121.671371 121.614487
[2]: 127.894775 126.768822
[2]: 136.264862 136.895767
[2]: 137.254089 136.753754
[2]: 113.327965 111.451836
[2]: 139.689117 138.766342
[2]: 126.364342 126.832298
[2]: 130.981094 129.040039
[2]: 128.233978 128.431335
[2]: 143.741364 141.620255
[2]: 136.178146 137.960373
[2]: 114.198883 114.096489
[2]: 130.096924 128.335007
[2]: 122.856323 122.594101
[2]: 141.394409 140.115158
[2]: 131.694214 131.599045
[2]: 125.654327 125.413399
[2]: 135.343277 134.003662
[2]: 68.268845 67.184372
[2]: 129.859833 130.498093
[2]: 117.726288 117.415474
[2]: 129.149658 131.095932
[2]: 144.983566 145.269135
[2]: 140.783249 142.031021
[2]: 136.607025 138.232376
[2]: 122.202629 123.664673
[2]: 115.770721 115.359489
[2]: 127.232552 125.065628
[2]: 141.488953 140.265793
[2]: 117.123810 116.446892
[2]: 187.028641 185.715942
[2]: 115.487915 115.580299
[2]: 115.701958 116.818344
[2]: 126.823853 126.261803
[2]: 119.795769 119.069061
[1]: 124.435265 125.896446
[1]: 126.022057 126.966003
[1]: 136.218262 137.385910
[1]: 195.582352 196.485260
[1]: 128.496063 127.060280
[1]: 127.885963 127.452515
[1]: 126.182396 126.995476
[1]: 126.707695 125.828209
[1]: 139.348587 137.805527
[1]: 128.695145 128.600204
[1]: 120.969055 120.200096
[1]: 129.116302 130.601990
[1]: 129.162750 128.598175
[1]: 133.181931 133.415863
[1]: 133.151993 132.800690
[1]: 118.258011 118.266060
[1]: 134.611816 133.984879
[1]: 191.817841 190.588043
[1]: 132.786499 133.492752
[1]: 122.490532 123.024796
[1]: 125.744560 125.708359
[1]: 135.743011 136.715851
[1]: 140.021667 139.658844
[1]: 134.113419 133.837494
[1]: 129.365189 128.837646
[1]: 119.186768 118.952202
[1]: 122.164551 121.475357
[1]: 136.165558 135.297729
[1]: 127.482735 126.511307
[1]: 131.550781 133.189957
[1]: 119.676590 118.664536
[1]: 117.413986 116.369934
[1]: 126.122925 125.837021
[1]: 130.843796 128.958511
[0]: 124.891190 125.843689
[0]: 117.632103 117.039749
[0]: 117.247887 117.998970
[0]: 91.521843 92.926361
[0]: 115.437042 115.686340
[0]: 129.795883 129.212234
[0]: 121.578682 123.075966
[0]: 123.861870 123.871559
[0]: 103.972305 106.379128
[0]: 121.032570 119.268494
[0]: 151.454742 153.431259
[0]: 124.158813 125.805061
[0]: 131.248230 132.145477
[0]: 105.238052 105.948814
[0]: 117.011108 116.441154
[0]: 130.063766 130.020386
[0]: 116.268654 116.421715
[0]: 155.970764 155.297318
[0]: 124.307205 124.007484
[0]: 141.321823 140.207336
[0]: 127.129501 125.129730
[0]: 105.662453 103.608566
[0]: 105.882210 105.602631
[0]: 112.333275 109.883858
[0]: 126.447815 125.620872
[0]: 147.295670 147.377670
[0]: 128.576889 131.284927
[0]: 112.386185 113.667244
[0]: 138.924698 140.263763
[0]: 185.904358 186.664917
[0]: 143.981277 143.869156
[0]: 146.401062 144.941162
[0]: 127.767845 127.760750
[0]: 137.356873 138.493469
