[4]: 133.629837 132.432159
[4]: 126.198708 126.836334
[4]: 116.695152 117.904129
[4]: 172.823486 173.930054
[4]: 126.533798 124.594322
[4]: 126.566422 126.765602
[4]: 121.978439 122.387993
[4]: 128.387146 126.389420
[4]: 113.127075 111.252876
[4]: 122.926155 123.659187
[4]: 134.541626 133.923080
[4]: 128.755569 128.397034
[4]: 128.920319 127.930695
[4]: 122.926865 122.162163
[4]: 125.085930 123.592026
[4]: 134.224457 132.753708
[4]: 119.820328 118.670052
[4]: 67.415810 67.263580
[4]: 125.099983 125.855522
[4]: 131.020462 131.628586
[4]: 129.919922 130.921097
[4]: 113.626045 113.843704
[4]: 117.271049 117.078583
[4]: 122.230057 123.219727
[4]: 127.386589 128.845459
[4]: 137.021805 137.093811
[4]: 135.570923 133.075012
[4]: 117.994469 118.086906
[4]: 130.840698 129.906662
[4]: 73.044861 74.227898
[4]: 133.979065 133.324158
[4]: 138.935562 140.945679
[4]: 131.882477 131.868683
[4]: 129.703766 128.115768
[3]: 127.243820 129.667557
[3]: 129.243500 129.926086
[3]: 127.707657 127.448074
[3]: 60.968403 60.540619
[3]: 131.744324 131.771637
[3]: 127.368179 126.479179
[3]: 135.241867 135.141663
[3]: 129.415543 130.633560
[3]: 134.821716 135.352875
[3]: 126.495277 125.978561
[3]: 117.452682 119.108917
[3]: 126.445427 127.657806
[3]: 127.149330 128.203644
[3]: 132.010452 132.660767
[3]: 128.706955 129.234131
[3]: 130.642349 131.750046
[3]: 133.002960 132.714172
[3]: 158.651245 155.685638
[3]: 123.889366 124.603302
[3]: 124.028870 122.442459
[3]: 126.120857 124.990410
[3]: 137.756653 136.959061
[3]: 131.777252 132.554504
[3]: 130.253876 128.384995
[3]: 130.416397 129.326920
[3]: 121.026993 120.673088
[3]: 126.124832 128.321609
[3]: 129.405792 128.891006
[3]: 125.305450 125.635117
[3]: 65.040802 64.354279
[3]: 129.352661 128.957504
[3]: 121.168449 117.774368
[3]: 125.740265 124.986511
[3]: 121.786766 121.671371
[2]: 126.702477 127.894775
[2]: 137.160675 136.264862
[2]: 136.576477 137.254089
[2]: 111.511673 113.327965
[2]: 138.651154 139.689117
[2]: 126.810150 126.364342
[2]: 129.347168 130.981094
[2]: 127.994980 128.233978
[2]: 141.725830 143.741364
[2]: 138.015945 136.178146
[2]: 114.274170 114.198883
[2]: 128.367340 130.096924
[2]: 122.612099 122.856323
[2]: 140.200531 141.394409
[2]: 131.713882 131.694214
[2]: 125.319038 125.654327
[2]: 134.139633 135.343277
[2]: 67.110947 68.268845
[2]: 130.729584 129.859833
[2]: 117.424324 117.726288
[2]: 130.955368 129.149658
[2]: 145.046707 144.983566
[2]: 141.749817 140.783249
[2]: 138.055313 136.607025
[2]: 123.868332 122.202629
[2]: 115.389259 115.770721
[2]: 125.148643 127.232552
[2]: 140.487930 141.488953
[2]: 116.496613 117.123810
[2]: 185.669647 187.028641
[2]: 115.425125 115.487915
[2]: 116.615448 115.701958
[2]: 126.365982 126.823853
[2]: 119.098427 119.795769
[1]: 125.902328 124.435265
[1]: 127.033699 126.022057
[1]: 137.332794 136.218262
[1]: 196.415985 195.582352
[1]: 127.109894 128.496063
[1]: 127.555374 127.885963
[1]: 127.163200 126.182396
[1]: 126.064911 126.707695
[1]: 137.789322 139.348587
[1]: 128.683243 128.695145
[1]: 120.263519 120.969055
[1]: 130.424698 129.116302
[1]: 128.770416 129.162750
[1]: 133.359879 133.181931
[1]: 132.717880 133.151993
[1]: 118.027161 118.258011
[1]: 134.150208 134.611816
[1]: 190.639969 191.817841
[1]: 133.620285 132.786499
[1]: 122.931671 122.490532
[1]: 125.722626 125.744560
[1]: 136.532181 135.743011
[1]: 139.226013 140.021667
[1]: 133.836868 134.113419
[1]: 129.096420 129.365189
[1]: 119.149818 119.186768
[1]: 121.576622 122.164551
[1]: 135.498322 136.165558
[1]: 126.391937 127.482735
[1]: 133.094711 131.550781
[1]: 118.800682 119.676590
[1]: 116.359795 117.413986
[1]: 125.909172 126.122925
[1]: 128.829559 130.843796
[0]: 125.892563 124.891190
[0]: 116.929634 117.632103
[0]: 117.729721 117.247887
[0]: 92.707352 91.521843
[0]: 115.932045 115.437042
[0]: 128.934448 129.795883
[0]: 122.583054 121.578682
[0]: 123.982025 123.861870
[0]: 106.305809 103.972305
[0]: 119.254364 121.032570
[0]: 153.448425 151.454742
[0]: 125.495056 124.158813
[0]: 132.054459 131.248230
[0]: 106.075615 105.238052
[0]: 116.361465 117.011108
[0]: 130.314499 130.063766
[0]: 116.457634 116.268654
[0]: 155.504684 155.970764
[0]: 124.030106 124.307205
[0]: 140.158112 141.321823
[0]: 125.030968 127.129501
[0]: 103.975739 105.662453
[0]: 106.242493 105.882210
[0]: 109.995354 112.333275
[0]: 125.325935 126.447815
[0]: 147.541504 147.295670
[0]: 131.171875 128.576889
[0]: 113.654022 112.386185
[0]: 140.224854 138.924698
[0]: 186.684479 185.904358
[0]: 143.974533 143.981277
[0]: 145.110962 146.401062
[0]: 127.635872 127.767845
[0]: 138.533157 137.356873
