[19]: 1999  8 27  6 15 FLORENCE    7.1   5.2  125  119 1992  2  3 12  1 NADINE      7.4   3.2   23  178
[18]: 1990 11 26  6 15 TONY        7.2   5.6  132  735 1979  2  4  0 13 WILLIAM     7.4   3.2   78  193
[17]: 1990 11 26  6 15 TONY        7.2   5.6  132  735 1978 12 14  0  5 JOYCE       7.1   4.3   43  618
[16]: 1976  8  7  6 14 BERYL       7.2   4.6   90   20 2002 10 19 18 18 RAFAEL      7.5   4.0  119  767
[15]: 1978 12 14  0  5 JOYCE       7.1   4.3   43  618 1976  1  1 18 28 BERYL       7.5   3.2   99  534
[14]: 1999  8 27  6 15 FLORENCE    7.1   5.2  125  119 2002 10 19 18 18 RAFAEL      7.5   4.0  119  767
[13]: 2003 10 15 18  7 GORDON      7.0   5.5   96  195 1974  7 19 12 11 FLORENCE    7.4   3.6  103  215
[12]: 1964  6 25 12  9 ISAAC       7.1   5.8  132  283 1999 12 20  6 11 ISAAC       8.0   4.3   31  641
[11]: 1970  1 28 12 11 ISAAC       7.0   6.0   78   92 1976  6  3 12  8 JOYCE       7.3   6.0   77  627
[10]: 1962  1 15  0 20 OSCAR       7.2   4.7   94  108 1981  2 21  6 22 GORDON      7.9   4.7   31  769
[9]: 1975  9 11  6 10 ALBERTO     7.2   5.5   37  230 1959  2 10  6 18 ERNESTO     7.6   5.9   94  206
[8]: 1975  9 11  6 10 ALBERTO     7.2   5.5   37  230 1998 11 12 12  8 KIRK        8.0   4.3  106   64
[7]: 2003 10 15 18  7 GORDON      7.0   5.5   96  195 1974  7 19 12 11 FLORENCE    7.4   3.6  103  215
[6]: 1964  6 25 12  9 ISAAC       7.1   5.8  132  283 1974 11 26 18 24 TONY        7.8   4.3   84  480
[5]: 1978 12 14  0  5 JOYCE       7.1   4.3   43  618 1992  2  3 12  1 NADINE      7.4   3.2   23  178
[4]: 1962  1 15  0 20 OSCAR       7.2   4.7   94  108 1981  5 20 12  5 OSCAR       7.9   5.7  151  145
[3]: 2004  1 24 18 16 LESLIE      7.2   5.0   27  621 1974 11 26 18 24 TONY        7.8   4.3   84  480
[2]: 1970  1 28 12 11 ISAAC       7.0   6.0   78   92 1978 12 14  0  5 JOYCE       7.1   4.3   43  618
[1]: 2004  1 24 18 16 LESLIE      7.2   5.0   27  621 1966  4  5  6 25 KIRK        7.5   5.7   40  586
[0]: 1976  8  7  6 14 BERYL       7.2   4.6   90   20 1959  2 10  6 18 ERNESTO     7.6   5.9   94  206
