[4]: 132.777634 132.432159
[4]: 126.066017 126.836334
[4]: 117.430527 117.904129
[4]: 176.546036 173.930054
[4]: 123.030823 124.594322
[4]: 126.512436 126.765602
[4]: 122.346313 122.387993
[4]: 125.503853 126.389420
[4]: 110.344009 111.252876
[4]: 124.981171 123.659187
[4]: 135.502899 133.923080
[4]: 130.475647 128.397034
[4]: 126.267258 127.930695
[4]: 122.485657 122.162163
[4]: 123.392548 123.592026
[4]: 131.321686 132.753708
[4]: 117.477791 118.670052
[4]: 67.674904 67.263580
[4]: 126.755302 125.855522
[4]: 130.907761 131.628586
[4]: 130.422501 130.921097
[4]: 113.702309 113.843704
[4]: 116.298401 117.078583
[4]: 124.176773 123.219727
[4]: 129.826172 128.845459
[4]: 133.317398 137.093811
[4]: 132.425919 133.075012
[4]: 117.526573 118.086906
[4]: 128.625488 129.906662
[4]: 76.421310 74.227898
[4]: 133.770233 133.324158
[4]: 141.871613 140.945679
[4]: 131.690002 131.868683
[4]: 127.526413 128.115768
[3]: 130.216843 129.667557
[3]: 129.445404 129.926086
[3]: 127.578346 127.448074
[3]: 61.447487 60.540619
[3]: 131.065399 131.771637
[3]: 126.168411 126.479179
[3]: 135.007782 135.141663
[3]: 130.378937 130.633560
[3]: 135.086823 135.352875
[3]: 124.230415 125.978561
[3]: 119.162399 119.108917
[3]: 126.499847 127.657806
[3]: 129.609726 128.203644
[3]: 131.821014 132.660767
[3]: 128.993439 129.234131
[3]: 132.789566 131.750046
[3]: 132.975937 132.714172
[3]: 154.614288 155.685638
[3]: 123.937927 124.603302
[3]: 123.527916 122.442459
[3]: 126.080276 124.990410
[3]: 136.488510 136.959061
[3]: 133.025375 132.554504
[3]: 127.898827 128.384995
[3]: 128.929062 129.326920
[3]: 122.377388 120.673088
[3]: 127.802666 128.321609
[3]: 130.293182 128.891006
[3]: 127.572639 125.635117
[3]: 63.180676 64.354279
[3]: 129.547501 128.957504
[3]: 118.163399 117.774368
[3]: 125.202347 124.986511
[3]: 121.124771 121.671371
[2]: 127.751526 127.894775
[2]: 134.888672 136.264862
[2]: 138.626083 137.254089
[2]: 110.155037 113.327965
[2]: 141.381210 139.689117
[2]: 126.604668 126.364342
[2]: 131.603149 130.981094
[2]: 129.061356 128.233978
[2]: 145.395096 143.741364
[2]: 135.238297 136.178146
[2]: 113.724014 114.198883
[2]: 128.522141 130.096924
[2]: 124.403671 122.856323
[2]: 140.747269 141.394409
[2]: 130.865814 131.694214
[2]: 127.173645 125.654327
[2]: 136.825714 135.343277
[2]: 68.350334 68.268845
[2]: 129.841599 129.859833
[2]: 117.487411 117.726288
[2]: 130.559906 129.149658
[2]: 144.775421 144.983566
[2]: 142.309998 140.783249
[2]: 135.575714 136.607025
[2]: 121.439445 122.202629
[2]: 118.492218 115.770721
[2]: 127.782883 127.232552
[2]: 143.603943 141.488953
[2]: 117.967598 117.123810
[2]: 185.711975 187.028641
[2]: 114.646858 115.487915
[2]: 115.846245 115.701958
[2]: 127.474655 126.823853
[2]: 121.676933 119.795769
[1]: 123.214180 124.435265
[1]: 127.144905 126.022057
[1]: 137.545319 136.218262
[1]: 195.345306 195.582352
[1]: 130.389420 128.496063
[1]: 127.968422 127.885963
[1]: 127.157364 126.182396
[1]: 127.184303 126.707695
[1]: 140.890930 139.348587
[1]: 128.210236 128.695145
[1]: 120.343063 120.969055
[1]: 129.201645 129.116302
[1]: 129.918411 129.162750
[1]: 133.745178 133.181931
[1]: 133.028259 133.151993
[1]: 118.489128 118.258011
[1]: 135.798431 134.611816
[1]: 191.218674 191.817841
[1]: 132.334702 132.786499
[1]: 122.632942 122.490532
[1]: 124.889000 125.744560
[1]: 135.993958 135.743011
[1]: 139.372009 140.021667
[1]: 134.023453 134.113419
[1]: 128.996979 129.365189
[1]: 121.305367 119.186768
[1]: 122.483086 122.164551
[1]: 135.207214 136.165558
[1]: 128.090561 127.482735
[1]: 133.404053 131.550781
[1]: 120.651909 119.676590
[1]: 117.412262 117.413986
[1]: 126.218048 126.122925
[1]: 131.654617 130.843796
[0]: 125.396004 124.891190
[0]: 119.150543 117.632103
[0]: 114.498444 117.247887
[0]: 91.211021 91.521843
[0]: 113.847725 115.437042
[0]: 130.098282 129.795883
[0]: 119.867195 121.578682
[0]: 123.611954 123.861870
[0]: 101.337341 103.972305
[0]: 123.082970 121.032570
[0]: 151.268646 151.454742
[0]: 124.759384 124.158813
[0]: 128.966431 131.248230
[0]: 105.586693 105.238052
[0]: 118.353264 117.011108
[0]: 128.610916 130.063766
[0]: 114.118530 116.268654
[0]: 156.338470 155.970764
[0]: 124.564285 124.307205
[0]: 141.209122 141.321823
[0]: 125.941338 127.129501
[0]: 105.914604 105.662453
[0]: 104.914780 105.882210
[0]: 112.846077 112.333275
[0]: 126.983299 126.447815
[0]: 144.534256 147.295670
[0]: 128.970932 128.576889
[0]: 110.005447 112.386185
[0]: 136.663696 138.924698
[0]: 185.872467 185.904358
[0]: 142.837173 143.981277
[0]: 145.190598 146.401062
[0]: 126.961929 127.767845
[0]: 135.783264 137.356873
