[4]: 133.486206 132.432159
[4]: 126.242233 126.836334
[4]: 116.974632 117.904129
[4]: 172.833313 173.930054
[4]: 126.457520 124.594322
[4]: 126.346878 126.765602
[4]: 122.212990 122.387993
[4]: 127.811905 126.389420
[4]: 113.281906 111.252876
[4]: 123.200981 123.659187
[4]: 134.675568 133.923080
[4]: 129.067413 128.397034
[4]: 129.066391 127.930695
[4]: 122.638741 122.162163
[4]: 125.164543 123.592026
[4]: 134.191498 132.753708
[4]: 120.302612 118.670052
[4]: 67.223343 67.263580
[4]: 125.392555 125.855522
[4]: 130.732391 131.628586
[4]: 129.977310 130.921097
[4]: 113.447090 113.843704
[4]: 117.167549 117.078583
[4]: 121.780212 123.219727
[4]: 127.872444 128.845459
[4]: 136.583649 137.093811
[4]: 135.341812 133.075012
[4]: 117.873787 118.086906
[4]: 130.594482 129.906662
[4]: 73.153320 74.227898
[4]: 134.395248 133.324158
[4]: 139.253540 140.945679
[4]: 132.035568 131.868683
[4]: 129.880508 128.115768
[3]: 127.055336 129.667557
[3]: 129.215881 129.926086
[3]: 127.306404 127.448074
[3]: 60.895809 60.540619
[3]: 132.080231 131.771637
[3]: 127.552956 126.479179
[3]: 135.169434 135.141663
[3]: 129.799896 130.633560
[3]: 134.436127 135.352875
[3]: 126.162102 125.978561
[3]: 117.309219 119.108917
[3]: 126.299072 127.657806
[3]: 127.254196 128.203644
[3]: 132.327316 132.660767
[3]: 128.752914 129.234131
[3]: 130.501450 131.750046
[3]: 132.826355 132.714172
[3]: 158.658859 155.685638
[3]: 123.944038 124.603302
[3]: 124.185127 122.442459
[3]: 125.752281 124.990410
[3]: 137.754471 136.959061
[3]: 131.636230 132.554504
[3]: 130.728561 128.384995
[3]: 130.128235 129.326920
[3]: 121.024582 120.673088
[3]: 126.242020 128.321609
[3]: 129.729645 128.891006
[3]: 125.455162 125.635117
[3]: 65.118393 64.354279
[3]: 129.130966 128.957504
[3]: 121.309296 117.774368
[3]: 125.636070 124.986511
[3]: 121.518539 121.671371
[2]: 126.860207 127.894775
[2]: 137.127289 136.264862
[2]: 136.583084 137.254089
[2]: 111.646568 113.327965
[2]: 138.632462 139.689117
[2]: 126.499207 126.364342
[2]: 129.023178 130.981094
[2]: 128.193085 128.233978
[2]: 141.628174 143.741364
[2]: 137.831924 136.178146
[2]: 114.024933 114.198883
[2]: 128.403381 130.096924
[2]: 122.390633 122.856323
[2]: 140.438263 141.394409
[2]: 131.501190 131.694214
[2]: 125.536163 125.654327
[2]: 133.806351 135.343277
[2]: 67.357658 68.268845
[2]: 130.724548 129.859833
[2]: 117.325714 117.726288
[2]: 130.926315 129.149658
[2]: 145.383865 144.983566
[2]: 141.842361 140.783249
[2]: 138.223434 136.607025
[2]: 123.592880 122.202629
[2]: 115.741753 115.770721
[2]: 125.420746 127.232552
[2]: 140.666794 141.488953
[2]: 116.601479 117.123810
[2]: 185.752991 187.028641
[2]: 115.437149 115.487915
[2]: 116.499840 115.701958
[2]: 126.280067 126.823853
[2]: 118.926476 119.795769
[1]: 126.354156 124.435265
[1]: 126.723877 126.022057
[1]: 137.104340 136.218262
[1]: 196.405594 195.582352
[1]: 127.208046 128.496063
[1]: 127.733681 127.885963
[1]: 126.658211 126.182396
[1]: 126.257294 126.707695
[1]: 138.141525 139.348587
[1]: 128.635422 128.695145
[1]: 120.597137 120.969055
[1]: 130.393921 129.116302
[1]: 128.519180 129.162750
[1]: 133.440750 133.181931
[1]: 132.656418 133.151993
[1]: 118.409477 118.258011
[1]: 133.924683 134.611816
[1]: 190.646927 191.817841
[1]: 133.210999 132.786499
[1]: 123.298065 122.490532
[1]: 125.948570 125.744560
[1]: 136.695328 135.743011
[1]: 139.817947 140.021667
[1]: 133.697586 134.113419
[1]: 128.999771 129.365189
[1]: 119.522682 119.186768
[1]: 121.495758 122.164551
[1]: 135.105347 136.165558
[1]: 126.510696 127.482735
[1]: 132.781845 131.550781
[1]: 118.496925 119.676590
[1]: 116.125885 117.413986
[1]: 125.800438 126.122925
[1]: 129.043182 130.843796
[0]: 125.592758 124.891190
[0]: 117.287003 117.632103
[0]: 118.097702 117.247887
[0]: 92.646599 91.521843
[0]: 115.552681 115.437042
[0]: 129.107773 129.795883
[0]: 123.313927 121.578682
[0]: 123.760040 123.861870
[0]: 106.261292 103.972305
[0]: 119.564804 121.032570
[0]: 153.369049 151.454742
[0]: 125.311516 124.158813
[0]: 132.299469 131.248230
[0]: 105.685905 105.238052
[0]: 116.518967 117.011108
[0]: 129.858948 130.063766
[0]: 116.728134 116.268654
[0]: 155.405701 155.970764
[0]: 124.102776 124.307205
[0]: 140.007828 141.321823
[0]: 125.156616 127.129501
[0]: 103.611679 105.662453
[0]: 105.740860 105.882210
[0]: 109.925606 112.333275
[0]: 125.521973 126.447815
[0]: 147.240051 147.295670
[0]: 131.096237 128.576889
[0]: 113.654854 112.386185
[0]: 140.089966 138.924698
[0]: 186.626038 185.904358
[0]: 144.101837 143.981277
[0]: 145.007141 146.401062
[0]: 127.801064 127.767845
[0]: 138.591904 137.356873
