[4]: 136.900620 132.432159
[4]: 125.507187 126.836334
[4]: 118.655586 117.904129
[4]: 175.717636 173.930054
[4]: 125.008759 124.594322
[4]: 125.930847 126.765602
[4]: 124.927689 122.387993
[4]: 124.839043 126.389420
[4]: 110.077911 111.252876
[4]: 124.897064 123.659187
[4]: 134.461945 133.923080
[4]: 134.301712 128.397034
[4]: 127.273842 127.930695
[4]: 124.912460 122.162163
[4]: 119.692375 123.592026
[4]: 132.035522 132.753708
[4]: 117.884430 118.670052
[4]: 68.124565 67.263580
[4]: 128.863678 125.855522
[4]: 128.000717 131.628586
[4]: 128.434875 130.921097
[4]: 110.208244 113.843704
[4]: 112.955162 117.078583
[4]: 125.689850 123.219727
[4]: 129.364853 128.845459
[4]: 131.943405 137.093811
[4]: 131.567886 133.075012
[4]: 117.946640 118.086906
[4]: 130.415848 129.906662
[4]: 76.022102 74.227898
[4]: 133.622589 133.324158
[4]: 134.864929 140.945679
[4]: 130.008286 131.868683
[4]: 123.265472 128.115768
[3]: 123.567116 129.667557
[3]: 129.695190 129.926086
[3]: 125.787651 127.448074
[3]: 61.785236 60.540619
[3]: 129.691528 131.771637
[3]: 126.429451 126.479179
[3]: 133.683502 135.141663
[3]: 129.575531 130.633560
[3]: 136.213135 135.352875
[3]: 124.659882 125.978561
[3]: 120.452293 119.108917
[3]: 122.950966 127.657806
[3]: 128.076233 128.203644
[3]: 131.226456 132.660767
[3]: 130.845032 129.234131
[3]: 132.017075 131.750046
[3]: 132.114441 132.714172
[3]: 157.425476 155.685638
[3]: 122.537651 124.603302
[3]: 123.367477 122.442459
[3]: 127.050362 124.990410
[3]: 140.833572 136.959061
[3]: 132.089874 132.554504
[3]: 128.494934 128.384995
[3]: 127.875114 129.326920
[3]: 123.556984 120.673088
[3]: 127.420952 128.321609
[3]: 128.739166 128.891006
[3]: 127.260368 125.635117
[3]: 63.118881 64.354279
[3]: 130.153107 128.957504
[3]: 124.809402 117.774368
[3]: 127.175011 124.986511
[3]: 125.192780 121.671371
[2]: 124.363495 127.894775
[2]: 135.738632 136.264862
[2]: 136.063568 137.254089
[2]: 111.519653 113.327965
[2]: 142.154694 139.689117
[2]: 129.638123 126.364342
[2]: 126.707825 130.981094
[2]: 131.613617 128.233978
[2]: 145.844498 143.741364
[2]: 138.540436 136.178146
[2]: 112.557495 114.198883
[2]: 122.068657 130.096924
[2]: 121.700714 122.856323
[2]: 138.084747 141.394409
[2]: 133.368591 131.694214
[2]: 125.979057 125.654327
[2]: 140.599869 135.343277
[2]: 68.192062 68.268845
[2]: 127.357513 129.859833
[2]: 126.279716 117.726288
[2]: 132.387436 129.149658
[2]: 151.790558 144.983566
[2]: 148.894226 140.783249
[2]: 133.571655 136.607025
[2]: 122.271149 122.202629
[2]: 121.250443 115.770721
[2]: 130.830017 127.232552
[2]: 143.060486 141.488953
[2]: 115.952049 117.123810
[2]: 182.525391 187.028641
[2]: 115.299454 115.487915
[2]: 123.043587 115.701958
[2]: 126.627930 126.823853
[2]: 127.503395 119.795769
[1]: 126.212112 124.435265
[1]: 127.886375 126.022057
[1]: 138.010422 136.218262
[1]: 195.287033 195.582352
[1]: 128.137573 128.496063
[1]: 127.230576 127.885963
[1]: 125.674492 126.182396
[1]: 125.975594 126.707695
[1]: 139.108368 139.348587
[1]: 127.224625 128.695145
[1]: 122.151863 120.969055
[1]: 127.875557 129.116302
[1]: 129.484161 129.162750
[1]: 133.442917 133.181931
[1]: 135.043564 133.151993
[1]: 118.979607 118.258011
[1]: 135.301712 134.611816
[1]: 191.757462 191.817841
[1]: 131.701370 132.786499
[1]: 123.937050 122.490532
[1]: 126.936737 125.744560
[1]: 138.025497 135.743011
[1]: 139.943848 140.021667
[1]: 131.349213 134.113419
[1]: 126.519547 129.365189
[1]: 122.877411 119.186768
[1]: 123.720764 122.164551
[1]: 135.755371 136.165558
[1]: 127.355324 127.482735
[1]: 134.875244 131.550781
[1]: 120.954887 119.676590
[1]: 117.321953 117.413986
[1]: 126.073151 126.122925
[1]: 131.981842 130.843796
[0]: 128.520691 124.891190
[0]: 117.956207 117.632103
[0]: 117.624619 117.247887
[0]: 89.336472 91.521843
[0]: 115.231865 115.437042
[0]: 128.002914 129.795883
[0]: 125.592369 121.578682
[0]: 123.959885 123.861870
[0]: 102.523094 103.972305
[0]: 120.396507 121.032570
[0]: 149.680893 151.454742
[0]: 132.805252 124.158813
[0]: 132.882309 131.248230
[0]: 107.199112 105.238052
[0]: 115.620079 117.011108
[0]: 129.447479 130.063766
[0]: 111.531990 116.268654
[0]: 152.083221 155.970764
[0]: 127.150185 124.307205
[0]: 133.487335 141.321823
[0]: 122.843651 127.129501
[0]: 95.845879 105.662453
[0]: 102.470917 105.882210
[0]: 115.884453 112.333275
[0]: 130.453552 126.447815
[0]: 139.709717 147.295670
[0]: 125.692863 128.576889
[0]: 111.648903 112.386185
[0]: 137.815857 138.924698
[0]: 187.523010 185.904358
[0]: 141.015991 143.981277
[0]: 137.485718 146.401062
[0]: 127.628036 127.767845
[0]: 129.195511 137.356873
