[4]: 133.440079 132.432159
[4]: 126.379601 126.836334
[4]: 116.982086 117.904129
[4]: 172.931198 173.930054
[4]: 126.337906 124.594322
[4]: 126.323318 126.765602
[4]: 121.931755 122.387993
[4]: 127.777740 126.389420
[4]: 112.851936 111.252876
[4]: 123.011177 123.659187
[4]: 134.549942 133.923080
[4]: 128.891327 128.397034
[4]: 128.932465 127.930695
[4]: 122.758324 122.162163
[4]: 125.222572 123.592026
[4]: 134.235260 132.753708
[4]: 119.562378 118.670052
[4]: 67.197922 67.263580
[4]: 125.465523 125.855522
[4]: 130.799149 131.628586
[4]: 129.978760 130.921097
[4]: 113.863029 113.843704
[4]: 117.027740 117.078583
[4]: 122.198242 123.219727
[4]: 127.586639 128.845459
[4]: 136.942612 137.093811
[4]: 135.495712 133.075012
[4]: 117.777504 118.086906
[4]: 130.952835 129.906662
[4]: 73.240967 74.227898
[4]: 134.425568 133.324158
[4]: 139.349564 140.945679
[4]: 131.788757 131.868683
[4]: 129.671051 128.115768
[3]: 127.336258 129.667557
[3]: 129.233505 129.926086
[3]: 127.234917 127.448074
[3]: 60.661163 60.540619
[3]: 132.217773 131.771637
[3]: 127.511230 126.479179
[3]: 135.514206 135.141663
[3]: 129.605057 130.633560
[3]: 134.592529 135.352875
[3]: 126.447685 125.978561
[3]: 117.619377 119.108917
[3]: 126.623131 127.657806
[3]: 127.246262 128.203644
[3]: 132.241653 132.660767
[3]: 128.608810 129.234131
[3]: 130.866028 131.750046
[3]: 133.083099 132.714172
[3]: 158.053680 155.685638
[3]: 124.011421 124.603302
[3]: 123.920654 122.442459
[3]: 125.645279 124.990410
[3]: 137.325150 136.959061
[3]: 131.734406 132.554504
[3]: 130.355896 128.384995
[3]: 130.022217 129.326920
[3]: 120.804916 120.673088
[3]: 126.523125 128.321609
[3]: 129.500046 128.891006
[3]: 125.557869 125.635117
[3]: 64.830193 64.354279
[3]: 129.151413 128.957504
[3]: 120.950623 117.774368
[3]: 125.718132 124.986511
[3]: 121.692780 121.671371
[2]: 126.660484 127.894775
[2]: 137.182938 136.264862
[2]: 136.846375 137.254089
[2]: 111.784805 113.327965
[2]: 138.803116 139.689117
[2]: 126.516968 126.364342
[2]: 129.422028 130.981094
[2]: 128.006058 128.233978
[2]: 141.756454 143.741364
[2]: 137.811081 136.178146
[2]: 114.170433 114.198883
[2]: 128.526047 130.096924
[2]: 122.548744 122.856323
[2]: 140.276596 141.394409
[2]: 131.463760 131.694214
[2]: 125.210258 125.654327
[2]: 134.201584 135.343277
[2]: 67.493393 68.268845
[2]: 130.896378 129.859833
[2]: 117.060127 117.726288
[2]: 130.825821 129.149658
[2]: 144.994110 144.983566
[2]: 141.946640 140.783249
[2]: 138.291168 136.607025
[2]: 123.752472 122.202629
[2]: 115.316185 115.770721
[2]: 125.352661 127.232552
[2]: 140.758514 141.488953
[2]: 116.493309 117.123810
[2]: 185.785599 187.028641
[2]: 115.037033 115.487915
[2]: 116.962090 115.701958
[2]: 126.307426 126.823853
[2]: 119.174896 119.795769
[1]: 126.130569 124.435265
[1]: 126.453362 126.022057
[1]: 136.925568 136.218262
[1]: 196.250137 195.582352
[1]: 127.131035 128.496063
[1]: 127.604790 127.885963
[1]: 126.434364 126.182396
[1]: 126.818481 126.707695
[1]: 138.256027 139.348587
[1]: 128.864929 128.695145
[1]: 120.799873 120.969055
[1]: 130.167633 129.116302
[1]: 128.945496 129.162750
[1]: 133.516006 133.181931
[1]: 132.812439 133.151993
[1]: 118.225327 118.258011
[1]: 134.106842 134.611816
[1]: 190.706757 191.817841
[1]: 132.817947 132.786499
[1]: 123.328529 122.490532
[1]: 125.858803 125.744560
[1]: 136.472198 135.743011
[1]: 139.816467 140.021667
[1]: 133.325806 134.113419
[1]: 129.250290 129.365189
[1]: 119.652092 119.186768
[1]: 121.505157 122.164551
[1]: 135.200363 136.165558
[1]: 126.240211 127.482735
[1]: 132.306808 131.550781
[1]: 118.601151 119.676590
[1]: 116.116150 117.413986
[1]: 125.890282 126.122925
[1]: 129.258896 130.843796
[0]: 125.823547 124.891190
[0]: 117.382599 117.632103
[0]: 118.030556 117.247887
[0]: 92.587967 91.521843
[0]: 115.467560 115.437042
[0]: 129.294891 129.795883
[0]: 123.075783 121.578682
[0]: 123.611397 123.861870
[0]: 106.268364 103.972305
[0]: 119.218933 121.032570
[0]: 152.749664 151.454742
[0]: 125.260124 124.158813
[0]: 131.801926 131.248230
[0]: 105.762100 105.238052
[0]: 116.481461 117.011108
[0]: 130.026352 130.063766
[0]: 116.610970 116.268654
[0]: 155.495972 155.970764
[0]: 124.167870 124.307205
[0]: 140.469452 141.321823
[0]: 125.493134 127.129501
[0]: 104.297890 105.662453
[0]: 105.650787 105.882210
[0]: 110.223907 112.333275
[0]: 125.506523 126.447815
[0]: 147.407394 147.295670
[0]: 130.720825 128.576889
[0]: 113.781586 112.386185
[0]: 139.987732 138.924698
[0]: 186.826462 185.904358
[0]: 144.389465 143.981277
[0]: 144.835739 146.401062
[0]: 127.864319 127.767845
[0]: 138.083069 137.356873
