[4]: 131.944397 132.432159
[4]: 126.431053 126.836334
[4]: 117.801903 117.904129
[4]: 175.143204 173.930054
[4]: 124.078873 124.594322
[4]: 126.689598 126.765602
[4]: 122.209213 122.387993
[4]: 125.235664 126.389420
[4]: 110.867035 111.252876
[4]: 124.006516 123.659187
[4]: 134.232010 133.923080
[4]: 128.564499 128.397034
[4]: 127.162987 127.930695
[4]: 121.993408 122.162163
[4]: 122.773071 123.592026
[4]: 132.395706 132.753708
[4]: 118.191101 118.670052
[4]: 67.268471 67.263580
[4]: 125.858299 125.855522
[4]: 131.089996 131.628586
[4]: 130.688400 130.921097
[4]: 113.864731 113.843704
[4]: 117.038124 117.078583
[4]: 124.489990 123.219727
[4]: 129.504684 128.845459
[4]: 135.944244 137.093811
[4]: 132.671967 133.075012
[4]: 117.895866 118.086906
[4]: 129.461472 129.906662
[4]: 75.398567 74.227898
[4]: 133.653534 133.324158
[4]: 141.868301 140.945679
[4]: 131.666794 131.868683
[4]: 127.341064 128.115768
[3]: 130.265015 129.667557
[3]: 129.981659 129.926086
[3]: 127.422165 127.448074
[3]: 60.629673 60.540619
[3]: 131.294006 131.771637
[3]: 126.377632 126.479179
[3]: 135.039017 135.141663
[3]: 131.043762 130.633560
[3]: 135.556854 135.352875
[3]: 125.780602 125.978561
[3]: 119.755035 119.108917
[3]: 128.046860 127.657806
[3]: 128.553040 128.203644
[3]: 132.955383 132.660767
[3]: 129.681747 129.234131
[3]: 132.017181 131.750046
[3]: 132.517212 132.714172
[3]: 154.874481 155.685638
[3]: 124.637520 124.603302
[3]: 123.011345 122.442459
[3]: 125.226471 124.990410
[3]: 136.894379 136.959061
[3]: 132.554596 132.554504
[3]: 127.655090 128.384995
[3]: 128.786041 129.326920
[3]: 121.173386 120.673088
[3]: 128.400406 128.321609
[3]: 128.953522 128.891006
[3]: 125.809898 125.635117
[3]: 63.843319 64.354279
[3]: 129.252655 128.957504
[3]: 117.608376 117.774368
[3]: 125.015312 124.986511
[3]: 122.038551 121.671371
[2]: 128.778976 127.894775
[2]: 135.983521 136.264862
[2]: 137.635269 137.254089
[2]: 112.380493 113.327965
[2]: 140.428497 139.689117
[2]: 126.975800 126.364342
[2]: 132.157013 130.981094
[2]: 129.273972 128.233978
[2]: 144.402222 143.741364
[2]: 135.842682 136.178146
[2]: 113.162102 114.198883
[2]: 129.473251 130.096924
[2]: 123.943787 122.856323
[2]: 140.763214 141.394409
[2]: 131.688293 131.694214
[2]: 126.239090 125.654327
[2]: 136.348801 135.343277
[2]: 68.899361 68.268845
[2]: 129.608444 129.859833
[2]: 117.626198 117.726288
[2]: 129.536865 129.149658
[2]: 144.847610 144.983566
[2]: 140.879456 140.783249
[2]: 135.453827 136.607025
[2]: 121.759476 122.202629
[2]: 117.090050 115.770721
[2]: 128.082397 127.232552
[2]: 142.625153 141.488953
[2]: 117.753181 117.123810
[2]: 186.677780 187.028641
[2]: 114.400002 115.487915
[2]: 114.864807 115.701958
[2]: 127.050560 126.823853
[2]: 120.876907 119.795769
[1]: 124.166214 124.435265
[1]: 126.146507 126.022057
[1]: 136.936905 136.218262
[1]: 195.485001 195.582352
[1]: 129.244171 128.496063
[1]: 128.207886 127.885963
[1]: 126.521538 126.182396
[1]: 126.861824 126.707695
[1]: 139.743134 139.348587
[1]: 128.446381 128.695145
[1]: 121.294334 120.969055
[1]: 129.133804 129.116302
[1]: 129.362259 129.162750
[1]: 133.463120 133.181931
[1]: 133.221664 133.151993
[1]: 118.299553 118.258011
[1]: 134.831223 134.611816
[1]: 191.966583 191.817841
[1]: 132.811661 132.786499
[1]: 122.479866 122.490532
[1]: 125.428925 125.744560
[1]: 135.349487 135.743011
[1]: 139.759796 140.021667
[1]: 134.132950 134.113419
[1]: 129.130386 129.365189
[1]: 120.138481 119.186768
[1]: 122.184204 122.164551
[1]: 136.339981 136.165558
[1]: 128.038483 127.482735
[1]: 131.533524 131.550781
[1]: 120.136612 119.676590
[1]: 117.752548 117.413986
[1]: 125.938004 126.122925
[1]: 131.164810 130.843796
[0]: 124.091980 124.891190
[0]: 118.101257 117.632103
[0]: 116.089485 117.247887
[0]: 91.362587 91.521843
[0]: 114.795433 115.437042
[0]: 128.990982 129.795883
[0]: 120.172623 121.578682
[0]: 123.333221 123.861870
[0]: 102.803078 103.972305
[0]: 121.460152 121.032570
[0]: 151.354858 151.454742
[0]: 124.179581 124.158813
[0]: 130.323776 131.248230
[0]: 105.298096 105.238052
[0]: 117.254982 117.011108
[0]: 129.497589 130.063766
[0]: 115.567329 116.268654
[0]: 156.016235 155.970764
[0]: 124.492355 124.307205
[0]: 141.511078 141.321823
[0]: 127.061836 127.129501
[0]: 106.086052 105.662453
[0]: 105.932838 105.882210
[0]: 112.881058 112.333275
[0]: 127.070419 126.447815
[0]: 145.680435 147.295670
[0]: 128.004639 128.576889
[0]: 110.975006 112.386185
[0]: 138.008423 138.924698
[0]: 185.871521 185.904358
[0]: 144.080978 143.981277
[0]: 146.298355 146.401062
[0]: 127.934303 127.767845
[0]: 136.350479 137.356873
