[4]: 133.692764 132.432159
[4]: 126.165695 126.836334
[4]: 116.664986 117.904129
[4]: 172.803772 173.930054
[4]: 126.586006 124.594322
[4]: 126.701515 126.765602
[4]: 122.258247 122.387993
[4]: 128.020203 126.389420
[4]: 113.718956 111.252876
[4]: 123.239388 123.659187
[4]: 135.168060 133.923080
[4]: 128.772446 128.397034
[4]: 128.980438 127.930695
[4]: 122.553177 122.162163
[4]: 125.039764 123.592026
[4]: 134.259430 132.753708
[4]: 120.403816 118.670052
[4]: 67.407372 67.263580
[4]: 125.544739 125.855522
[4]: 130.598541 131.628586
[4]: 129.949265 130.921097
[4]: 113.660011 113.843704
[4]: 117.082687 117.078583
[4]: 121.946114 123.219727
[4]: 127.793198 128.845459
[4]: 136.739624 137.093811
[4]: 135.368866 133.075012
[4]: 118.294067 118.086906
[4]: 130.686920 129.906662
[4]: 72.880150 74.227898
[4]: 134.115753 133.324158
[4]: 139.132797 140.945679
[4]: 132.015381 131.868683
[4]: 130.176666 128.115768
[3]: 126.793633 129.667557
[3]: 129.113358 129.926086
[3]: 127.260979 127.448074
[3]: 60.917999 60.540619
[3]: 132.043854 131.771637
[3]: 127.344078 126.479179
[3]: 135.280960 135.141663
[3]: 129.714279 130.633560
[3]: 134.344849 135.352875
[3]: 126.215179 125.978561
[3]: 116.963722 119.108917
[3]: 126.297577 127.657806
[3]: 127.478271 128.203644
[3]: 132.407974 132.660767
[3]: 128.824921 129.234131
[3]: 130.636414 131.750046
[3]: 132.926971 132.714172
[3]: 158.783173 155.685638
[3]: 123.745728 124.603302
[3]: 124.149178 122.442459
[3]: 125.905441 124.990410
[3]: 137.880386 136.959061
[3]: 131.766174 132.554504
[3]: 130.743149 128.384995
[3]: 130.238586 129.326920
[3]: 121.021141 120.673088
[3]: 125.981590 128.321609
[3]: 129.668015 128.891006
[3]: 125.708900 125.635117
[3]: 65.377388 64.354279
[3]: 129.136688 128.957504
[3]: 121.268005 117.774368
[3]: 125.649452 124.986511
[3]: 121.304985 121.671371
[2]: 126.861282 127.894775
[2]: 137.173203 136.264862
[2]: 136.713699 137.254089
[2]: 111.587914 113.327965
[2]: 138.337784 139.689117
[2]: 126.376724 126.364342
[2]: 128.953064 130.981094
[2]: 128.245987 128.233978
[2]: 141.552002 143.741364
[2]: 137.973022 136.178146
[2]: 113.989861 114.198883
[2]: 128.518555 130.096924
[2]: 122.408257 122.856323
[2]: 140.463409 141.394409
[2]: 131.640121 131.694214
[2]: 125.309601 125.654327
[2]: 133.581451 135.343277
[2]: 67.085960 68.268845
[2]: 130.806854 129.859833
[2]: 117.741241 117.726288
[2]: 130.936859 129.149658
[2]: 145.223328 144.983566
[2]: 141.870056 140.783249
[2]: 138.037674 136.607025
[2]: 123.760559 122.202629
[2]: 115.694786 115.770721
[2]: 125.540985 127.232552
[2]: 140.368271 141.488953
[2]: 116.452866 117.123810
[2]: 185.778595 187.028641
[2]: 115.596855 115.487915
[2]: 116.496689 115.701958
[2]: 126.344963 126.823853
[2]: 118.539230 119.795769
[1]: 126.305664 124.435265
[1]: 126.815964 126.022057
[1]: 137.391541 136.218262
[1]: 196.310562 195.582352
[1]: 127.279007 128.496063
[1]: 127.561440 127.885963
[1]: 126.576591 126.182396
[1]: 125.907127 126.707695
[1]: 137.907288 139.348587
[1]: 128.296799 128.695145
[1]: 120.488770 120.969055
[1]: 130.487534 129.116302
[1]: 128.411209 129.162750
[1]: 133.344452 133.181931
[1]: 132.554993 133.151993
[1]: 118.602081 118.258011
[1]: 134.039246 134.611816
[1]: 190.600296 191.817841
[1]: 133.321060 132.786499
[1]: 123.121788 122.490532
[1]: 125.927025 125.744560
[1]: 136.948013 135.743011
[1]: 139.794510 140.021667
[1]: 133.595551 134.113419
[1]: 128.795990 129.365189
[1]: 119.314758 119.186768
[1]: 121.372429 122.164551
[1]: 135.246521 136.165558
[1]: 126.236961 127.482735
[1]: 133.218231 131.550781
[1]: 118.724335 119.676590
[1]: 116.108109 117.413986
[1]: 125.743530 126.122925
[1]: 129.133209 130.843796
[0]: 125.695770 124.891190
[0]: 117.343147 117.632103
[0]: 118.042366 117.247887
[0]: 92.604668 91.521843
[0]: 115.702141 115.437042
[0]: 129.275818 129.795883
[0]: 123.313698 121.578682
[0]: 123.955223 123.861870
[0]: 106.242058 103.972305
[0]: 119.706795 121.032570
[0]: 153.371826 151.454742
[0]: 125.400497 124.158813
[0]: 132.237411 131.248230
[0]: 105.771378 105.238052
[0]: 116.531128 117.011108
[0]: 129.663315 130.063766
[0]: 116.626366 116.268654
[0]: 155.338760 155.970764
[0]: 123.945839 124.307205
[0]: 139.934128 141.321823
[0]: 125.033241 127.129501
[0]: 103.154053 105.662453
[0]: 105.693192 105.882210
[0]: 110.045555 112.333275
[0]: 125.517349 126.447815
[0]: 147.348572 147.295670
[0]: 131.354431 128.576889
[0]: 113.448982 112.386185
[0]: 140.160675 138.924698
[0]: 186.437271 185.904358
[0]: 143.968140 143.981277
[0]: 145.199600 146.401062
[0]: 127.793594 127.767845
[0]: 138.813232 137.356873
