[4]: 109.051903 132.432159
[4]: 131.409454 126.836334
[4]: 122.593216 117.904129
[4]: 200.704865 173.930054
[4]: 130.262115 124.594322
[4]: 127.627045 126.765602
[4]: 124.395653 122.387993
[4]: 128.421295 126.389420
[4]: 125.778046 111.252876
[4]: 130.187851 123.659187
[4]: 129.431625 133.923080
[4]: 129.646545 128.397034
[4]: 125.463142 127.930695
[4]: 129.116989 122.162163
[4]: 125.429398 123.592026
[4]: 130.906601 132.753708
[4]: 125.990829 118.670052
[4]: 60.823452 67.263580
[4]: 125.818024 125.855522
[4]: 129.809296 131.628586
[4]: 130.279907 130.921097
[4]: 126.830841 113.843704
[4]: 127.956909 117.078583
[4]: 126.374023 123.219727
[4]: 126.132477 128.845459
[4]: 124.709137 137.093811
[4]: 129.105240 133.075012
[4]: 127.968750 118.086906
[4]: 125.471954 129.906662
[4]: 129.062851 74.227898
[4]: 126.359955 133.324158
[4]: 161.909805 140.945679
[4]: 126.775017 131.868683
[4]: 125.177528 128.115768
[3]: 170.464615 129.667557
[3]: 126.361786 129.926086
[3]: 124.867065 127.448074
[3]: 86.011658 60.540619
[3]: 128.799393 131.771637
[3]: 126.875267 126.479179
[3]: 128.226746 135.141663
[3]: 128.082596 130.633560
[3]: 127.083374 135.352875
[3]: 125.240959 125.978561
[3]: 126.197990 119.108917
[3]: 128.670929 127.657806
[3]: 127.631493 128.203644
[3]: 127.035858 132.660767
[3]: 127.104500 129.234131
[3]: 129.664154 131.750046
[3]: 126.676056 132.714172
[3]: 127.162193 155.685638
[3]: 126.408661 124.603302
[3]: 126.773773 122.442459
[3]: 126.486649 124.990410
[3]: 127.327339 136.959061
[3]: 126.988091 132.554504
[3]: 126.828583 128.384995
[3]: 127.942116 129.326920
[3]: 125.687645 120.673088
[3]: 128.901199 128.321609
[3]: 127.165649 128.891006
[3]: 128.572449 125.635117
[3]: 63.148365 64.354279
[3]: 128.870651 128.957504
[3]: 84.201126 117.774368
[3]: 127.859451 124.986511
[3]: 125.945511 121.671371
[2]: 168.611435 127.894775
[2]: 128.614639 136.264862
[2]: 128.773987 137.254089
[2]: 81.973366 113.327965
[2]: 127.586082 139.689117
[2]: 128.333633 126.364342
[2]: 126.981750 130.981094
[2]: 127.499390 128.233978
[2]: 126.695114 143.741364
[2]: 128.839554 136.178146
[2]: 127.755615 114.198883
[2]: 127.964661 130.096924
[2]: 128.498047 122.856323
[2]: 127.965424 141.394409
[2]: 127.510918 131.694214
[2]: 126.405594 125.654327
[2]: 128.707596 135.343277
[2]: 129.121323 68.268845
[2]: 128.758301 129.859833
[2]: 126.787949 117.726288
[2]: 129.233810 129.149658
[2]: 127.825150 144.983566
[2]: 128.050064 140.783249
[2]: 127.461426 136.607025
[2]: 126.066780 122.202629
[2]: 129.260651 115.770721
[2]: 126.671616 127.232552
[2]: 127.588326 141.488953
[2]: 126.809654 117.123810
[2]: 191.487732 187.028641
[2]: 127.449898 115.487915
[2]: 86.388947 115.701958
[2]: 127.096291 126.823853
[2]: 128.065170 119.795769
[1]: 95.689957 124.435265
[1]: 124.835831 126.022057
[1]: 133.540146 136.218262
[1]: 203.129913 195.582352
[1]: 127.930229 128.496063
[1]: 127.172112 127.885963
[1]: 128.259995 126.182396
[1]: 125.123932 126.707695
[1]: 128.936295 139.348587
[1]: 125.073700 128.695145
[1]: 125.542381 120.969055
[1]: 126.467255 129.116302
[1]: 129.624817 129.162750
[1]: 126.264633 133.181931
[1]: 128.445663 133.151993
[1]: 123.349129 118.258011
[1]: 131.755798 134.611816
[1]: 192.386154 191.817841
[1]: 129.851273 132.786499
[1]: 122.605461 122.490532
[1]: 124.265076 125.744560
[1]: 127.609474 135.743011
[1]: 129.231354 140.021667
[1]: 128.724655 134.113419
[1]: 128.102249 129.365189
[1]: 127.014458 119.186768
[1]: 125.768112 122.164551
[1]: 128.368134 136.165558
[1]: 128.567993 127.482735
[1]: 126.662743 131.550781
[1]: 128.025787 119.676590
[1]: 145.678986 117.413986
[1]: 129.797821 126.122925
[1]: 131.697098 130.843796
[0]: 45.422596 124.891190
[0]: 125.746262 117.632103
[0]: 127.628059 117.247887
[0]: 92.446625 91.521843
[0]: 125.812103 115.437042
[0]: 126.843269 129.795883
[0]: 129.097687 121.578682
[0]: 126.350067 123.861870
[0]: 127.328873 103.972305
[0]: 126.577629 121.032570
[0]: 129.731979 151.454742
[0]: 126.305191 124.158813
[0]: 127.823097 131.248230
[0]: 125.364571 105.238052
[0]: 126.819695 117.011108
[0]: 127.569580 130.063766
[0]: 124.886444 116.268654
[0]: 129.680084 155.970764
[0]: 126.603127 124.307205
[0]: 129.030151 141.321823
[0]: 127.336472 127.129501
[0]: 130.042831 105.662453
[0]: 125.517906 105.882210
[0]: 126.247284 112.333275
[0]: 128.600067 126.447815
[0]: 133.045212 147.295670
[0]: 129.095535 128.576889
[0]: 127.237648 112.386185
[0]: 129.159683 138.924698
[0]: 127.170784 185.904358
[0]: 129.801453 143.981277
[0]: 208.725632 146.401062
[0]: 125.565277 127.767845
[0]: 126.269493 137.356873
