[4]: 89.050728 132.432159
[4]: 128.316238 126.836334
[4]: 126.978874 117.904129
[4]: 174.420700 173.930054
[4]: 129.704407 124.594322
[4]: 128.601410 126.765602
[4]: 127.946548 122.387993
[4]: 128.031067 126.389420
[4]: 129.250046 111.252876
[4]: 129.314072 123.659187
[4]: 127.836700 133.923080
[4]: 128.725952 128.397034
[4]: 126.129784 127.930695
[4]: 130.399490 122.162163
[4]: 126.847130 123.592026
[4]: 130.748901 132.753708
[4]: 126.260269 118.670052
[4]: 61.672287 67.263580
[4]: 125.217659 125.855522
[4]: 126.891273 131.628586
[4]: 130.181213 130.921097
[4]: 129.597488 113.843704
[4]: 128.744492 117.078583
[4]: 129.792969 123.219727
[4]: 127.709297 128.845459
[4]: 126.276642 137.093811
[4]: 126.812912 133.075012
[4]: 128.407120 118.086906
[4]: 124.681664 129.906662
[4]: 125.265938 74.227898
[4]: 126.282448 133.324158
[4]: 170.381165 140.945679
[4]: 128.965652 131.868683
[4]: 122.909470 128.115768
[3]: 170.669510 129.667557
[3]: 127.069908 129.926086
[3]: 127.769218 127.448074
[3]: 88.795464 60.540619
[3]: 129.233597 131.771637
[3]: 128.491592 126.479179
[3]: 129.901108 135.141663
[3]: 127.191048 130.633560
[3]: 127.878342 135.352875
[3]: 126.710579 125.978561
[3]: 123.886353 119.108917
[3]: 127.638443 127.657806
[3]: 127.683220 128.203644
[3]: 128.385132 132.660767
[3]: 127.545036 129.234131
[3]: 130.835785 131.750046
[3]: 127.944099 132.714172
[3]: 125.902512 155.685638
[3]: 126.908669 124.603302
[3]: 126.530357 122.442459
[3]: 128.067169 124.990410
[3]: 127.748093 136.959061
[3]: 126.633629 132.554504
[3]: 127.852921 128.384995
[3]: 129.794800 129.326920
[3]: 123.351768 120.673088
[3]: 127.926308 128.321609
[3]: 127.974724 128.891006
[3]: 127.632294 125.635117
[3]: 57.962933 64.354279
[3]: 129.840988 128.957504
[3]: 81.621170 117.774368
[3]: 128.195496 124.986511
[3]: 125.154129 121.671371
[2]: 167.714661 127.894775
[2]: 129.495422 136.264862
[2]: 132.094086 137.254089
[2]: 95.087524 113.327965
[2]: 129.991013 139.689117
[2]: 126.614868 126.364342
[2]: 134.601349 130.981094
[2]: 134.580261 128.233978
[2]: 139.946411 143.741364
[2]: 133.531372 136.178146
[2]: 115.688705 114.198883
[2]: 133.416046 130.096924
[2]: 133.522812 122.856323
[2]: 139.028397 141.394409
[2]: 135.570267 131.694214
[2]: 128.638474 125.654327
[2]: 134.179504 135.343277
[2]: 126.419235 68.268845
[2]: 127.282822 129.859833
[2]: 119.250565 117.726288
[2]: 127.418480 129.149658
[2]: 133.629654 144.983566
[2]: 135.183960 140.783249
[2]: 143.220154 136.607025
[2]: 129.617218 122.202629
[2]: 121.672325 115.770721
[2]: 118.667534 127.232552
[2]: 128.828552 141.488953
[2]: 121.694160 117.123810
[2]: 186.790009 187.028641
[2]: 118.110207 115.487915
[2]: 72.894501 115.701958
[2]: 137.023514 126.823853
[2]: 115.863083 119.795769
[1]: 83.630768 124.435265
[1]: 127.864395 126.022057
[1]: 132.513992 136.218262
[1]: 176.210327 195.582352
[1]: 128.583527 128.496063
[1]: 126.006134 127.885963
[1]: 130.565781 126.182396
[1]: 128.533401 126.707695
[1]: 132.190140 139.348587
[1]: 129.301575 128.695145
[1]: 121.229805 120.969055
[1]: 127.739761 129.116302
[1]: 130.990479 129.162750
[1]: 130.077682 133.181931
[1]: 130.883072 133.151993
[1]: 124.954483 118.258011
[1]: 133.069534 134.611816
[1]: 191.799118 191.817841
[1]: 129.522583 132.786499
[1]: 122.738968 122.490532
[1]: 124.231895 125.744560
[1]: 129.542557 135.743011
[1]: 130.368286 140.021667
[1]: 133.537369 134.113419
[1]: 130.638412 129.365189
[1]: 124.656883 119.186768
[1]: 124.277267 122.164551
[1]: 129.275970 136.165558
[1]: 128.041763 127.482735
[1]: 120.586121 131.550781
[1]: 125.944389 119.676590
[1]: 163.166626 117.413986
[1]: 130.338135 126.122925
[1]: 126.243004 130.843796
[0]: 141.110519 124.891190
[0]: 123.425522 117.632103
[0]: 113.208511 117.247887
[0]: 78.732597 91.521843
[0]: 121.132751 115.437042
[0]: 127.204048 129.795883
[0]: 107.965584 121.578682
[0]: 114.159798 123.861870
[0]: 97.647896 103.972305
[0]: 112.798859 121.032570
[0]: 158.183258 151.454742
[0]: 120.168625 124.158813
[0]: 118.387192 131.248230
[0]: 100.584091 105.238052
[0]: 109.741310 117.011108
[0]: 120.724106 130.063766
[0]: 112.825005 116.268654
[0]: 138.838196 155.970764
[0]: 129.433121 124.307205
[0]: 144.051071 141.321823
[0]: 128.068283 127.129501
[0]: 114.527992 105.662453
[0]: 113.006706 105.882210
[0]: 90.686111 112.333275
[0]: 114.420715 126.447815
[0]: 149.130859 147.295670
[0]: 147.115875 128.576889
[0]: 121.804451 112.386185
[0]: 139.781540 138.924698
[0]: 167.687012 185.904358
[0]: 144.618835 143.981277
[0]: 144.286179 146.401062
[0]: 107.027489 127.767845
[0]: 155.197906 137.356873
