[4]: 134.236023 132.432159
[4]: 126.813477 126.836334
[4]: 117.027756 117.904129
[4]: 173.247650 173.930054
[4]: 126.007431 124.594322
[4]: 126.372658 126.765602
[4]: 122.578949 122.387993
[4]: 127.640388 126.389420
[4]: 111.780182 111.252876
[4]: 124.055748 123.659187
[4]: 134.522263 133.923080
[4]: 129.508743 128.397034
[4]: 128.623947 127.930695
[4]: 122.194984 122.162163
[4]: 124.522812 123.592026
[4]: 133.670120 132.753708
[4]: 120.131889 118.670052
[4]: 67.451019 67.263580
[4]: 125.862495 125.855522
[4]: 130.583847 131.628586
[4]: 130.395905 130.921097
[4]: 112.468887 113.843704
[4]: 116.888672 117.078583
[4]: 121.775681 123.219727
[4]: 128.279282 128.845459
[4]: 136.456314 137.093811
[4]: 134.732590 133.075012
[4]: 118.053215 118.086906
[4]: 130.232391 129.906662
[4]: 73.653122 74.227898
[4]: 134.561157 133.324158
[4]: 138.256424 140.945679
[4]: 131.884476 131.868683
[4]: 128.718903 128.115768
[3]: 126.643318 129.667557
[3]: 129.322433 129.926086
[3]: 126.651604 127.448074
[3]: 60.824314 60.540619
[3]: 131.715714 131.771637
[3]: 127.258636 126.479179
[3]: 134.521271 135.141663
[3]: 129.391876 130.633560
[3]: 135.435883 135.352875
[3]: 125.401253 125.978561
[3]: 118.063644 119.108917
[3]: 125.567322 127.657806
[3]: 127.635811 128.203644
[3]: 132.255753 132.660767
[3]: 129.224945 129.234131
[3]: 131.272171 131.750046
[3]: 132.489609 132.714172
[3]: 158.181946 155.685638
[3]: 123.415169 124.603302
[3]: 123.444878 122.442459
[3]: 125.776703 124.990410
[3]: 138.672012 136.959061
[3]: 131.558640 132.554504
[3]: 130.843628 128.384995
[3]: 129.253006 129.326920
[3]: 121.077721 120.673088
[3]: 126.534012 128.321609
[3]: 128.974899 128.891006
[3]: 126.370758 125.635117
[3]: 64.721107 64.354279
[3]: 129.197418 128.957504
[3]: 121.189369 117.774368
[3]: 125.717514 124.986511
[3]: 122.118294 121.671371
[2]: 126.252632 127.894775
[2]: 136.460083 136.264862
[2]: 136.765289 137.254089
[2]: 111.006371 113.327965
[2]: 140.028442 139.689117
[2]: 126.947502 126.364342
[2]: 128.471634 130.981094
[2]: 128.386871 128.233978
[2]: 142.714706 143.741364
[2]: 137.507721 136.178146
[2]: 114.198456 114.198883
[2]: 128.133682 130.096924
[2]: 122.904640 122.856323
[2]: 140.349274 141.394409
[2]: 132.030594 131.694214
[2]: 125.569550 125.654327
[2]: 134.243149 135.343277
[2]: 67.486458 68.268845
[2]: 130.240601 129.859833
[2]: 117.503426 117.726288
[2]: 130.336517 129.149658
[2]: 145.458420 144.983566
[2]: 142.607147 140.783249
[2]: 138.035294 136.607025
[2]: 123.805771 122.202629
[2]: 115.838036 115.770721
[2]: 125.669777 127.232552
[2]: 140.651443 141.488953
[2]: 116.487251 117.123810
[2]: 185.481842 187.028641
[2]: 114.434593 115.487915
[2]: 118.160530 115.701958
[2]: 125.767365 126.823853
[2]: 120.390854 119.795769
[1]: 125.806175 124.435265
[1]: 126.496887 126.022057
[1]: 137.417282 136.218262
[1]: 196.338898 195.582352
[1]: 127.139717 128.496063
[1]: 127.488724 127.885963
[1]: 126.722046 126.182396
[1]: 126.772743 126.707695
[1]: 137.961823 139.348587
[1]: 128.751205 128.695145
[1]: 120.255714 120.969055
[1]: 130.226318 129.116302
[1]: 128.449158 129.162750
[1]: 133.988800 133.181931
[1]: 133.080551 133.151993
[1]: 117.926140 118.258011
[1]: 133.950546 134.611816
[1]: 190.568497 191.817841
[1]: 133.378952 132.786499
[1]: 123.366119 122.490532
[1]: 125.992844 125.744560
[1]: 136.922180 135.743011
[1]: 139.446045 140.021667
[1]: 133.980408 134.113419
[1]: 129.128052 129.365189
[1]: 119.568420 119.186768
[1]: 121.644920 122.164551
[1]: 135.550064 136.165558
[1]: 126.441536 127.482735
[1]: 132.635513 131.550781
[1]: 118.651375 119.676590
[1]: 116.608223 117.413986
[1]: 125.832298 126.122925
[1]: 128.660629 130.843796
[0]: 126.497383 124.891190
[0]: 117.543655 117.632103
[0]: 118.223198 117.247887
[0]: 92.940422 91.521843
[0]: 115.046013 115.437042
[0]: 129.186447 129.795883
[0]: 124.173317 121.578682
[0]: 123.629150 123.861870
[0]: 105.862305 103.972305
[0]: 119.704697 121.032570
[0]: 152.834915 151.454742
[0]: 126.111938 124.158813
[0]: 131.873901 131.248230
[0]: 105.782898 105.238052
[0]: 115.677399 117.011108
[0]: 130.088074 130.063766
[0]: 116.807281 116.268654
[0]: 155.548630 155.970764
[0]: 124.503731 124.307205
[0]: 140.688217 141.321823
[0]: 125.266029 127.129501
[0]: 103.389565 105.662453
[0]: 105.752251 105.882210
[0]: 109.728302 112.333275
[0]: 125.677483 126.447815
[0]: 147.124481 147.295670
[0]: 131.003098 128.576889
[0]: 113.836212 112.386185
[0]: 139.649933 138.924698
[0]: 186.716461 185.904358
[0]: 144.738770 143.981277
[0]: 143.867020 146.401062
[0]: 128.392136 127.767845
[0]: 138.004807 137.356873
