[4]: 132.432159 133.662521
[4]: 126.836334 124.752197
[4]: 117.904129 117.286064
[4]: 173.930054 176.579346
[4]: 124.594322 123.174049
[4]: 126.765602 125.950409
[4]: 122.387993 123.667587
[4]: 126.389420 125.633842
[4]: 111.252876 112.029549
[4]: 123.659187 126.322983
[4]: 133.923080 135.542343
[4]: 128.397034 130.897247
[4]: 127.930695 126.115898
[4]: 122.162163 121.755844
[4]: 123.592026 121.678520
[4]: 132.753708 130.830231
[4]: 118.670052 118.995247
[4]: 67.263580 67.886955
[4]: 125.855522 127.988670
[4]: 131.628586 131.498215
[4]: 130.921097 130.116379
[4]: 113.843704 113.108215
[4]: 117.078583 115.157013
[4]: 123.219727 125.025665
[4]: 128.845459 129.636292
[4]: 137.093811 133.640182
[4]: 133.075012 131.241379
[4]: 118.086906 119.082863
[4]: 129.906662 129.313324
[4]: 74.227898 75.698959
[4]: 133.324158 132.871506
[4]: 140.945679 140.612457
[4]: 131.868683 130.980270
[4]: 128.115768 124.491486
[3]: 129.667557 128.512802
[3]: 129.926086 128.880341
[3]: 127.448074 126.586609
[3]: 60.540619 61.214264
[3]: 131.771637 130.396240
[3]: 126.479179 127.174767
[3]: 135.141663 135.795593
[3]: 130.633560 130.350388
[3]: 135.352875 133.991852
[3]: 125.978561 124.558594
[3]: 119.108917 119.964378
[3]: 127.657806 127.286980
[3]: 128.203644 128.639526
[3]: 132.660767 131.929611
[3]: 129.234131 129.360153
[3]: 131.750046 132.245224
[3]: 132.714172 131.704483
[3]: 155.685638 156.297684
[3]: 124.603302 123.911377
[3]: 122.442459 122.778831
[3]: 124.990410 127.572174
[3]: 136.959061 137.050522
[3]: 132.554504 132.351151
[3]: 128.384995 127.007141
[3]: 129.326920 129.639297
[3]: 120.673088 122.292412
[3]: 128.321609 128.599106
[3]: 128.891006 128.481689
[3]: 125.635117 127.107712
[3]: 64.354279 63.028172
[3]: 128.957504 129.870636
[3]: 117.774368 118.936058
[3]: 124.986511 125.419525
[3]: 121.671371 123.784103
[2]: 127.894775 129.342773
[2]: 136.264862 137.040558
[2]: 137.254089 140.408829
[2]: 113.327965 110.027840
[2]: 139.689117 142.926453
[2]: 126.364342 128.815903
[2]: 130.981094 130.707764
[2]: 128.233978 128.508453
[2]: 143.741364 144.564774
[2]: 136.178146 134.364975
[2]: 114.198883 112.356293
[2]: 130.096924 125.731735
[2]: 122.856323 124.890327
[2]: 141.394409 141.010468
[2]: 131.694214 132.118118
[2]: 125.654327 127.317184
[2]: 135.343277 138.818710
[2]: 68.268845 68.819603
[2]: 129.859833 128.450195
[2]: 117.726288 118.443031
[2]: 129.149658 130.924683
[2]: 144.983566 147.150635
[2]: 140.783249 145.936829
[2]: 136.607025 133.340118
[2]: 122.202629 120.596962
[2]: 115.770721 119.222404
[2]: 127.232552 129.995255
[2]: 141.488953 142.468704
[2]: 117.123810 117.279129
[2]: 187.028641 183.878265
[2]: 115.487915 112.511826
[2]: 115.701958 117.800774
[2]: 126.823853 126.968300
[2]: 119.795769 126.154488
[1]: 124.435265 124.058228
[1]: 126.022057 129.896225
[1]: 136.218262 138.294464
[1]: 195.582352 195.026505
[1]: 128.496063 130.396301
[1]: 127.885963 127.762047
[1]: 126.182396 125.056122
[1]: 126.707695 126.568565
[1]: 139.348587 139.126404
[1]: 128.695145 126.890778
[1]: 120.969055 119.586052
[1]: 129.116302 127.886818
[1]: 129.162750 130.337296
[1]: 133.181931 134.247742
[1]: 133.151993 134.593369
[1]: 118.258011 119.311333
[1]: 134.611816 134.782104
[1]: 191.817841 191.693878
[1]: 132.786499 130.746262
[1]: 122.490532 121.874069
[1]: 125.744560 125.433693
[1]: 135.743011 136.070816
[1]: 140.021667 140.476517
[1]: 134.113419 132.822845
[1]: 129.365189 129.401199
[1]: 119.186768 122.442787
[1]: 122.164551 123.002174
[1]: 136.165558 134.600510
[1]: 127.482735 127.514458
[1]: 131.550781 134.188904
[1]: 119.676590 121.719917
[1]: 117.413986 116.201569
[1]: 126.122925 125.895210
[1]: 130.843796 133.424057
[0]: 124.891190 123.708519
[0]: 117.632103 116.021538
[0]: 117.247887 113.302589
[0]: 91.521843 92.000771
[0]: 115.437042 113.045471
[0]: 129.795883 127.435677
[0]: 121.578682 121.008377
[0]: 123.861870 124.844604
[0]: 103.972305 104.092484
[0]: 121.032570 123.720146
[0]: 151.454742 152.177795
[0]: 124.158813 127.875885
[0]: 131.248230 129.222504
[0]: 105.238052 105.806824
[0]: 117.011108 116.918282
[0]: 130.063766 128.652618
[0]: 116.268654 113.183434
[0]: 155.970764 153.358322
[0]: 124.307205 126.530899
[0]: 141.321823 140.955719
[0]: 127.129501 123.639969
[0]: 105.662453 103.793488
[0]: 105.882210 102.273445
[0]: 112.333275 116.855286
[0]: 126.447815 126.851784
[0]: 147.295670 141.934189
[0]: 128.576889 126.397385
[0]: 112.386185 112.547058
[0]: 138.924698 137.655273
[0]: 185.904358 187.134460
[0]: 143.981277 144.278748
[0]: 146.401062 144.542953
[0]: 127.767845 128.352768
[0]: 137.356873 129.296951
