[4]: 93.581612 132.432159
[4]: 132.160477 126.836334
[4]: 126.734924 117.904129
[4]: 182.436783 173.930054
[4]: 138.972321 124.594322
[4]: 126.952782 126.765602
[4]: 126.235542 122.387993
[4]: 135.431213 126.389420
[4]: 131.467636 111.252876
[4]: 130.016266 123.659187
[4]: 125.235016 133.923080
[4]: 124.296196 128.397034
[4]: 123.245094 127.930695
[4]: 142.667999 122.162163
[4]: 126.940498 123.592026
[4]: 126.910172 132.753708
[4]: 131.396194 118.670052
[4]: 59.258179 67.263580
[4]: 132.243332 125.855522
[4]: 128.953232 131.628586
[4]: 134.591248 130.921097
[4]: 135.517059 113.843704
[4]: 133.472061 117.078583
[4]: 135.912827 123.219727
[4]: 125.977982 128.845459
[4]: 118.160477 137.093811
[4]: 126.375069 133.075012
[4]: 131.026886 118.086906
[4]: 122.005569 129.906662
[4]: 125.930504 74.227898
[4]: 124.486740 133.324158
[4]: 166.125107 140.945679
[4]: 131.871353 131.868683
[4]: 118.091423 128.115768
[3]: 170.798233 129.667557
[3]: 126.475784 129.926086
[3]: 124.864243 127.448074
[3]: 87.043144 60.540619
[3]: 129.358444 131.771637
[3]: 127.028465 126.479179
[3]: 128.455948 135.141663
[3]: 128.557892 130.633560
[3]: 127.122810 135.352875
[3]: 125.076828 125.978561
[3]: 126.152496 119.108917
[3]: 128.638840 127.657806
[3]: 127.471405 128.203644
[3]: 127.579788 132.660767
[3]: 127.022217 129.234131
[3]: 129.536057 131.750046
[3]: 127.015587 132.714172
[3]: 127.222824 155.685638
[3]: 126.579018 124.603302
[3]: 126.558090 122.442459
[3]: 126.438240 124.990410
[3]: 127.671494 136.959061
[3]: 127.265327 132.554504
[3]: 127.068008 128.384995
[3]: 127.810020 129.326920
[3]: 125.267838 120.673088
[3]: 128.847702 128.321609
[3]: 127.188179 128.891006
[3]: 128.696091 125.635117
[3]: 63.163704 64.354279
[3]: 128.942291 128.957504
[3]: 83.503281 117.774368
[3]: 128.244400 124.986511
[3]: 125.370171 121.671371
[2]: 169.371323 127.894775
[2]: 129.085129 136.264862
[2]: 129.472595 137.254089
[2]: 83.698708 113.327965
[2]: 128.688293 139.689117
[2]: 128.194870 126.364342
[2]: 126.869698 130.981094
[2]: 128.100952 128.233978
[2]: 127.137337 143.741364
[2]: 129.104980 136.178146
[2]: 126.783066 114.198883
[2]: 127.505074 130.096924
[2]: 128.619507 122.856323
[2]: 129.368912 141.394409
[2]: 127.909203 131.694214
[2]: 126.026100 125.654327
[2]: 129.819260 135.343277
[2]: 129.173462 68.268845
[2]: 129.760345 129.859833
[2]: 126.904907 117.726288
[2]: 129.402634 129.149658
[2]: 128.014191 144.983566
[2]: 128.901917 140.783249
[2]: 128.429764 136.607025
[2]: 125.812286 122.202629
[2]: 128.099976 115.770721
[2]: 126.213486 127.232552
[2]: 127.994339 141.488953
[2]: 125.944092 117.123810
[2]: 191.952545 187.028641
[2]: 126.840538 115.487915
[2]: 85.423454 115.701958
[2]: 127.578949 126.823853
[2]: 127.743103 119.795769
[1]: 87.882126 124.435265
[1]: 128.321594 126.022057
[1]: 136.125046 136.218262
[1]: 182.291931 195.582352
[1]: 139.797363 128.496063
[1]: 123.918694 127.885963
[1]: 126.381760 126.182396
[1]: 133.381210 126.707695
[1]: 128.694641 139.348587
[1]: 125.376862 128.695145
[1]: 117.348907 120.969055
[1]: 123.605721 129.116302
[1]: 133.499817 129.162750
[1]: 140.326767 133.181931
[1]: 131.626312 133.151993
[1]: 120.369598 118.258011
[1]: 140.437119 134.611816
[1]: 194.198181 191.817841
[1]: 138.747101 132.786499
[1]: 124.377220 122.490532
[1]: 125.239929 125.744560
[1]: 128.911530 135.743011
[1]: 137.174408 140.021667
[1]: 137.269424 134.113419
[1]: 124.670959 129.365189
[1]: 117.133034 119.186768
[1]: 120.484299 122.164551
[1]: 134.837662 136.165558
[1]: 125.564247 127.482735
[1]: 124.359985 131.550781
[1]: 126.730217 119.676590
[1]: 160.503174 117.413986
[1]: 129.561340 126.122925
[1]: 122.507439 130.843796
[0]: 76.807068 124.891190
[0]: 119.739273 117.632103
[0]: 118.524033 117.247887
[0]: 135.865707 91.521843
[0]: 98.420998 115.437042
[0]: 131.544189 129.795883
[0]: 128.843719 121.578682
[0]: 106.211578 123.861870
[0]: 119.907738 103.972305
[0]: 126.250374 121.032570
[0]: 146.095596 151.454742
[0]: 137.084396 124.158813
[0]: 126.064240 131.248230
[0]: 88.983078 105.238052
[0]: 120.744339 117.011108
[0]: 136.697571 130.063766
[0]: 105.828949 116.268654
[0]: 131.058090 155.970764
[0]: 106.389847 124.307205
[0]: 127.916580 141.321823
[0]: 120.681503 127.129501
[0]: 116.909355 105.662453
[0]: 107.624275 105.882210
[0]: 102.554108 112.333275
[0]: 133.441147 126.447815
[0]: 155.162750 147.295670
[0]: 139.411728 128.576889
[0]: 115.141197 112.386185
[0]: 138.128159 138.924698
[0]: 134.056259 185.904358
[0]: 134.432312 143.981277
[0]: 183.305557 146.401062
[0]: 118.329811 127.767845
[0]: 147.484268 137.356873
