[4]: 132.359955 132.432159
[4]: 125.868584 126.836334
[4]: 117.731148 117.904129
[4]: 173.667297 173.930054
[4]: 124.451126 124.594322
[4]: 126.876427 126.765602
[4]: 122.100525 122.387993
[4]: 126.996201 126.389420
[4]: 111.864624 111.252876
[4]: 123.545547 123.659187
[4]: 133.598694 133.923080
[4]: 128.652176 128.397034
[4]: 128.098465 127.930695
[4]: 122.381096 122.162163
[4]: 123.656052 123.592026
[4]: 132.624130 132.753708
[4]: 118.774162 118.670052
[4]: 67.260849 67.263580
[4]: 125.422531 125.855522
[4]: 132.389023 131.628586
[4]: 131.361771 130.921097
[4]: 114.133949 113.843704
[4]: 117.255859 117.078583
[4]: 123.016876 123.219727
[4]: 128.764816 128.845459
[4]: 136.688522 137.093811
[4]: 133.203033 133.075012
[4]: 118.239227 118.086906
[4]: 130.033829 129.906662
[4]: 74.064560 74.227898
[4]: 133.427200 133.324158
[4]: 141.719101 140.945679
[4]: 131.397736 131.868683
[4]: 127.466965 128.115768
[3]: 129.810852 129.667557
[3]: 130.172516 129.926086
[3]: 127.342529 127.448074
[3]: 60.461834 60.540619
[3]: 131.976410 131.771637
[3]: 126.598404 126.479179
[3]: 135.365967 135.141663
[3]: 130.498169 130.633560
[3]: 135.270874 135.352875
[3]: 125.563873 125.978561
[3]: 118.835533 119.108917
[3]: 127.969292 127.657806
[3]: 127.987106 128.203644
[3]: 132.806000 132.660767
[3]: 128.808578 129.234131
[3]: 132.084305 131.750046
[3]: 132.475357 132.714172
[3]: 155.747559 155.685638
[3]: 124.845688 124.603302
[3]: 122.220329 122.442459
[3]: 124.921715 124.990410
[3]: 137.000549 136.959061
[3]: 132.488632 132.554504
[3]: 128.773895 128.384995
[3]: 129.482452 129.326920
[3]: 120.802643 120.673088
[3]: 128.104141 128.321609
[3]: 129.039612 128.891006
[3]: 125.520119 125.635117
[3]: 64.482147 64.354279
[3]: 128.481918 128.957504
[3]: 116.958511 117.774368
[3]: 125.275566 124.986511
[3]: 121.942024 121.671371
[2]: 128.083755 127.894775
[2]: 136.560867 136.264862
[2]: 137.553574 137.254089
[2]: 113.610435 113.327965
[2]: 139.208099 139.689117
[2]: 126.787376 126.364342
[2]: 130.830673 130.981094
[2]: 127.736855 128.233978
[2]: 142.980484 143.741364
[2]: 136.400024 136.178146
[2]: 114.827583 114.198883
[2]: 129.353714 130.096924
[2]: 122.866524 122.856323
[2]: 141.127441 141.394409
[2]: 132.176147 131.694214
[2]: 125.154968 125.654327
[2]: 135.062576 135.343277
[2]: 68.296616 68.268845
[2]: 129.992630 129.859833
[2]: 117.506386 117.726288
[2]: 129.048767 129.149658
[2]: 144.810287 144.983566
[2]: 141.021576 140.783249
[2]: 136.449677 136.607025
[2]: 122.555717 122.202629
[2]: 115.869377 115.770721
[2]: 127.111748 127.232552
[2]: 141.395584 141.488953
[2]: 117.029663 117.123810
[2]: 187.228806 187.028641
[2]: 115.649300 115.487915
[2]: 115.297562 115.701958
[2]: 127.220558 126.823853
[2]: 120.026886 119.795769
[1]: 123.894867 124.435265
[1]: 126.360367 126.022057
[1]: 136.318756 136.218262
[1]: 195.653534 195.582352
[1]: 129.078522 128.496063
[1]: 127.544800 127.885963
[1]: 126.333595 126.182396
[1]: 126.364655 126.707695
[1]: 139.184204 139.348587
[1]: 129.159851 128.695145
[1]: 121.348579 120.969055
[1]: 128.989777 129.116302
[1]: 129.260773 129.162750
[1]: 132.985947 133.181931
[1]: 133.287384 133.151993
[1]: 118.676315 118.258011
[1]: 134.998993 134.611816
[1]: 191.994461 191.817841
[1]: 133.250549 132.786499
[1]: 121.792229 122.490532
[1]: 125.257965 125.744560
[1]: 135.528885 135.743011
[1]: 139.753281 140.021667
[1]: 134.062363 134.113419
[1]: 129.169373 129.365189
[1]: 119.406570 119.186768
[1]: 122.184906 122.164551
[1]: 135.523880 136.165558
[1]: 127.462456 127.482735
[1]: 131.333282 131.550781
[1]: 120.286293 119.676590
[1]: 117.652824 117.413986
[1]: 126.089607 126.122925
[1]: 131.028717 130.843796
[0]: 125.184540 124.891190
[0]: 117.629715 117.632103
[0]: 117.040237 117.247887
[0]: 91.358788 91.521843
[0]: 115.140099 115.437042
[0]: 129.477005 129.795883
[0]: 121.617790 121.578682
[0]: 124.257462 123.861870
[0]: 104.267242 103.972305
[0]: 120.783714 121.032570
[0]: 151.145676 151.454742
[0]: 124.456421 124.158813
[0]: 131.232407 131.248230
[0]: 105.201530 105.238052
[0]: 116.690201 117.011108
[0]: 129.929138 130.063766
[0]: 116.237305 116.268654
[0]: 156.388901 155.970764
[0]: 123.832359 124.307205
[0]: 141.836990 141.321823
[0]: 127.347633 127.129501
[0]: 105.582962 105.662453
[0]: 105.677246 105.882210
[0]: 112.254974 112.333275
[0]: 126.232841 126.447815
[0]: 147.352859 147.295670
[0]: 128.778915 128.576889
[0]: 112.746140 112.386185
[0]: 139.138382 138.924698
[0]: 185.719971 185.904358
[0]: 143.669693 143.981277
[0]: 146.726578 146.401062
[0]: 127.560570 127.767845
[0]: 137.385040 137.356873
