[4]: 88.657509 132.432159
[4]: 128.536835 126.836334
[4]: 126.357170 117.904129
[4]: 173.547958 173.930054
[4]: 129.548584 124.594322
[4]: 128.497391 126.765602
[4]: 127.454613 122.387993
[4]: 127.960632 126.389420
[4]: 128.408920 111.252876
[4]: 128.957855 123.659187
[4]: 127.778748 133.923080
[4]: 128.691376 128.397034
[4]: 126.167908 127.930695
[4]: 130.033386 122.162163
[4]: 126.823814 123.592026
[4]: 130.826813 132.753708
[4]: 126.079430 118.670052
[4]: 61.502121 67.263580
[4]: 125.597694 125.855522
[4]: 127.641441 131.628586
[4]: 129.404327 130.921097
[4]: 129.120743 113.843704
[4]: 128.543442 117.078583
[4]: 129.229187 123.219727
[4]: 127.420670 128.845459
[4]: 126.715378 137.093811
[4]: 126.916603 133.075012
[4]: 129.053696 118.086906
[4]: 124.772346 129.906662
[4]: 125.679489 74.227898
[4]: 126.621269 133.324158
[4]: 170.860397 140.945679
[4]: 128.918411 131.868683
[4]: 123.657372 128.115768
[3]: 170.662048 129.667557
[3]: 127.722435 129.926086
[3]: 126.858253 127.448074
[3]: 88.654861 60.540619
[3]: 129.014969 131.771637
[3]: 128.704285 126.479179
[3]: 129.812012 135.141663
[3]: 127.018379 130.633560
[3]: 127.545792 135.352875
[3]: 126.014076 125.978561
[3]: 124.375519 119.108917
[3]: 127.757263 127.657806
[3]: 127.620331 128.203644
[3]: 128.152344 132.660767
[3]: 127.936646 129.234131
[3]: 131.294159 131.750046
[3]: 127.891823 132.714172
[3]: 125.651970 155.685638
[3]: 127.138557 124.603302
[3]: 126.139671 122.442459
[3]: 127.186279 124.990410
[3]: 128.124481 136.959061
[3]: 126.119591 132.554504
[3]: 127.905083 128.384995
[3]: 129.650421 129.326920
[3]: 123.453247 120.673088
[3]: 127.675163 128.321609
[3]: 128.677979 128.891006
[3]: 127.379745 125.635117
[3]: 57.851807 64.354279
[3]: 129.703018 128.957504
[3]: 81.753998 117.774368
[3]: 128.124634 124.986511
[3]: 126.297943 121.671371
[2]: 166.855301 127.894775
[2]: 131.528305 136.264862
[2]: 130.488434 137.254089
[2]: 94.733208 113.327965
[2]: 129.242905 139.689117
[2]: 126.273849 126.364342
[2]: 134.357681 130.981094
[2]: 134.806915 128.233978
[2]: 139.381821 143.741364
[2]: 134.166550 136.178146
[2]: 114.777077 114.198883
[2]: 132.037918 130.096924
[2]: 134.215775 122.856323
[2]: 140.772736 141.394409
[2]: 134.993881 131.694214
[2]: 129.454605 125.654327
[2]: 134.281494 135.343277
[2]: 124.843475 68.268845
[2]: 128.551010 129.859833
[2]: 118.953835 117.726288
[2]: 126.546761 129.149658
[2]: 133.666122 144.983566
[2]: 134.223175 140.783249
[2]: 144.242142 136.607025
[2]: 128.924072 122.202629
[2]: 121.520065 115.770721
[2]: 118.423309 127.232552
[2]: 130.475601 141.488953
[2]: 121.199799 117.123810
[2]: 186.362946 187.028641
[2]: 118.124382 115.487915
[2]: 72.506203 115.701958
[2]: 138.322983 126.823853
[2]: 116.053474 119.795769
[1]: 83.398750 124.435265
[1]: 128.643036 126.022057
[1]: 131.790878 136.218262
[1]: 176.127213 195.582352
[1]: 128.236084 128.496063
[1]: 125.774200 127.885963
[1]: 130.474045 126.182396
[1]: 128.498062 126.707695
[1]: 132.436066 139.348587
[1]: 129.365952 128.695145
[1]: 121.321800 120.969055
[1]: 127.343452 129.116302
[1]: 131.045227 129.162750
[1]: 130.483383 133.181931
[1]: 130.812958 133.151993
[1]: 125.155762 118.258011
[1]: 133.166626 134.611816
[1]: 191.375595 191.817841
[1]: 129.803040 132.786499
[1]: 122.122681 122.490532
[1]: 123.982452 125.744560
[1]: 130.241196 135.743011
[1]: 129.611099 140.021667
[1]: 133.791595 134.113419
[1]: 130.428802 129.365189
[1]: 124.630806 119.186768
[1]: 124.310371 122.164551
[1]: 129.659073 136.165558
[1]: 127.825684 127.482735
[1]: 119.950241 131.550781
[1]: 125.708473 119.676590
[1]: 163.017181 117.413986
[1]: 130.698975 126.122925
[1]: 126.457497 130.843796
[0]: 144.400269 124.891190
[0]: 118.238419 117.632103
[0]: 118.879341 117.247887
[0]: 79.838150 91.521843
[0]: 123.253380 115.437042
[0]: 127.840385 129.795883
[0]: 109.466232 121.578682
[0]: 114.408531 123.861870
[0]: 100.051460 103.972305
[0]: 113.573723 121.032570
[0]: 158.399704 151.454742
[0]: 122.559441 124.158813
[0]: 117.528633 131.248230
[0]: 98.776535 105.238052
[0]: 110.193214 117.011108
[0]: 118.529297 130.063766
[0]: 113.017525 116.268654
[0]: 142.501953 155.970764
[0]: 126.383415 124.307205
[0]: 144.660568 141.321823
[0]: 132.161407 127.129501
[0]: 113.676636 105.662453
[0]: 116.654762 105.882210
[0]: 90.017860 112.333275
[0]: 116.366669 126.447815
[0]: 148.425156 147.295670
[0]: 147.455414 128.576889
[0]: 116.960823 112.386185
[0]: 140.918289 138.924698
[0]: 169.747635 185.904358
[0]: 144.478409 143.981277
[0]: 142.635010 146.401062
[0]: 105.091194 127.767845
[0]: 151.525833 137.356873
