[4]: 91.621025 132.432159
[4]: 133.133133 126.836334
[4]: 128.829300 117.904129
[4]: 179.928391 173.930054
[4]: 138.245850 124.594322
[4]: 128.564270 126.765602
[4]: 125.597328 122.387993
[4]: 136.454742 126.389420
[4]: 133.205887 111.252876
[4]: 132.468536 123.659187
[4]: 123.803307 133.923080
[4]: 123.518303 128.397034
[4]: 122.939621 127.930695
[4]: 140.383133 122.162163
[4]: 125.457039 123.592026
[4]: 127.301453 132.753708
[4]: 132.329742 118.670052
[4]: 59.077705 67.263580
[4]: 131.634460 125.855522
[4]: 125.384636 131.628586
[4]: 134.332657 130.921097
[4]: 135.824265 113.843704
[4]: 133.856705 117.078583
[4]: 136.848923 123.219727
[4]: 128.023514 128.845459
[4]: 117.180962 137.093811
[4]: 128.026871 133.075012
[4]: 130.561523 118.086906
[4]: 120.072044 129.906662
[4]: 125.574257 74.227898
[4]: 126.016800 133.324158
[4]: 166.989563 140.945679
[4]: 130.059845 131.868683
[4]: 118.960045 128.115768
[3]: 170.744888 129.667557
[3]: 126.454208 129.926086
[3]: 124.806572 127.448074
[3]: 86.839317 60.540619
[3]: 129.238281 131.771637
[3]: 127.087204 126.479179
[3]: 128.468445 135.141663
[3]: 128.613922 130.633560
[3]: 127.115051 135.352875
[3]: 125.264130 125.978561
[3]: 126.179565 119.108917
[3]: 128.541931 127.657806
[3]: 127.468582 128.203644
[3]: 127.411407 132.660767
[3]: 127.360100 129.234131
[3]: 129.764481 131.750046
[3]: 126.867096 132.714172
[3]: 126.932579 155.685638
[3]: 126.443703 124.603302
[3]: 126.191620 122.442459
[3]: 126.437447 124.990410
[3]: 127.819206 136.959061
[3]: 127.126907 132.554504
[3]: 127.334641 128.384995
[3]: 128.020233 129.326920
[3]: 125.469742 120.673088
[3]: 129.007538 128.321609
[3]: 127.045761 128.891006
[3]: 128.796448 125.635117
[3]: 63.091007 64.354279
[3]: 128.796585 128.957504
[3]: 83.653625 117.774368
[3]: 127.825584 124.986511
[3]: 125.624687 121.671371
[2]: 169.272903 127.894775
[2]: 129.111435 136.264862
[2]: 129.774078 137.254089
[2]: 83.783981 113.327965
[2]: 128.690796 139.689117
[2]: 128.415619 126.364342
[2]: 126.781181 130.981094
[2]: 128.243256 128.233978
[2]: 127.600418 143.741364
[2]: 129.384140 136.178146
[2]: 126.705002 114.198883
[2]: 127.333244 130.096924
[2]: 128.449692 122.856323
[2]: 129.467621 141.394409
[2]: 127.402779 131.694214
[2]: 125.725594 125.654327
[2]: 130.146484 135.343277
[2]: 129.246582 68.268845
[2]: 130.047836 129.859833
[2]: 126.768211 117.726288
[2]: 129.692108 129.149658
[2]: 128.034729 144.983566
[2]: 129.174515 140.783249
[2]: 128.458954 136.607025
[2]: 125.902908 122.202629
[2]: 127.671051 115.770721
[2]: 126.306396 127.232552
[2]: 128.120102 141.488953
[2]: 125.483582 117.123810
[2]: 191.856308 187.028641
[2]: 127.007820 115.487915
[2]: 85.239609 115.701958
[2]: 127.802101 126.823853
[2]: 127.338005 119.795769
[1]: 85.968246 124.435265
[1]: 128.587067 126.022057
[1]: 137.878998 136.218262
[1]: 180.724976 195.582352
[1]: 137.871994 128.496063
[1]: 125.662209 127.885963
[1]: 126.545578 126.182396
[1]: 134.120270 126.707695
[1]: 132.346252 139.348587
[1]: 127.255005 128.695145
[1]: 117.542122 120.969055
[1]: 123.195236 129.116302
[1]: 132.850342 129.162750
[1]: 138.093796 133.181931
[1]: 131.634369 133.151993
[1]: 118.821960 118.258011
[1]: 141.705429 134.611816
[1]: 194.021652 191.817841
[1]: 138.934219 132.786499
[1]: 122.072327 122.490532
[1]: 126.586243 125.744560
[1]: 129.609528 135.743011
[1]: 137.504181 140.021667
[1]: 139.541672 134.113419
[1]: 126.427307 129.365189
[1]: 116.709244 119.186768
[1]: 121.131462 122.164551
[1]: 134.109268 136.165558
[1]: 123.612717 127.482735
[1]: 123.458969 131.550781
[1]: 126.086426 119.676590
[1]: 160.014282 117.413986
[1]: 128.453873 126.122925
[1]: 123.196777 130.843796
[0]: 82.025925 124.891190
[0]: 118.291161 117.632103
[0]: 113.602036 117.247887
[0]: 140.909698 91.521843
[0]: 101.980934 115.437042
[0]: 127.043282 129.795883
[0]: 129.537766 121.578682
[0]: 103.922546 123.861870
[0]: 112.801071 103.972305
[0]: 120.297485 121.032570
[0]: 147.539581 151.454742
[0]: 138.886017 124.158813
[0]: 127.512802 131.248230
[0]: 94.772896 105.238052
[0]: 122.857307 117.011108
[0]: 138.082703 130.063766
[0]: 103.087196 116.268654
[0]: 132.042633 155.970764
[0]: 106.824318 124.307205
[0]: 135.774078 141.321823
[0]: 118.970543 127.129501
[0]: 115.504341 105.662453
[0]: 106.703270 105.882210
[0]: 98.434067 112.333275
[0]: 128.348694 126.447815
[0]: 157.018311 147.295670
[0]: 136.135513 128.576889
[0]: 116.689987 112.386185
[0]: 143.288483 138.924698
[0]: 135.813492 185.904358
[0]: 133.260208 143.981277
[0]: 182.493622 146.401062
[0]: 122.220673 127.767845
[0]: 145.725449 137.356873
