[4]: 134.631256 132.432159
[4]: 126.705551 126.836334
[4]: 116.235893 117.904129
[4]: 173.394821 173.930054
[4]: 126.511856 124.594322
[4]: 126.454796 126.765602
[4]: 121.750122 122.387993
[4]: 127.266953 126.389420
[4]: 113.497078 111.252876
[4]: 122.816345 123.659187
[4]: 135.258652 133.923080
[4]: 128.189972 128.397034
[4]: 128.396790 127.930695
[4]: 122.574440 122.162163
[4]: 124.433617 123.592026
[4]: 133.563461 132.753708
[4]: 119.245613 118.670052
[4]: 67.938751 67.263580
[4]: 125.984192 125.855522
[4]: 131.175919 131.628586
[4]: 129.420578 130.921097
[4]: 114.259125 113.843704
[4]: 115.926506 117.078583
[4]: 123.583374 123.219727
[4]: 126.623123 128.845459
[4]: 136.932190 137.093811
[4]: 134.122330 133.075012
[4]: 118.756676 118.086906
[4]: 131.788605 129.906662
[4]: 72.855064 74.227898
[4]: 135.130630 133.324158
[4]: 138.245697 140.945679
[4]: 131.970123 131.868683
[4]: 128.961838 128.115768
[3]: 126.968102 129.667557
[3]: 129.263428 129.926086
[3]: 128.395721 127.448074
[3]: 60.528255 60.540619
[3]: 131.883224 131.771637
[3]: 127.346344 126.479179
[3]: 135.268127 135.141663
[3]: 129.354889 130.633560
[3]: 133.461639 135.352875
[3]: 126.104401 125.978561
[3]: 117.048439 119.108917
[3]: 127.375893 127.657806
[3]: 127.882904 128.203644
[3]: 132.038635 132.660767
[3]: 128.999222 129.234131
[3]: 131.488205 131.750046
[3]: 133.333954 132.714172
[3]: 158.228470 155.685638
[3]: 124.106827 124.603302
[3]: 123.087234 122.442459
[3]: 126.050240 124.990410
[3]: 137.342819 136.959061
[3]: 132.699738 132.554504
[3]: 128.667526 128.384995
[3]: 130.942627 129.326920
[3]: 120.355667 120.673088
[3]: 127.110275 128.321609
[3]: 128.620499 128.891006
[3]: 125.038094 125.635117
[3]: 64.993179 64.354279
[3]: 128.580063 128.957504
[3]: 121.181595 117.774368
[3]: 125.500824 124.986511
[3]: 122.187630 121.671371
[2]: 125.823784 127.894775
[2]: 136.549057 136.264862
[2]: 137.297821 137.254089
[2]: 111.261154 113.327965
[2]: 139.049377 139.689117
[2]: 126.937210 126.364342
[2]: 129.937607 130.981094
[2]: 128.432053 128.233978
[2]: 142.569931 143.741364
[2]: 137.956024 136.178146
[2]: 113.998650 114.198883
[2]: 128.141693 130.096924
[2]: 122.689240 122.856323
[2]: 140.057632 141.394409
[2]: 132.116837 131.694214
[2]: 126.165901 125.654327
[2]: 134.186691 135.343277
[2]: 67.011589 68.268845
[2]: 130.215820 129.859833
[2]: 118.045006 117.726288
[2]: 131.489761 129.149658
[2]: 144.242188 144.983566
[2]: 143.136444 140.783249
[2]: 137.612244 136.607025
[2]: 124.383553 122.202629
[2]: 116.135971 115.770721
[2]: 126.330132 127.232552
[2]: 139.757263 141.488953
[2]: 116.000076 117.123810
[2]: 185.475876 187.028641
[2]: 114.482376 115.487915
[2]: 118.157646 115.701958
[2]: 125.854980 126.823853
[2]: 120.711624 119.795769
[1]: 125.937141 124.435265
[1]: 126.776588 126.022057
[1]: 136.900192 136.218262
[1]: 195.872742 195.582352
[1]: 127.196503 128.496063
[1]: 127.346092 127.885963
[1]: 126.575729 126.182396
[1]: 126.471565 126.707695
[1]: 137.815399 139.348587
[1]: 129.014008 128.695145
[1]: 120.582108 120.969055
[1]: 130.133026 129.116302
[1]: 128.984436 129.162750
[1]: 133.809647 133.181931
[1]: 133.035400 133.151993
[1]: 117.900658 118.258011
[1]: 134.799149 134.611816
[1]: 190.686584 191.817841
[1]: 132.675537 132.786499
[1]: 122.677948 122.490532
[1]: 126.368027 125.744560
[1]: 136.480515 135.743011
[1]: 139.903076 140.021667
[1]: 133.398285 134.113419
[1]: 129.905167 129.365189
[1]: 118.881447 119.186768
[1]: 121.487358 122.164551
[1]: 136.228394 136.165558
[1]: 125.867676 127.482735
[1]: 133.219757 131.550781
[1]: 118.381332 119.676590
[1]: 115.812599 117.413986
[1]: 125.944221 126.122925
[1]: 128.769897 130.843796
[0]: 126.027245 124.891190
[0]: 117.276772 117.632103
[0]: 117.127815 117.247887
[0]: 93.201134 91.521843
[0]: 115.257439 115.437042
[0]: 129.174057 129.795883
[0]: 122.843048 121.578682
[0]: 124.355766 123.861870
[0]: 106.427452 103.972305
[0]: 119.453415 121.032570
[0]: 153.054581 151.454742
[0]: 125.648270 124.158813
[0]: 131.515808 131.248230
[0]: 106.063004 105.238052
[0]: 115.955048 117.011108
[0]: 129.361099 130.063766
[0]: 115.949890 116.268654
[0]: 155.780121 155.970764
[0]: 124.395821 124.307205
[0]: 140.651794 141.321823
[0]: 124.342186 127.129501
[0]: 104.647499 105.662453
[0]: 104.405792 105.882210
[0]: 111.201653 112.333275
[0]: 124.158928 126.447815
[0]: 147.879318 147.295670
[0]: 130.495193 128.576889
[0]: 113.623344 112.386185
[0]: 140.634354 138.924698
[0]: 186.362305 185.904358
[0]: 145.111908 143.981277
[0]: 144.797668 146.401062
[0]: 128.317688 127.767845
[0]: 137.223740 137.356873
