[4]: 132.432159 88.667213
[4]: 126.836334 128.216156
[4]: 117.904129 126.318764
[4]: 173.930054 173.148041
[4]: 124.594322 129.608185
[4]: 126.765602 128.173615
[4]: 122.387993 127.190788
[4]: 126.389420 127.697662
[4]: 111.252876 128.473129
[4]: 123.659187 128.648117
[4]: 133.923080 128.332718
[4]: 128.397034 128.615814
[4]: 127.930695 126.162476
[4]: 122.162163 129.194504
[4]: 123.592026 126.253815
[4]: 132.753708 130.896637
[4]: 118.670052 125.901375
[4]: 67.263580 61.880688
[4]: 125.855522 125.253197
[4]: 131.628586 128.021439
[4]: 130.921097 129.198700
[4]: 113.843704 128.461853
[4]: 117.078583 128.275055
[4]: 123.219727 128.515533
[4]: 128.845459 127.652443
[4]: 137.093811 126.789963
[4]: 133.075012 127.277458
[4]: 118.086906 128.295883
[4]: 129.906662 125.404190
[4]: 74.227898 125.691681
[4]: 133.324158 126.966255
[4]: 140.945679 171.270584
[4]: 131.868683 128.960617
[4]: 128.115768 123.412300
[3]: 129.667557 169.993576
[3]: 129.926086 127.417168
[3]: 127.448074 127.230743
[3]: 60.540619 88.280075
[3]: 131.771637 128.983505
[3]: 126.479179 128.375824
[3]: 135.141663 129.667160
[3]: 130.633560 127.559555
[3]: 135.352875 127.627235
[3]: 125.978561 125.249779
[3]: 119.108917 124.045296
[3]: 127.657806 127.841415
[3]: 128.203644 127.290596
[3]: 132.660767 127.753136
[3]: 129.234131 127.356789
[3]: 131.750046 131.149551
[3]: 132.714172 127.584625
[3]: 155.685638 126.238358
[3]: 124.603302 127.192688
[3]: 122.442459 126.126122
[3]: 124.990410 127.231789
[3]: 136.959061 127.082237
[3]: 132.554504 126.827911
[3]: 128.384995 127.191422
[3]: 129.326920 130.065369
[3]: 120.673088 123.390373
[3]: 128.321609 128.118134
[3]: 128.891006 128.335739
[3]: 125.635117 127.248734
[3]: 64.354279 57.474255
[3]: 128.957504 129.869705
[3]: 117.774368 81.461266
[3]: 124.986511 128.074112
[3]: 121.671371 125.760445
[2]: 127.894775 167.085785
[2]: 136.264862 131.389404
[2]: 137.254089 132.078522
[2]: 113.327965 95.806816
[2]: 139.689117 131.028107
[2]: 126.364342 125.074715
[2]: 130.981094 135.196640
[2]: 128.233978 135.730713
[2]: 143.741364 140.533722
[2]: 136.178146 133.566589
[2]: 114.198883 114.145103
[2]: 130.096924 132.321075
[2]: 122.856323 134.376770
[2]: 141.394409 140.908417
[2]: 131.694214 135.042282
[2]: 125.654327 129.245941
[2]: 135.343277 135.139145
[2]: 68.268845 124.304482
[2]: 129.859833 128.101868
[2]: 117.726288 119.697685
[2]: 129.149658 126.026810
[2]: 144.983566 133.739365
[2]: 140.783249 134.362762
[2]: 136.607025 143.660934
[2]: 122.202629 130.280869
[2]: 115.770721 121.083099
[2]: 127.232552 118.839157
[2]: 141.488953 129.776031
[2]: 117.123810 120.078949
[2]: 187.028641 185.609818
[2]: 115.487915 119.173126
[2]: 115.701958 71.938087
[2]: 126.823853 139.706589
[2]: 119.795769 113.322556
[1]: 124.435265 83.207558
[1]: 126.022057 128.325668
[1]: 136.218262 132.117615
[1]: 195.582352 175.553864
[1]: 128.496063 128.473389
[1]: 127.885963 125.580048
[1]: 126.182396 130.529678
[1]: 126.707695 128.602325
[1]: 139.348587 131.907501
[1]: 128.695145 128.331573
[1]: 120.969055 121.435677
[1]: 129.116302 127.279205
[1]: 129.162750 130.748611
[1]: 133.181931 130.340759
[1]: 133.151993 130.672546
[1]: 118.258011 124.660454
[1]: 134.611816 132.865799
[1]: 191.817841 191.496521
[1]: 132.786499 130.146225
[1]: 122.490532 122.406151
[1]: 125.744560 124.004623
[1]: 135.743011 130.071655
[1]: 140.021667 129.691483
[1]: 134.113419 132.784195
[1]: 129.365189 130.505554
[1]: 119.186768 124.880249
[1]: 122.164551 124.711327
[1]: 136.165558 129.705704
[1]: 127.482735 127.421089
[1]: 131.550781 120.501991
[1]: 119.676590 126.235664
[1]: 117.413986 163.399597
[1]: 126.122925 130.209412
[1]: 130.843796 126.404938
[0]: 124.891190 148.260193
[0]: 117.632103 119.922638
[0]: 117.247887 115.794670
[0]: 91.521843 77.578484
[0]: 115.437042 120.509071
[0]: 129.795883 130.714615
[0]: 121.578682 109.013550
[0]: 123.861870 112.756714
[0]: 103.972305 99.246529
[0]: 121.032570 117.659760
[0]: 151.454742 158.506500
[0]: 124.158813 122.358711
[0]: 131.248230 118.377518
[0]: 105.238052 100.906631
[0]: 117.011108 112.226601
[0]: 130.063766 119.713387
[0]: 116.268654 113.175774
[0]: 155.970764 141.699615
[0]: 124.307205 126.919617
[0]: 141.321823 142.586990
[0]: 127.129501 133.077362
[0]: 105.662453 116.510300
[0]: 105.882210 115.768364
[0]: 112.333275 94.713051
[0]: 126.447815 113.463280
[0]: 147.295670 148.521164
[0]: 128.576889 144.958908
[0]: 112.386185 119.521942
[0]: 138.924698 142.120361
[0]: 185.904358 171.245407
[0]: 143.981277 141.392975
[0]: 146.401062 139.446487
[0]: 127.767845 104.175659
[0]: 137.356873 156.227493
