[4]: 133.666611 132.432159
[4]: 125.890823 126.836334
[4]: 117.071045 117.904129
[4]: 173.184891 173.930054
[4]: 126.791374 124.594322
[4]: 126.625946 126.765602
[4]: 122.175156 122.387993
[4]: 128.005768 126.389420
[4]: 113.861389 111.252876
[4]: 123.404114 123.659187
[4]: 135.138763 133.923080
[4]: 128.863373 128.397034
[4]: 128.928482 127.930695
[4]: 122.308464 122.162163
[4]: 125.247704 123.592026
[4]: 134.198334 132.753708
[4]: 120.352852 118.670052
[4]: 67.405937 67.263580
[4]: 125.582359 125.855522
[4]: 130.506012 131.628586
[4]: 129.953247 130.921097
[4]: 113.474213 113.843704
[4]: 117.434967 117.078583
[4]: 121.868431 123.219727
[4]: 128.140274 128.845459
[4]: 136.384964 137.093811
[4]: 135.473495 133.075012
[4]: 117.936157 118.086906
[4]: 130.380539 129.906662
[4]: 73.072624 74.227898
[4]: 134.720337 133.324158
[4]: 139.205704 140.945679
[4]: 132.074051 131.868683
[4]: 130.044220 128.115768
[3]: 126.907623 129.667557
[3]: 129.123184 129.926086
[3]: 126.954788 127.448074
[3]: 60.686195 60.540619
[3]: 131.840912 131.771637
[3]: 127.288071 126.479179
[3]: 135.194290 135.141663
[3]: 129.646454 130.633560
[3]: 134.324677 135.352875
[3]: 126.268829 125.978561
[3]: 117.118500 119.108917
[3]: 126.296829 127.657806
[3]: 127.330391 128.203644
[3]: 132.639816 132.660767
[3]: 128.490646 129.234131
[3]: 130.809860 131.750046
[3]: 132.873840 132.714172
[3]: 158.222214 155.685638
[3]: 123.796638 124.603302
[3]: 124.155022 122.442459
[3]: 126.072823 124.990410
[3]: 137.724442 136.959061
[3]: 131.515839 132.554504
[3]: 130.654678 128.384995
[3]: 129.903168 129.326920
[3]: 121.262886 120.673088
[3]: 126.227295 128.321609
[3]: 129.894562 128.891006
[3]: 125.958778 125.635117
[3]: 64.982483 64.354279
[3]: 128.812286 128.957504
[3]: 121.191475 117.774368
[3]: 125.684555 124.986511
[3]: 121.098785 121.671371
[2]: 126.715073 127.894775
[2]: 137.077820 136.264862
[2]: 136.474136 137.254089
[2]: 111.670593 113.327965
[2]: 138.471909 139.689117
[2]: 126.022278 126.364342
[2]: 129.391464 130.981094
[2]: 127.743637 128.233978
[2]: 141.052124 143.741364
[2]: 137.229874 136.178146
[2]: 114.042969 114.198883
[2]: 128.538742 130.096924
[2]: 122.270767 122.856323
[2]: 140.527374 141.394409
[2]: 131.389008 131.694214
[2]: 125.962761 125.654327
[2]: 133.463791 135.343277
[2]: 67.240372 68.268845
[2]: 131.020920 129.859833
[2]: 117.307289 117.726288
[2]: 130.670990 129.149658
[2]: 145.476044 144.983566
[2]: 141.508118 140.783249
[2]: 138.083466 136.607025
[2]: 123.344131 122.202629
[2]: 116.144890 115.770721
[2]: 125.671150 127.232552
[2]: 140.851929 141.488953
[2]: 116.494034 117.123810
[2]: 185.867920 187.028641
[2]: 115.168282 115.487915
[2]: 116.482971 115.701958
[2]: 126.208542 126.823853
[2]: 118.480423 119.795769
[1]: 126.404083 124.435265
[1]: 127.091026 126.022057
[1]: 137.397644 136.218262
[1]: 195.965927 195.582352
[1]: 127.083115 128.496063
[1]: 127.772232 127.885963
[1]: 126.416496 126.182396
[1]: 126.533295 126.707695
[1]: 138.107559 139.348587
[1]: 128.615402 128.695145
[1]: 120.277512 120.969055
[1]: 130.490143 129.116302
[1]: 128.608337 129.162750
[1]: 133.388947 133.181931
[1]: 133.049896 133.151993
[1]: 117.985100 118.258011
[1]: 134.067596 134.611816
[1]: 190.800552 191.817841
[1]: 133.125168 132.786499
[1]: 123.582878 122.490532
[1]: 126.004265 125.744560
[1]: 136.857758 135.743011
[1]: 139.800720 140.021667
[1]: 133.641861 134.113419
[1]: 129.118271 129.365189
[1]: 119.126961 119.186768
[1]: 121.107559 122.164551
[1]: 134.885696 136.165558
[1]: 126.539345 127.482735
[1]: 132.813828 131.550781
[1]: 118.986732 119.676590
[1]: 116.118347 117.413986
[1]: 125.888016 126.122925
[1]: 129.327805 130.843796
[0]: 125.669304 124.891190
[0]: 117.405647 117.632103
[0]: 118.116943 117.247887
[0]: 92.652008 91.521843
[0]: 115.756134 115.437042
[0]: 129.568878 129.795883
[0]: 123.208412 121.578682
[0]: 123.904655 123.861870
[0]: 106.356857 103.972305
[0]: 119.871956 121.032570
[0]: 153.442642 151.454742
[0]: 125.271233 124.158813
[0]: 132.403320 131.248230
[0]: 105.624901 105.238052
[0]: 116.377335 117.011108
[0]: 129.565521 130.063766
[0]: 116.806641 116.268654
[0]: 155.559158 155.970764
[0]: 123.800362 124.307205
[0]: 140.017548 141.321823
[0]: 125.042168 127.129501
[0]: 103.284401 105.662453
[0]: 105.897942 105.882210
[0]: 110.085876 112.333275
[0]: 125.622063 126.447815
[0]: 147.238358 147.295670
[0]: 131.156006 128.576889
[0]: 113.398933 112.386185
[0]: 139.874023 138.924698
[0]: 186.437836 185.904358
[0]: 143.906799 143.981277
[0]: 145.268219 146.401062
[0]: 127.693138 127.767845
[0]: 139.042343 137.356873
