[4]: 132.788162 132.432159
[4]: 126.738838 126.836334
[4]: 118.005707 117.904129
[4]: 174.016571 173.930054
[4]: 124.377861 124.594322
[4]: 126.708557 126.765602
[4]: 122.305634 122.387993
[4]: 126.441849 126.389420
[4]: 111.414886 111.252876
[4]: 123.871483 123.659187
[4]: 133.788788 133.923080
[4]: 128.299133 128.397034
[4]: 127.669548 127.930695
[4]: 122.052010 122.162163
[4]: 123.641006 123.592026
[4]: 132.356064 132.753708
[4]: 118.401886 118.670052
[4]: 67.179497 67.263580
[4]: 125.936493 125.855522
[4]: 132.079208 131.628586
[4]: 130.706726 130.921097
[4]: 113.861572 113.843704
[4]: 117.199394 117.078583
[4]: 123.462936 123.219727
[4]: 128.798309 128.845459
[4]: 137.022430 137.093811
[4]: 133.069458 133.075012
[4]: 117.980255 118.086906
[4]: 129.857849 129.906662
[4]: 74.273293 74.227898
[4]: 132.910492 133.324158
[4]: 140.820740 140.945679
[4]: 131.946411 131.868683
[4]: 127.885353 128.115768
[3]: 129.302170 129.667557
[3]: 129.840347 129.926086
[3]: 126.999535 127.448074
[3]: 60.628319 60.540619
[3]: 131.646927 131.771637
[3]: 126.820969 126.479179
[3]: 135.331589 135.141663
[3]: 130.846420 130.633560
[3]: 135.208771 135.352875
[3]: 125.370667 125.978561
[3]: 119.188759 119.108917
[3]: 127.858955 127.657806
[3]: 128.315796 128.203644
[3]: 132.782440 132.660767
[3]: 128.957184 129.234131
[3]: 132.138092 131.750046
[3]: 132.837479 132.714172
[3]: 155.633377 155.685638
[3]: 123.993927 124.603302
[3]: 122.585899 122.442459
[3]: 125.459175 124.990410
[3]: 137.172256 136.959061
[3]: 132.769440 132.554504
[3]: 128.344284 128.384995
[3]: 129.366470 129.326920
[3]: 120.483612 120.673088
[3]: 128.427414 128.321609
[3]: 129.017120 128.891006
[3]: 125.647697 125.635117
[3]: 64.409668 64.354279
[3]: 129.322403 128.957504
[3]: 117.898499 117.774368
[3]: 124.997200 124.986511
[3]: 121.998444 121.671371
[2]: 127.525940 127.894775
[2]: 136.343170 136.264862
[2]: 137.364563 137.254089
[2]: 113.210938 113.327965
[2]: 139.676056 139.689117
[2]: 126.488510 126.364342
[2]: 131.036789 130.981094
[2]: 128.182755 128.233978
[2]: 143.704788 143.741364
[2]: 136.117081 136.178146
[2]: 114.251633 114.198883
[2]: 130.085083 130.096924
[2]: 122.805191 122.856323
[2]: 141.289383 141.394409
[2]: 131.703110 131.694214
[2]: 125.561211 125.654327
[2]: 135.340057 135.343277
[2]: 68.368874 68.268845
[2]: 130.153076 129.859833
[2]: 117.454109 117.726288
[2]: 129.466721 129.149658
[2]: 144.921631 144.983566
[2]: 141.079086 140.783249
[2]: 136.531769 136.607025
[2]: 122.048447 122.202629
[2]: 115.831444 115.770721
[2]: 127.138390 127.232552
[2]: 141.789062 141.488953
[2]: 117.278770 117.123810
[2]: 187.031372 187.028641
[2]: 115.484833 115.487915
[2]: 115.961136 115.701958
[2]: 126.702072 126.823853
[2]: 119.825615 119.795769
[1]: 124.321693 124.435265
[1]: 126.176979 126.022057
[1]: 136.289124 136.218262
[1]: 195.637543 195.582352
[1]: 128.964539 128.496063
[1]: 127.798393 127.885963
[1]: 126.305405 126.182396
[1]: 126.831047 126.707695
[1]: 139.338211 139.348587
[1]: 128.756241 128.695145
[1]: 121.245789 120.969055
[1]: 129.129517 129.116302
[1]: 129.081436 129.162750
[1]: 133.118225 133.181931
[1]: 133.405777 133.151993
[1]: 118.452232 118.258011
[1]: 134.943268 134.611816
[1]: 191.882721 191.817841
[1]: 132.860031 132.786499
[1]: 122.066628 122.490532
[1]: 125.370399 125.744560
[1]: 135.642929 135.743011
[1]: 139.783661 140.021667
[1]: 134.030701 134.113419
[1]: 129.512543 129.365189
[1]: 119.522987 119.186768
[1]: 122.224129 122.164551
[1]: 136.059387 136.165558
[1]: 127.486130 127.482735
[1]: 131.580963 131.550781
[1]: 120.170357 119.676590
[1]: 117.500626 117.413986
[1]: 126.019096 126.122925
[1]: 130.574417 130.843796
[0]: 125.420708 124.891190
[0]: 117.559601 117.632103
[0]: 117.420448 117.247887
[0]: 91.421051 91.521843
[0]: 115.283356 115.437042
[0]: 129.449997 129.795883
[0]: 121.242081 121.578682
[0]: 123.479019 123.861870
[0]: 103.956757 103.972305
[0]: 121.465576 121.032570
[0]: 151.204315 151.454742
[0]: 124.035706 124.158813
[0]: 131.554123 131.248230
[0]: 105.361961 105.238052
[0]: 116.953499 117.011108
[0]: 129.950500 130.063766
[0]: 116.035362 116.268654
[0]: 155.909409 155.970764
[0]: 124.494095 124.307205
[0]: 141.465485 141.321823
[0]: 126.920708 127.129501
[0]: 105.536476 105.662453
[0]: 105.415657 105.882210
[0]: 112.261086 112.333275
[0]: 126.450592 126.447815
[0]: 147.189926 147.295670
[0]: 128.502823 128.576889
[0]: 112.132988 112.386185
[0]: 138.812637 138.924698
[0]: 186.010452 185.904358
[0]: 143.510269 143.981277
[0]: 146.072876 146.401062
[0]: 127.921219 127.767845
[0]: 137.532104 137.356873
