[19]: 1999  8 27  6 15 FLORENCE    7.1   5.2  125  119 1968  8 15 18 15 CHRIS       7.2   5.9   86  339
[18]: 1990 11 26  6 15 TONY        7.2   5.6  132  735 1978 12 14  0  5 JOYCE       7.1   4.3   43  618
[17]: 1990 11 26  6 15 TONY        7.2   5.6  132  735 1999  1 26  6  7 KIRK        7.4   6.0   82  381
[16]: 1976  8  7  6 14 BERYL       7.2   4.6   90   20 1993 12  1 18 17 BERYL       7.4   5.8   65  644
[15]: 1978 12 14  0  5 JOYCE       7.1   4.3   43  618 1966  6  8 18  7 GORDON      7.6   6.4  116  878
[14]: 1999  8 27  6 15 FLORENCE    7.1   5.2  125  119 1974  7 19 12 11 FLORENCE    7.4   3.6  103  215
[13]: 2003 10 15 18  7 GORDON      7.0   5.5   96  195 1977  3 26 18 22 TONY        7.3   5.1   89   15
[12]: 1964  6 25 12  9 ISAAC       7.1   5.8  132  283 1974  7 19 12 11 FLORENCE    7.4   3.6  103  215
[11]: 1970  1 28 12 11 ISAAC       7.0   6.0   78   92 1976  6  3 12  8 JOYCE       7.3   6.0   77  627
[10]: 1962  1 15  0 20 OSCAR       7.2   4.7   94  108 1981  2 21  6 22 GORDON      7.9   4.7   31  769
[9]: 1975  9 11  6 10 ALBERTO     7.2   5.5   37  230 1959  2 10  6 18 ERNESTO     7.6   5.9   94  206
[8]: 1975  9 11  6 10 ALBERTO     7.2   5.5   37  230 2002 10 19 18 18 RAFAEL      7.5   4.0  119  767
[7]: 2003 10 15 18  7 GORDON      7.0   5.5   96  195 1978 12 14  0  5 JOYCE       7.1   4.3   43  618
[6]: 1964  6 25 12  9 ISAAC       7.1   5.8  132  283 1974 11 26 18 24 TONY        7.8   4.3   84  480
[5]: 1978 12 14  0  5 JOYCE       7.1   4.3   43  618 1954 11 18 18 21 HELENE      7.3   6.7  128  448
[4]: 1962  1 15  0 20 OSCAR       7.2   4.7   94  108 1959  2 10  6 18 ERNESTO     7.6   5.9   94  206
[3]: 2004  1 24 18 16 LESLIE      7.2   5.0   27  621 1974 11 26 18 24 TONY        7.8   4.3   84  480
[2]: 1970  1 28 12 11 ISAAC       7.0   6.0   78   92 1980  6 16  6  8 WILLIAM     7.3   5.2   34  549
[1]: 2004  1 24 18 16 LESLIE      7.2   5.0   27  621 1966  4  5  6 25 KIRK        7.5   5.7   40  586
[0]: 1976  8  7  6 14 BERYL       7.2   4.6   90   20 2002 10 19 18 18 RAFAEL      7.5   4.0  119  767
