[4]: 133.481613 132.432159
[4]: 126.346016 126.836334
[4]: 116.996193 117.904129
[4]: 172.905380 173.930054
[4]: 126.344269 124.594322
[4]: 126.253288 126.765602
[4]: 121.925346 122.387993
[4]: 127.752182 126.389420
[4]: 112.951500 111.252876
[4]: 123.054688 123.659187
[4]: 134.568314 133.923080
[4]: 128.910126 128.397034
[4]: 128.900848 127.930695
[4]: 122.716835 122.162163
[4]: 125.173401 123.592026
[4]: 134.299652 132.753708
[4]: 119.639877 118.670052
[4]: 67.165001 67.263580
[4]: 125.480743 125.855522
[4]: 130.819061 131.628586
[4]: 129.945786 130.921097
[4]: 113.850449 113.843704
[4]: 117.032814 117.078583
[4]: 122.182281 123.219727
[4]: 127.597481 128.845459
[4]: 136.897842 137.093811
[4]: 135.472977 133.075012
[4]: 117.768028 118.086906
[4]: 130.989136 129.906662
[4]: 73.242905 74.227898
[4]: 134.467422 133.324158
[4]: 139.287292 140.945679
[4]: 131.849426 131.868683
[4]: 129.682602 128.115768
[3]: 127.265495 129.667557
[3]: 129.106400 129.926086
[3]: 127.158005 127.448074
[3]: 60.765339 60.540619
[3]: 132.175018 131.771637
[3]: 127.516159 126.479179
[3]: 135.342072 135.141663
[3]: 129.792267 130.633560
[3]: 134.311401 135.352875
[3]: 126.318344 125.978561
[3]: 117.582672 119.108917
[3]: 126.514282 127.657806
[3]: 127.315063 128.203644
[3]: 132.383759 132.660767
[3]: 128.687439 129.234131
[3]: 130.785721 131.750046
[3]: 133.034744 132.714172
[3]: 158.192657 155.685638
[3]: 124.021858 124.603302
[3]: 124.065727 122.442459
[3]: 125.592346 124.990410
[3]: 137.547623 136.959061
[3]: 131.858704 132.554504
[3]: 130.384155 128.384995
[3]: 130.066513 129.326920
[3]: 120.908195 120.673088
[3]: 126.545509 128.321609
[3]: 129.513901 128.891006
[3]: 125.472054 125.635117
[3]: 64.966202 64.354279
[3]: 129.108749 128.957504
[3]: 120.983139 117.774368
[3]: 125.661751 124.986511
[3]: 121.555191 121.671371
[2]: 126.696693 127.894775
[2]: 137.253082 136.264862
[2]: 136.907608 137.254089
[2]: 111.782944 113.327965
[2]: 138.790985 139.689117
[2]: 126.536469 126.364342
[2]: 129.420639 130.981094
[2]: 128.006302 128.233978
[2]: 141.808044 143.741364
[2]: 137.815460 136.178146
[2]: 114.156479 114.198883
[2]: 128.492859 130.096924
[2]: 122.548347 122.856323
[2]: 140.305786 141.394409
[2]: 131.510635 131.694214
[2]: 125.180473 125.654327
[2]: 134.173294 135.343277
[2]: 67.464012 68.268845
[2]: 130.874207 129.859833
[2]: 117.026070 117.726288
[2]: 130.873489 129.149658
[2]: 144.938385 144.983566
[2]: 141.920609 140.783249
[2]: 138.229095 136.607025
[2]: 123.722038 122.202629
[2]: 115.355438 115.770721
[2]: 125.319809 127.232552
[2]: 140.777603 141.488953
[2]: 116.453491 117.123810
[2]: 185.792908 187.028641
[2]: 115.104027 115.487915
[2]: 116.906418 115.701958
[2]: 126.257317 126.823853
[2]: 119.169312 119.795769
[1]: 126.136314 124.435265
[1]: 126.431847 126.022057
[1]: 136.917877 136.218262
[1]: 196.344284 195.582352
[1]: 127.118301 128.496063
[1]: 127.613411 127.885963
[1]: 126.538116 126.182396
[1]: 126.690262 126.707695
[1]: 138.301590 139.348587
[1]: 128.924545 128.695145
[1]: 120.789864 120.969055
[1]: 130.262543 129.116302
[1]: 128.860962 129.162750
[1]: 133.462509 133.181931
[1]: 132.770218 133.151993
[1]: 118.256248 118.258011
[1]: 134.120407 134.611816
[1]: 190.671173 191.817841
[1]: 132.820221 132.786499
[1]: 123.256561 122.490532
[1]: 125.963516 125.744560
[1]: 136.466858 135.743011
[1]: 139.762543 140.021667
[1]: 133.353134 134.113419
[1]: 129.174347 129.365189
[1]: 119.543938 119.186768
[1]: 121.534851 122.164551
[1]: 135.129410 136.165558
[1]: 126.264557 127.482735
[1]: 132.432388 131.550781
[1]: 118.426331 119.676590
[1]: 116.145477 117.413986
[1]: 125.929436 126.122925
[1]: 129.302750 130.843796
[0]: 125.806870 124.891190
[0]: 117.504333 117.632103
[0]: 118.060196 117.247887
[0]: 92.622070 91.521843
[0]: 115.525459 115.437042
[0]: 129.335251 129.795883
[0]: 123.136192 121.578682
[0]: 123.566338 123.861870
[0]: 106.361961 103.972305
[0]: 119.253502 121.032570
[0]: 152.815292 151.454742
[0]: 125.295403 124.158813
[0]: 131.854614 131.248230
[0]: 105.673424 105.238052
[0]: 116.445854 117.011108
[0]: 130.020096 130.063766
[0]: 116.590469 116.268654
[0]: 155.420349 155.970764
[0]: 124.178963 124.307205
[0]: 140.406097 141.321823
[0]: 125.424217 127.129501
[0]: 104.123055 105.662453
[0]: 105.603180 105.882210
[0]: 110.247406 112.333275
[0]: 125.553627 126.447815
[0]: 147.426193 147.295670
[0]: 130.716782 128.576889
[0]: 113.845085 112.386185
[0]: 140.058823 138.924698
[0]: 186.801025 185.904358
[0]: 144.493607 143.981277
[0]: 144.896179 146.401062
[0]: 127.872307 127.767845
[0]: 138.184372 137.356873
