[4]: 133.350159 132.432159
[4]: 128.910339 126.836334
[4]: 123.380470 117.904129
[4]: 139.804047 173.930054
[4]: 127.712646 124.594322
[4]: 126.848297 126.765602
[4]: 127.828026 122.387993
[4]: 129.137634 126.389420
[4]: 124.787796 111.252876
[4]: 126.476463 123.659187
[4]: 122.054619 133.923080
[4]: 127.606232 128.397034
[4]: 127.232796 127.930695
[4]: 127.546883 122.162163
[4]: 130.375290 123.592026
[4]: 129.758957 132.753708
[4]: 122.873238 118.670052
[4]: 67.713036 67.263580
[4]: 126.550270 125.855522
[4]: 128.667557 131.628586
[4]: 126.907715 130.921097
[4]: 128.055389 113.843704
[4]: 125.884949 117.078583
[4]: 126.905472 123.219727
[4]: 128.953125 128.845459
[4]: 128.220963 137.093811
[4]: 131.244827 133.075012
[4]: 124.524178 118.086906
[4]: 127.261963 129.906662
[4]: 58.833973 74.227898
[4]: 128.131805 133.324158
[4]: 128.760422 140.945679
[4]: 128.567535 131.868683
[4]: 127.505882 128.115768
[3]: 128.955276 129.667557
[3]: 127.030266 129.926086
[3]: 128.418945 127.448074
[3]: 58.844780 60.540619
[3]: 130.847137 131.771637
[3]: 129.642853 126.479179
[3]: 127.550018 135.141663
[3]: 129.570724 130.633560
[3]: 128.475021 135.352875
[3]: 124.384926 125.978561
[3]: 126.947815 119.108917
[3]: 127.439339 127.657806
[3]: 126.608383 128.203644
[3]: 125.169174 132.660767
[3]: 125.814453 129.234131
[3]: 128.680573 131.750046
[3]: 128.260864 132.714172
[3]: 188.736710 155.685638
[3]: 126.366699 124.603302
[3]: 130.103027 122.442459
[3]: 126.586273 124.990410
[3]: 129.599396 136.959061
[3]: 126.117310 132.554504
[3]: 128.963043 128.384995
[3]: 129.057159 129.326920
[3]: 129.759842 120.673088
[3]: 125.473747 128.321609
[3]: 126.676376 128.891006
[3]: 128.998154 125.635117
[3]: 115.563271 64.354279
[3]: 130.493759 128.957504
[3]: 125.660698 117.774368
[3]: 127.506500 124.986511
[3]: 126.219444 121.671371
[2]: 122.956589 127.894775
[2]: 128.327469 136.264862
[2]: 127.159729 137.254089
[2]: 114.211975 113.327965
[2]: 128.249664 139.689117
[2]: 127.115936 126.364342
[2]: 126.360580 130.981094
[2]: 125.845993 128.233978
[2]: 126.693954 143.741364
[2]: 132.772705 136.178146
[2]: 132.566833 114.198883
[2]: 128.384033 130.096924
[2]: 129.666367 122.856323
[2]: 127.594421 141.394409
[2]: 123.306297 131.694214
[2]: 128.510895 125.654327
[2]: 129.757523 135.343277
[2]: 69.480644 68.268845
[2]: 127.210007 129.859833
[2]: 124.412956 117.726288
[2]: 131.545547 129.149658
[2]: 125.151527 144.983566
[2]: 128.212677 140.783249
[2]: 125.626770 136.607025
[2]: 122.825653 122.202629
[2]: 126.481476 115.770721
[2]: 126.305603 127.232552
[2]: 128.166718 141.488953
[2]: 126.638275 117.123810
[2]: 196.424973 187.028641
[2]: 128.308075 115.487915
[2]: 130.323212 115.701958
[2]: 126.238037 126.823853
[2]: 124.837097 119.795769
[1]: 126.352142 124.435265
[1]: 125.589752 126.022057
[1]: 130.599014 136.218262
[1]: 198.480850 195.582352
[1]: 125.876595 128.496063
[1]: 126.063416 127.885963
[1]: 127.695343 126.182396
[1]: 124.298439 126.707695
[1]: 128.533646 139.348587
[1]: 125.066658 128.695145
[1]: 128.614365 120.969055
[1]: 128.336853 129.116302
[1]: 127.857422 129.162750
[1]: 128.786224 133.181931
[1]: 128.977463 133.151993
[1]: 123.568184 118.258011
[1]: 129.998245 134.611816
[1]: 186.074631 191.817841
[1]: 130.049423 132.786499
[1]: 124.363350 122.490532
[1]: 125.215324 125.744560
[1]: 128.397034 135.743011
[1]: 130.310425 140.021667
[1]: 127.159485 134.113419
[1]: 128.277252 129.365189
[1]: 126.244804 119.186768
[1]: 128.386154 122.164551
[1]: 131.244537 136.165558
[1]: 127.731232 127.482735
[1]: 138.921295 131.550781
[1]: 125.196602 119.676590
[1]: 124.481567 117.413986
[1]: 127.688347 126.122925
[1]: 131.163177 130.843796
[0]: 10.613495 124.891190
[0]: 10.192919 117.632103
[0]: 9.923291 117.247887
[0]: 8.039901 91.521843
[0]: 10.105817 115.437042
[0]: 11.013775 129.795883
[0]: 10.426006 121.578682
[0]: 10.565427 123.861870
[0]: 9.154842 103.972305
[0]: 9.857842 121.032570
[0]: 13.281957 151.454742
[0]: 10.904954 124.158813
[0]: 11.143805 131.248230
[0]: 9.048936 105.238052
[0]: 9.642648 117.011108
[0]: 11.003160 130.063766
[0]: 9.754673 116.268654
[0]: 13.111359 155.970764
[0]: 10.551807 124.307205
[0]: 11.871729 141.321823
[0]: 10.287342 127.129501
[0]: 8.357264 105.662453
[0]: 8.935597 105.882210
[0]: 9.143003 112.333275
[0]: 10.536942 126.447815
[0]: 12.364585 147.295670
[0]: 11.553677 128.576889
[0]: 10.099564 112.386185
[0]: 12.220358 138.924698
[0]: 15.832006 185.904358
[0]: 12.192852 143.981277
[0]: 12.236670 146.401062
[0]: 10.537142 127.767845
[0]: 11.831538 137.356873
