[4]: 132.432159 90.137459
[4]: 126.836334 129.360062
[4]: 117.904129 126.404297
[4]: 173.930054 177.061157
[4]: 124.594322 131.454514
[4]: 126.765602 129.405853
[4]: 122.387993 128.002487
[4]: 126.389420 130.483307
[4]: 111.252876 130.537018
[4]: 123.659187 131.950562
[4]: 133.923080 125.265442
[4]: 128.397034 128.221283
[4]: 127.930695 126.765755
[4]: 122.162163 134.625275
[4]: 123.592026 126.469345
[4]: 132.753708 133.140259
[4]: 118.670052 130.354401
[4]: 67.263580 59.978966
[4]: 125.855522 128.375732
[4]: 131.628586 126.592133
[4]: 130.921097 131.961197
[4]: 113.843704 130.815506
[4]: 117.078583 132.328934
[4]: 123.219727 134.149017
[4]: 128.845459 127.261330
[4]: 137.093811 123.590576
[4]: 133.075012 126.078239
[4]: 118.086906 131.132645
[4]: 129.906662 122.655464
[4]: 74.227898 125.133347
[4]: 133.324158 124.592514
[4]: 140.945679 168.826691
[4]: 131.868683 129.946671
[4]: 128.115768 121.903214
[3]: 129.667557 170.815247
[3]: 129.926086 126.534622
[3]: 127.448074 126.518272
[3]: 60.540619 88.115639
[3]: 131.771637 130.461334
[3]: 126.479179 128.751465
[3]: 135.141663 129.345627
[3]: 130.633560 127.837006
[3]: 135.352875 127.096825
[3]: 125.978561 125.785820
[3]: 119.108917 124.889145
[3]: 127.657806 128.345016
[3]: 128.203644 127.279045
[3]: 132.660767 129.210693
[3]: 129.234131 127.138840
[3]: 131.750046 130.244019
[3]: 132.714172 128.472290
[3]: 155.685638 126.616943
[3]: 124.603302 127.671478
[3]: 122.442459 126.443413
[3]: 124.990410 127.748871
[3]: 136.959061 127.916313
[3]: 132.554504 127.528603
[3]: 128.384995 128.155609
[3]: 129.326920 129.177643
[3]: 120.673088 124.252220
[3]: 128.321609 128.421173
[3]: 128.891006 127.965034
[3]: 125.635117 127.922813
[3]: 64.354279 61.230259
[3]: 128.957504 128.949707
[3]: 117.774368 82.446075
[3]: 124.986511 127.481659
[3]: 121.671371 125.742920
[2]: 127.894775 168.446075
[2]: 136.264862 130.254654
[2]: 137.254089 130.324005
[2]: 113.327965 88.223251
[2]: 139.689117 129.410309
[2]: 126.364342 128.378540
[2]: 130.981094 129.352295
[2]: 128.233978 132.480667
[2]: 143.741364 132.876907
[2]: 136.178146 131.627472
[2]: 114.198883 122.274391
[2]: 130.096924 128.181976
[2]: 122.856323 132.273956
[2]: 141.394409 134.735764
[2]: 131.694214 130.534271
[2]: 125.654327 127.701752
[2]: 135.343277 136.211136
[2]: 68.268845 127.670052
[2]: 129.859833 130.522659
[2]: 117.726288 123.594475
[2]: 129.149658 129.981354
[2]: 144.983566 130.206360
[2]: 140.783249 134.029449
[2]: 136.607025 135.576126
[2]: 122.202629 125.607094
[2]: 115.770721 125.039528
[2]: 127.232552 122.691452
[2]: 141.488953 130.500320
[2]: 117.123810 122.862694
[2]: 187.028641 190.857178
[2]: 115.487915 123.330460
[2]: 115.701958 79.975990
[2]: 126.823853 132.167038
[2]: 119.795769 123.215637
[1]: 124.435265 83.618980
[1]: 126.022057 129.094833
[1]: 136.218262 135.061768
[1]: 195.582352 179.277481
[1]: 128.496063 131.302155
[1]: 127.885963 127.802437
[1]: 126.182396 131.034271
[1]: 126.707695 130.567368
[1]: 139.348587 134.361176
[1]: 128.695145 129.389404
[1]: 120.969055 118.609467
[1]: 129.116302 126.190788
[1]: 129.162750 133.978470
[1]: 133.181931 135.129257
[1]: 133.151993 132.537857
[1]: 118.258011 123.402626
[1]: 134.611816 140.299500
[1]: 191.817841 191.534393
[1]: 132.786499 132.158051
[1]: 122.490532 121.712601
[1]: 125.744560 126.309975
[1]: 135.743011 130.540192
[1]: 140.021667 134.141113
[1]: 134.113419 136.886780
[1]: 129.365189 128.988876
[1]: 119.186768 122.374649
[1]: 122.164551 122.248123
[1]: 136.165558 131.409317
[1]: 127.482735 126.067978
[1]: 131.550781 119.008545
[1]: 119.676590 124.992180
[1]: 117.413986 160.088867
[1]: 126.122925 131.001129
[1]: 130.843796 124.882027
[0]: 124.891190 110.836281
[0]: 117.632103 119.625824
[0]: 117.247887 114.821419
[0]: 91.521843 109.121849
[0]: 115.437042 113.303719
[0]: 129.795883 120.297142
[0]: 121.578682 114.814613
[0]: 123.861870 108.506355
[0]: 103.972305 102.961197
[0]: 121.032570 112.509529
[0]: 151.454742 156.130707
[0]: 124.158813 128.943954
[0]: 131.248230 114.788521
[0]: 105.238052 90.549919
[0]: 117.011108 114.972427
[0]: 130.063766 121.182549
[0]: 116.268654 91.632973
[0]: 155.970764 139.302704
[0]: 124.307205 114.898460
[0]: 141.321823 140.532898
[0]: 127.129501 118.901291
[0]: 105.662453 115.554916
[0]: 105.882210 101.703766
[0]: 112.333275 88.464264
[0]: 126.447815 124.301453
[0]: 147.295670 150.945877
[0]: 128.576889 145.417175
[0]: 112.386185 112.228157
[0]: 138.924698 144.261169
[0]: 185.904358 153.647614
[0]: 143.981277 143.256531
[0]: 146.401062 168.991714
[0]: 127.767845 111.710350
[0]: 137.356873 148.362045
