[4]: 134.927750 132.432159
[4]: 126.711548 126.836334
[4]: 115.907616 117.904129
[4]: 173.762161 173.930054
[4]: 127.754814 124.594322
[4]: 127.044060 126.765602
[4]: 121.949699 122.387993
[4]: 129.252136 126.389420
[4]: 113.630844 111.252876
[4]: 123.454201 123.659187
[4]: 135.660065 133.923080
[4]: 128.256943 128.397034
[4]: 128.106201 127.930695
[4]: 121.924591 122.162163
[4]: 124.498734 123.592026
[4]: 134.902405 132.753708
[4]: 118.925140 118.670052
[4]: 68.292404 67.263580
[4]: 126.148689 125.855522
[4]: 130.669373 131.628586
[4]: 129.248505 130.921097
[4]: 113.997154 113.843704
[4]: 117.065460 117.078583
[4]: 122.348312 123.219727
[4]: 127.137085 128.845459
[4]: 137.292328 137.093811
[4]: 134.717941 133.075012
[4]: 118.317909 118.086906
[4]: 131.263107 129.906662
[4]: 72.935799 74.227898
[4]: 135.172531 133.324158
[4]: 137.206329 140.945679
[4]: 131.498032 131.868683
[4]: 129.521866 128.115768
[3]: 126.523544 129.667557
[3]: 128.908722 129.926086
[3]: 128.096664 127.448074
[3]: 61.233929 60.540619
[3]: 130.353439 131.771637
[3]: 126.529953 126.479179
[3]: 135.312531 135.141663
[3]: 128.559906 130.633560
[3]: 134.801025 135.352875
[3]: 125.838257 125.978561
[3]: 117.020332 119.108917
[3]: 126.491241 127.657806
[3]: 128.270523 128.203644
[3]: 132.104568 132.660767
[3]: 128.437515 129.234131
[3]: 130.554596 131.750046
[3]: 133.209213 132.714172
[3]: 158.824814 155.685638
[3]: 123.671280 124.603302
[3]: 124.060692 122.442459
[3]: 127.198730 124.990410
[3]: 137.862900 136.959061
[3]: 132.397781 132.554504
[3]: 129.790009 128.384995
[3]: 131.262085 129.326920
[3]: 120.485451 120.673088
[3]: 126.326370 128.321609
[3]: 129.242767 128.891006
[3]: 126.041840 125.635117
[3]: 64.789062 64.354279
[3]: 129.248550 128.957504
[3]: 122.059753 117.774368
[3]: 126.566010 124.986511
[3]: 121.408104 121.671371
[2]: 125.271011 127.894775
[2]: 135.778061 136.264862
[2]: 137.627579 137.254089
[2]: 110.394730 113.327965
[2]: 138.158127 139.689117
[2]: 126.425400 126.364342
[2]: 129.294510 130.981094
[2]: 126.657852 128.233978
[2]: 142.002869 143.741364
[2]: 137.345016 136.178146
[2]: 113.447701 114.198883
[2]: 128.708908 130.096924
[2]: 123.310440 122.856323
[2]: 140.712021 141.394409
[2]: 132.694977 131.694214
[2]: 125.659760 125.654327
[2]: 135.293396 135.343277
[2]: 66.516129 68.268845
[2]: 130.012421 129.859833
[2]: 118.333862 117.726288
[2]: 130.717682 129.149658
[2]: 145.204575 144.983566
[2]: 141.574921 140.783249
[2]: 138.365417 136.607025
[2]: 124.017128 122.202629
[2]: 116.090416 115.770721
[2]: 125.883377 127.232552
[2]: 140.093689 141.488953
[2]: 115.771370 117.123810
[2]: 184.776062 187.028641
[2]: 114.129295 115.487915
[2]: 119.413925 115.701958
[2]: 126.599380 126.823853
[2]: 119.420456 119.795769
[1]: 125.892418 124.435265
[1]: 127.832672 126.022057
[1]: 137.862778 136.218262
[1]: 196.071640 195.582352
[1]: 127.331703 128.496063
[1]: 127.511864 127.885963
[1]: 127.079735 126.182396
[1]: 125.801086 126.707695
[1]: 137.399460 139.348587
[1]: 128.719101 128.695145
[1]: 119.724075 120.969055
[1]: 130.567795 129.116302
[1]: 128.913269 129.162750
[1]: 133.935898 133.181931
[1]: 132.717316 133.151993
[1]: 117.455467 118.258011
[1]: 134.777512 134.611816
[1]: 190.321350 191.817841
[1]: 133.754730 132.786499
[1]: 122.831657 122.490532
[1]: 126.505562 125.744560
[1]: 136.297165 135.743011
[1]: 139.093506 140.021667
[1]: 133.992615 134.113419
[1]: 129.520889 129.365189
[1]: 118.384132 119.186768
[1]: 121.266510 122.164551
[1]: 135.639130 136.165558
[1]: 125.579460 127.482735
[1]: 134.454453 131.550781
[1]: 119.295837 119.676590
[1]: 115.868065 117.413986
[1]: 125.490471 126.122925
[1]: 128.870010 130.843796
[0]: 126.828033 124.891190
[0]: 117.363594 117.632103
[0]: 116.447517 117.247887
[0]: 92.817818 91.521843
[0]: 116.440903 115.437042
[0]: 129.796432 129.795883
[0]: 122.713623 121.578682
[0]: 125.724449 123.861870
[0]: 105.952583 103.972305
[0]: 120.089500 121.032570
[0]: 154.138123 151.454742
[0]: 125.458771 124.158813
[0]: 130.791962 131.248230
[0]: 105.909462 105.238052
[0]: 116.253906 117.011108
[0]: 129.946396 130.063766
[0]: 115.293419 116.268654
[0]: 155.404663 155.970764
[0]: 123.744720 124.307205
[0]: 139.613983 141.321823
[0]: 123.967964 127.129501
[0]: 103.595001 105.662453
[0]: 106.150314 105.882210
[0]: 109.894951 112.333275
[0]: 124.051453 126.447815
[0]: 147.893829 147.295670
[0]: 131.422440 128.576889
[0]: 113.766968 112.386185
[0]: 140.616989 138.924698
[0]: 186.265411 185.904358
[0]: 143.631592 143.981277
[0]: 143.505417 146.401062
[0]: 127.353630 127.767845
[0]: 138.720673 137.356873
