[4]: 133.478775 132.432159
[4]: 126.145882 126.836334
[4]: 117.159164 117.904129
[4]: 172.922516 173.930054
[4]: 126.450066 124.594322
[4]: 126.222107 126.765602
[4]: 122.193329 122.387993
[4]: 127.721436 126.389420
[4]: 113.302757 111.252876
[4]: 123.273895 123.659187
[4]: 134.705460 133.923080
[4]: 129.122009 128.397034
[4]: 129.051392 127.930695
[4]: 122.567879 122.162163
[4]: 125.107933 123.592026
[4]: 134.187317 132.753708
[4]: 120.128571 118.670052
[4]: 67.258957 67.263580
[4]: 125.405869 125.855522
[4]: 130.789673 131.628586
[4]: 130.053299 130.921097
[4]: 113.442711 113.843704
[4]: 117.199966 117.078583
[4]: 121.966156 123.219727
[4]: 127.878548 128.845459
[4]: 136.673050 137.093811
[4]: 135.242188 133.075012
[4]: 117.887642 118.086906
[4]: 130.591522 129.906662
[4]: 73.173164 74.227898
[4]: 134.374008 133.324158
[4]: 139.322769 140.945679
[4]: 131.969238 131.868683
[4]: 129.814423 128.115768
[3]: 126.975052 129.667557
[3]: 129.128860 129.926086
[3]: 127.009430 127.448074
[3]: 60.902012 60.540619
[3]: 132.074051 131.771637
[3]: 127.522919 126.479179
[3]: 135.139389 135.141663
[3]: 129.803314 130.633560
[3]: 134.435135 135.352875
[3]: 126.060493 125.978561
[3]: 117.307144 119.108917
[3]: 126.189430 127.657806
[3]: 127.398117 128.203644
[3]: 132.228180 132.660767
[3]: 128.820465 129.234131
[3]: 130.600952 131.750046
[3]: 132.956421 132.714172
[3]: 158.545364 155.685638
[3]: 123.965698 124.603302
[3]: 124.092613 122.442459
[3]: 125.793030 124.990410
[3]: 137.893982 136.959061
[3]: 131.832169 132.554504
[3]: 130.666428 128.384995
[3]: 130.099854 129.326920
[3]: 121.021980 120.673088
[3]: 126.239632 128.321609
[3]: 129.667053 128.891006
[3]: 125.626366 125.635117
[3]: 65.136734 64.354279
[3]: 129.251251 128.957504
[3]: 121.237915 117.774368
[3]: 125.643982 124.986511
[3]: 121.428123 121.671371
[2]: 126.714478 127.894775
[2]: 137.097321 136.264862
[2]: 136.458984 137.254089
[2]: 111.566185 113.327965
[2]: 138.569534 139.689117
[2]: 126.383720 126.364342
[2]: 129.081314 130.981094
[2]: 128.031540 128.233978
[2]: 141.384995 143.741364
[2]: 137.761230 136.178146
[2]: 114.172668 114.198883
[2]: 128.402435 130.096924
[2]: 122.438911 122.856323
[2]: 140.331711 141.394409
[2]: 131.529144 131.694214
[2]: 125.423225 125.654327
[2]: 133.884521 135.343277
[2]: 67.289421 68.268845
[2]: 130.889847 129.859833
[2]: 117.204765 117.726288
[2]: 130.938751 129.149658
[2]: 145.379181 144.983566
[2]: 141.784241 140.783249
[2]: 138.187241 136.607025
[2]: 123.638344 122.202629
[2]: 115.838005 115.770721
[2]: 125.401878 127.232552
[2]: 140.813873 141.488953
[2]: 116.657776 117.123810
[2]: 185.818253 187.028641
[2]: 115.514496 115.487915
[2]: 116.459221 115.701958
[2]: 126.374161 126.823853
[2]: 118.737732 119.795769
[1]: 126.436226 124.435265
[1]: 126.846169 126.022057
[1]: 137.259003 136.218262
[1]: 196.353592 195.582352
[1]: 127.180565 128.496063
[1]: 127.663116 127.885963
[1]: 126.703300 126.182396
[1]: 126.260475 126.707695
[1]: 138.295990 139.348587
[1]: 128.565872 128.695145
[1]: 120.571083 120.969055
[1]: 130.311539 129.116302
[1]: 128.482086 129.162750
[1]: 133.508972 133.181931
[1]: 132.620758 133.151993
[1]: 118.419044 118.258011
[1]: 134.018341 134.611816
[1]: 190.586716 191.817841
[1]: 133.178162 132.786499
[1]: 123.396660 122.490532
[1]: 126.067314 125.744560
[1]: 136.719238 135.743011
[1]: 139.693665 140.021667
[1]: 133.519394 134.113419
[1]: 129.001404 129.365189
[1]: 119.545898 119.186768
[1]: 121.541313 122.164551
[1]: 135.222778 136.165558
[1]: 126.396500 127.482735
[1]: 132.899414 131.550781
[1]: 118.504860 119.676590
[1]: 115.966499 117.413986
[1]: 125.772720 126.122925
[1]: 129.295685 130.843796
[0]: 125.757500 124.891190
[0]: 117.361084 117.632103
[0]: 118.152359 117.247887
[0]: 92.659081 91.521843
[0]: 115.634438 115.437042
[0]: 129.482590 129.795883
[0]: 123.235352 121.578682
[0]: 124.017059 123.861870
[0]: 106.259651 103.972305
[0]: 119.732079 121.032570
[0]: 153.285416 151.454742
[0]: 125.460442 124.158813
[0]: 132.156067 131.248230
[0]: 105.852036 105.238052
[0]: 116.484657 117.011108
[0]: 129.879089 130.063766
[0]: 116.545929 116.268654
[0]: 155.561874 155.970764
[0]: 123.912186 124.307205
[0]: 140.106079 141.321823
[0]: 124.883575 127.129501
[0]: 103.360306 105.662453
[0]: 105.620560 105.882210
[0]: 109.978111 112.333275
[0]: 125.487679 126.447815
[0]: 147.078079 147.295670
[0]: 131.196747 128.576889
[0]: 113.374184 112.386185
[0]: 140.001724 138.924698
[0]: 186.537399 185.904358
[0]: 143.945282 143.981277
[0]: 145.293686 146.401062
[0]: 127.800842 127.767845
[0]: 138.700790 137.356873
