[4]: 87.511559 132.432159
[4]: 128.121277 126.836334
[4]: 126.011436 117.904129
[4]: 170.653519 173.930054
[4]: 128.168808 124.594322
[4]: 127.135216 126.765602
[4]: 127.317833 122.387993
[4]: 127.049332 126.389420
[4]: 127.225716 111.252876
[4]: 129.034241 123.659187
[4]: 129.209335 133.923080
[4]: 128.054153 128.397034
[4]: 125.776146 127.930695
[4]: 128.118774 122.162163
[4]: 125.661163 123.592026
[4]: 130.424454 132.753708
[4]: 126.047920 118.670052
[4]: 63.899025 67.263580
[4]: 125.496147 125.855522
[4]: 128.253143 131.628586
[4]: 130.570984 130.921097
[4]: 128.478989 113.843704
[4]: 127.939362 117.078583
[4]: 126.616776 123.219727
[4]: 127.570786 128.845459
[4]: 127.438080 137.093811
[4]: 128.668106 133.075012
[4]: 128.031799 118.086906
[4]: 125.932617 129.906662
[4]: 127.553703 74.227898
[4]: 127.123909 133.324158
[4]: 172.609589 140.945679
[4]: 127.124359 131.868683
[4]: 125.851936 128.115768
[3]: 170.890274 129.667557
[3]: 126.253761 129.926086
[3]: 124.661354 127.448074
[3]: 86.846054 60.540619
[3]: 128.853867 131.771637
[3]: 127.042442 126.479179
[3]: 128.237183 135.141663
[3]: 128.195312 130.633560
[3]: 127.183113 135.352875
[3]: 125.404602 125.978561
[3]: 126.380646 119.108917
[3]: 128.618973 127.657806
[3]: 127.671387 128.203644
[3]: 127.121040 132.660767
[3]: 127.072746 129.234131
[3]: 129.757736 131.750046
[3]: 126.673805 132.714172
[3]: 127.263168 155.685638
[3]: 126.506767 124.603302
[3]: 126.947708 122.442459
[3]: 126.217995 124.990410
[3]: 127.268188 136.959061
[3]: 126.933731 132.554504
[3]: 126.855141 128.384995
[3]: 127.765106 129.326920
[3]: 125.720245 120.673088
[3]: 128.808884 128.321609
[3]: 126.879723 128.891006
[3]: 128.653152 125.635117
[3]: 63.583012 64.354279
[3]: 128.864853 128.957504
[3]: 83.792999 117.774368
[3]: 128.002167 124.986511
[3]: 125.896309 121.671371
[2]: 2.000000 127.894775
[2]: 238.000000 136.264862
[2]: 67.000000 137.254089
[2]: 43.000000 113.327965
[2]: 156.000000 139.689117
[2]: 168.000000 126.364342
[2]: 112.000000 130.981094
[2]: 5.000000 128.233978
[2]: 74.000000 143.741364
[2]: 4.000000 136.178146
[2]: 252.000000 114.198883
[2]: 220.000000 130.096924
[2]: 106.000000 122.856323
[2]: 176.000000 141.394409
[2]: 98.000000 131.694214
[2]: 219.000000 125.654327
[2]: 132.000000 135.343277
[2]: 254.000000 68.268845
[2]: 217.000000 129.859833
[2]: 101.000000 117.726288
[2]: 65.000000 129.149658
[2]: 93.000000 144.983566
[2]: 105.000000 140.783249
[2]: 151.000000 136.607025
[2]: 60.000000 122.202629
[2]: 190.000000 115.770721
[2]: 192.000000 127.232552
[2]: 38.000000 141.488953
[2]: 235.000000 117.123810
[2]: 232.000000 187.028641
[2]: 3.000000 115.487915
[2]: 215.000000 115.701958
[2]: 82.000000 126.823853
[2]: -2628199.500000 119.795769
[1]: 83.092804 124.435265
[1]: 126.761108 126.022057
[1]: 129.808640 136.218262
[1]: 170.862183 195.582352
[1]: 128.074402 128.496063
[1]: 127.204468 127.885963
[1]: 126.909843 126.182396
[1]: 126.425537 126.707695
[1]: 127.477783 139.348587
[1]: 125.613991 128.695145
[1]: 126.935997 120.969055
[1]: 127.121544 129.116302
[1]: 129.496902 129.162750
[1]: 125.829628 133.181931
[1]: 128.155777 133.151993
[1]: 124.146797 118.258011
[1]: 129.318008 134.611816
[1]: 191.166046 191.817841
[1]: 129.434326 132.786499
[1]: 125.811546 122.490532
[1]: 124.037971 125.744560
[1]: 127.475784 135.743011
[1]: 127.363281 140.021667
[1]: 127.879875 134.113419
[1]: 127.533386 129.365189
[1]: 128.413452 119.186768
[1]: 127.050049 122.164551
[1]: 127.840477 136.165558
[1]: 129.358047 127.482735
[1]: 127.681480 131.550781
[1]: 128.771317 119.676590
[1]: 167.975723 117.413986
[1]: 127.794495 126.122925
[1]: 129.659973 130.843796
[0]: 169.036667 124.891190
[0]: 128.740326 117.632103
[0]: 129.069901 117.247887
[0]: 82.827538 91.521843
[0]: 127.623886 115.437042
[0]: 128.304489 129.795883
[0]: 126.951874 121.578682
[0]: 127.212952 123.861870
[0]: 126.597527 103.972305
[0]: 128.704544 121.032570
[0]: 127.673416 151.454742
[0]: 127.949768 124.158813
[0]: 128.433975 131.248230
[0]: 127.986443 105.238052
[0]: 127.535652 117.011108
[0]: 126.215622 130.063766
[0]: 128.845490 116.268654
[0]: 129.126816 155.970764
[0]: 128.706070 124.307205
[0]: 126.561432 141.321823
[0]: 129.461807 127.129501
[0]: 127.967789 105.662453
[0]: 128.254776 105.882210
[0]: 127.304619 112.333275
[0]: 126.219887 126.447815
[0]: 129.162018 147.295670
[0]: 126.848038 128.576889
[0]: 127.827156 112.386185
[0]: 126.683601 138.924698
[0]: 191.285904 185.904358
[0]: 127.425644 143.981277
[0]: 85.959953 146.401062
[0]: 127.071999 127.767845
[0]: 128.268585 137.356873
