[4]: 133.485672 132.432159
[4]: 126.318169 126.836334
[4]: 116.923882 117.904129
[4]: 172.819031 173.930054
[4]: 126.310730 124.594322
[4]: 126.269585 126.765602
[4]: 122.131981 122.387993
[4]: 127.907425 126.389420
[4]: 113.162766 111.252876
[4]: 123.080788 123.659187
[4]: 134.771484 133.923080
[4]: 128.941528 128.397034
[4]: 129.023270 127.930695
[4]: 122.862396 122.162163
[4]: 125.283508 123.592026
[4]: 134.346649 132.753708
[4]: 119.979744 118.670052
[4]: 67.305824 67.263580
[4]: 125.285248 125.855522
[4]: 130.840485 131.628586
[4]: 129.965027 130.921097
[4]: 113.712532 113.843704
[4]: 117.146782 117.078583
[4]: 122.096458 123.219727
[4]: 127.676765 128.845459
[4]: 136.932907 137.093811
[4]: 135.490814 133.075012
[4]: 117.866829 118.086906
[4]: 130.867310 129.906662
[4]: 73.074142 74.227898
[4]: 134.416763 133.324158
[4]: 139.276627 140.945679
[4]: 131.869125 131.868683
[4]: 129.890259 128.115768
[3]: 126.999611 129.667557
[3]: 129.130020 129.926086
[3]: 127.297371 127.448074
[3]: 60.831474 60.540619
[3]: 132.192215 131.771637
[3]: 127.479774 126.479179
[3]: 135.071793 135.141663
[3]: 129.799515 130.633560
[3]: 134.349289 135.352875
[3]: 126.293396 125.978561
[3]: 117.214355 119.108917
[3]: 126.322319 127.657806
[3]: 127.325592 128.203644
[3]: 132.152466 132.660767
[3]: 128.680954 129.234131
[3]: 130.552963 131.750046
[3]: 133.034302 132.714172
[3]: 158.526459 155.685638
[3]: 124.060799 124.603302
[3]: 124.050117 122.442459
[3]: 125.667709 124.990410
[3]: 137.701141 136.959061
[3]: 131.796158 132.554504
[3]: 130.615479 128.384995
[3]: 130.126907 129.326920
[3]: 120.826645 120.673088
[3]: 126.115677 128.321609
[3]: 129.646820 128.891006
[3]: 125.430122 125.635117
[3]: 65.206406 64.354279
[3]: 129.087997 128.957504
[3]: 121.348274 117.774368
[3]: 125.736687 124.986511
[3]: 121.590378 121.671371
[2]: 126.743324 127.894775
[2]: 137.195114 136.264862
[2]: 136.754089 137.254089
[2]: 111.800255 113.327965
[2]: 138.672119 139.689117
[2]: 126.547485 126.364342
[2]: 129.296555 130.981094
[2]: 127.989075 128.233978
[2]: 141.666611 143.741364
[2]: 137.847702 136.178146
[2]: 114.073601 114.198883
[2]: 128.351013 130.096924
[2]: 122.340240 122.856323
[2]: 140.343750 141.394409
[2]: 131.515106 131.694214
[2]: 125.192406 125.654327
[2]: 133.939240 135.343277
[2]: 67.239853 68.268845
[2]: 130.899841 129.859833
[2]: 117.263138 117.726288
[2]: 131.016830 129.149658
[2]: 145.037872 144.983566
[2]: 141.814529 140.783249
[2]: 138.081650 136.607025
[2]: 123.763100 122.202629
[2]: 115.535919 115.770721
[2]: 125.274300 127.232552
[2]: 140.749695 141.488953
[2]: 116.423653 117.123810
[2]: 185.760147 187.028641
[2]: 115.384422 115.487915
[2]: 116.661591 115.701958
[2]: 126.338646 126.823853
[2]: 118.875923 119.795769
[1]: 126.306870 124.435265
[1]: 126.634964 126.022057
[1]: 137.101791 136.218262
[1]: 196.436508 195.582352
[1]: 127.191536 128.496063
[1]: 127.809547 127.885963
[1]: 126.638931 126.182396
[1]: 126.351273 126.707695
[1]: 138.218674 139.348587
[1]: 128.661011 128.695145
[1]: 120.633179 120.969055
[1]: 130.419785 129.116302
[1]: 128.610474 129.162750
[1]: 133.475616 133.181931
[1]: 132.649902 133.151993
[1]: 118.443733 118.258011
[1]: 134.047119 134.611816
[1]: 190.628586 191.817841
[1]: 132.986694 132.786499
[1]: 123.276695 122.490532
[1]: 125.865700 125.744560
[1]: 136.684967 135.743011
[1]: 139.631226 140.021667
[1]: 133.576172 134.113419
[1]: 129.007858 129.365189
[1]: 119.438293 119.186768
[1]: 121.687843 122.164551
[1]: 135.013840 136.165558
[1]: 126.413094 127.482735
[1]: 132.731003 131.550781
[1]: 118.502991 119.676590
[1]: 116.040672 117.413986
[1]: 125.808464 126.122925
[1]: 129.127686 130.843796
[0]: 125.842262 124.891190
[0]: 117.336800 117.632103
[0]: 117.977997 117.247887
[0]: 92.647987 91.521843
[0]: 115.575256 115.437042
[0]: 129.132904 129.795883
[0]: 123.223160 121.578682
[0]: 123.773315 123.861870
[0]: 106.353134 103.972305
[0]: 119.516632 121.032570
[0]: 153.275589 151.454742
[0]: 125.454826 124.158813
[0]: 132.214645 131.248230
[0]: 105.708847 105.238052
[0]: 116.464027 117.011108
[0]: 129.972061 130.063766
[0]: 116.563652 116.268654
[0]: 155.374619 155.970764
[0]: 124.154129 124.307205
[0]: 140.123444 141.321823
[0]: 125.268715 127.129501
[0]: 103.761887 105.662453
[0]: 105.825325 105.882210
[0]: 109.999825 112.333275
[0]: 125.536316 126.447815
[0]: 147.395508 147.295670
[0]: 131.029999 128.576889
[0]: 113.767990 112.386185
[0]: 140.109436 138.924698
[0]: 186.711075 185.904358
[0]: 144.165222 143.981277
[0]: 144.867096 146.401062
[0]: 127.806671 127.767845
[0]: 138.458359 137.356873
