[19]: 2000 10 11  0 20 OSCAR       7.1   4.6   65  547 1986 11 26 12 21 OSCAR       7.3   3.7   96  435
[18]: 2000 10 11  0 20 OSCAR       7.1   4.6   65  547 1976  7 18  0 20 ISAAC       7.0   6.5   30   85
[17]: 1994  7  1 18 28 RAFAEL      7.0   5.1   47  135 1988  4 10 18 10 PATTY       7.4   5.5   93  228
[16]: 1989  9  9  6 13 CHRIS       7.0   4.6   21  602 1990 10  2 12  9 BERYL       7.5   3.4   84  199
[15]: 1985  9 28  0  6 FLORENCE    7.1   5.4   48  753 1993  4  9 18 11 ERNESTO     7.5   3.6   64  516
[14]: 1978 12  1  6  4 ALBERTO     7.1   4.7   21  674 1966 12 26 12 16 MICHAEL     8.2   1.1  123  146
[13]: 1994  7  1 18 28 RAFAEL      7.0   5.1   47  135 1993  4  9 18 11 ERNESTO     7.5   3.6   64  516
[12]: 1994  7  1 18 28 RAFAEL      7.0   5.1   47  135 1995  1 14  0 16 MICHAEL     7.0   6.4   23  493
[11]: 1952  3 21 18 10 DEBBY       7.1   5.7   77  178 1995  5 22  6 14 ERNESTO     7.1   4.9   53  190
[10]: 1995  5 22  6 14 ERNESTO     7.1   4.9   53  190 1968  2 23  0 28 FLORENCE    7.1   3.8   92  430
[9]: 1989  9  9  6 13 CHRIS       7.0   4.6   21  602 1995  5 22  6 14 ERNESTO     7.1   4.9   53  190
[8]: 1978 12  1  6  4 ALBERTO     7.1   4.7   21  674 1999  8 15 18 25 BERYL       7.0   4.2  101   90
[7]: 1978 12  1  6  4 ALBERTO     7.1   4.7   21  674 1995  5 22  6 14 ERNESTO     7.1   4.9   53  190
[6]: 1989  9  9  6 13 CHRIS       7.0   4.6   21  602 1973 10 26 12  9 ALBERTO     7.0   3.2  117  476
[5]: 1999  8 15 18 25 BERYL       7.0   4.2  101   90 1987  3 21  6 17 CHRIS       7.2   3.3   99  677
[3]: 1987  5  9  6  7 PATTY       7.0   4.3   52  385 1973  3 18  6  3 PATTY       7.5   6.2   35  777
[2]: 1995  5 22  6 14 ERNESTO     7.1   4.9   53  190 1973 11 22  0 15 VALERIE     7.2   3.8   45  775
[1]: 2000 10 11  0 20 OSCAR       7.1   4.6   65  547 1993  4  9 18 11 ERNESTO     7.5   3.6   64  516
[0]: 1995  5 22  6 14 ERNESTO     7.1   4.9   53  190 1995  8 20  6  7 GORDON      7.8   4.8   26  754
