[4]: 133.610275 132.432159
[4]: 125.996605 126.836334
[4]: 116.147240 117.904129
[4]: 174.638046 173.930054
[4]: 129.042694 124.594322
[4]: 127.648384 126.765602
[4]: 122.154900 122.387993
[4]: 129.659195 126.389420
[4]: 115.083168 111.252876
[4]: 123.612480 123.659187
[4]: 136.745682 133.923080
[4]: 128.683899 128.397034
[4]: 128.224960 127.930695
[4]: 121.518974 122.162163
[4]: 123.587387 123.592026
[4]: 134.939484 132.753708
[4]: 119.551094 118.670052
[4]: 68.620216 67.263580
[4]: 126.241776 125.855522
[4]: 129.582184 131.628586
[4]: 128.900345 130.921097
[4]: 113.189697 113.843704
[4]: 117.457191 117.078583
[4]: 122.438332 123.219727
[4]: 127.383179 128.845459
[4]: 136.591644 137.093811
[4]: 134.952820 133.075012
[4]: 118.961891 118.086906
[4]: 130.934906 129.906662
[4]: 72.861519 74.227898
[4]: 134.573349 133.324158
[4]: 137.250381 140.945679
[4]: 130.976715 131.868683
[4]: 130.904053 128.115768
[3]: 126.341866 129.667557
[3]: 129.064117 129.926086
[3]: 127.403038 127.448074
[3]: 60.980312 60.540619
[3]: 130.066223 131.771637
[3]: 126.955643 126.479179
[3]: 135.003815 135.141663
[3]: 128.902100 130.633560
[3]: 134.189423 135.352875
[3]: 125.650894 125.978561
[3]: 116.700546 119.108917
[3]: 126.233383 127.657806
[3]: 128.054169 128.203644
[3]: 132.291290 132.660767
[3]: 128.560471 129.234131
[3]: 130.953461 131.750046
[3]: 133.334091 132.714172
[3]: 158.556183 155.685638
[3]: 123.501015 124.603302
[3]: 124.344589 122.442459
[3]: 127.050507 124.990410
[3]: 138.153000 136.959061
[3]: 131.710358 132.554504
[3]: 129.547318 128.384995
[3]: 130.707245 129.326920
[3]: 121.571594 120.673088
[3]: 126.839378 128.321609
[3]: 129.177658 128.891006
[3]: 126.089882 125.635117
[3]: 65.059067 64.354279
[3]: 129.743195 128.957504
[3]: 122.602798 117.774368
[3]: 126.052139 124.986511
[3]: 121.284203 121.671371
[2]: 126.116997 127.894775
[2]: 136.236786 136.264862
[2]: 137.725037 137.254089
[2]: 109.854385 113.327965
[2]: 136.620224 139.689117
[2]: 125.506813 126.364342
[2]: 128.965088 130.981094
[2]: 125.938469 128.233978
[2]: 140.654495 143.741364
[2]: 137.347733 136.178146
[2]: 112.389893 114.198883
[2]: 129.018173 130.096924
[2]: 123.887939 122.856323
[2]: 141.189453 141.394409
[2]: 134.257599 131.694214
[2]: 125.290665 125.654327
[2]: 134.812790 135.343277
[2]: 66.506813 68.268845
[2]: 130.787842 129.859833
[2]: 119.524590 117.726288
[2]: 130.836136 129.149658
[2]: 145.470551 144.983566
[2]: 141.458908 140.783249
[2]: 138.454849 136.607025
[2]: 124.680717 122.202629
[2]: 116.722084 115.770721
[2]: 125.249779 127.232552
[2]: 139.591293 141.488953
[2]: 115.293221 117.123810
[2]: 184.774612 187.028641
[2]: 115.431335 115.487915
[2]: 119.034592 115.701958
[2]: 127.392044 126.823853
[2]: 117.937675 119.795769
[1]: 127.114410 124.435265
[1]: 128.231781 126.022057
[1]: 138.123672 136.218262
[1]: 195.543854 195.582352
[1]: 127.006310 128.496063
[1]: 127.457397 127.885963
[1]: 126.551010 126.182396
[1]: 125.192520 126.707695
[1]: 137.235519 139.348587
[1]: 128.024765 128.695145
[1]: 119.517677 120.969055
[1]: 130.423294 129.116302
[1]: 128.754593 129.162750
[1]: 134.704666 133.181931
[1]: 133.031464 133.151993
[1]: 117.470642 118.258011
[1]: 134.456696 134.611816
[1]: 190.596725 191.817841
[1]: 133.934891 132.786499
[1]: 122.857552 122.490532
[1]: 126.717056 125.744560
[1]: 137.135284 135.743011
[1]: 139.639954 140.021667
[1]: 134.136139 134.113419
[1]: 128.922745 129.365189
[1]: 118.443535 119.186768
[1]: 121.620560 122.164551
[1]: 135.409821 136.165558
[1]: 126.000465 127.482735
[1]: 134.672974 131.550781
[1]: 119.029831 119.676590
[1]: 115.284660 117.413986
[1]: 126.181694 126.122925
[1]: 127.948990 130.843796
[0]: 126.193787 124.891190
[0]: 116.986366 117.632103
[0]: 116.534775 117.247887
[0]: 93.565231 91.521843
[0]: 117.316223 115.437042
[0]: 129.733902 129.795883
[0]: 123.713974 121.578682
[0]: 126.335114 123.861870
[0]: 106.578087 103.972305
[0]: 120.876183 121.032570
[0]: 154.833130 151.454742
[0]: 125.103539 124.158813
[0]: 130.462296 131.248230
[0]: 104.674637 105.238052
[0]: 115.030540 117.011108
[0]: 129.820801 130.063766
[0]: 115.280067 116.268654
[0]: 155.096985 155.970764
[0]: 122.807419 124.307205
[0]: 139.230377 141.321823
[0]: 124.135292 127.129501
[0]: 102.806381 105.662453
[0]: 105.911903 105.882210
[0]: 109.736153 112.333275
[0]: 124.306641 126.447815
[0]: 146.811050 147.295670
[0]: 130.900085 128.576889
[0]: 113.885849 112.386185
[0]: 141.029251 138.924698
[0]: 186.497757 185.904358
[0]: 142.662720 143.981277
[0]: 143.987228 146.401062
[0]: 126.867821 127.767845
[0]: 140.062119 137.356873
