[4]: 90.570442 132.432159
[4]: 128.534866 126.836334
[4]: 125.235489 117.904129
[4]: 173.547699 173.930054
[4]: 129.834091 124.594322
[4]: 128.528656 126.765602
[4]: 127.015259 122.387993
[4]: 126.961426 126.389420
[4]: 128.467911 111.252876
[4]: 129.239273 123.659187
[4]: 128.147018 133.923080
[4]: 128.703690 128.397034
[4]: 125.405388 127.930695
[4]: 129.766220 122.162163
[4]: 125.416656 123.592026
[4]: 132.121277 132.753708
[4]: 126.160057 118.670052
[4]: 60.734138 67.263580
[4]: 125.210754 125.855522
[4]: 127.761230 131.628586
[4]: 129.568726 130.921097
[4]: 129.233063 113.843704
[4]: 129.674026 117.078583
[4]: 128.436981 123.219727
[4]: 127.704689 128.845459
[4]: 126.312561 137.093811
[4]: 128.799225 133.075012
[4]: 128.770706 118.086906
[4]: 123.904106 129.906662
[4]: 125.716026 74.227898
[4]: 126.742836 133.324158
[4]: 172.775055 140.945679
[4]: 128.331238 131.868683
[4]: 124.253601 128.115768
[3]: 169.117249 129.667557
[3]: 127.098602 129.926086
[3]: 126.233353 127.448074
[3]: 85.408401 60.540619
[3]: 128.737427 131.771637
[3]: 127.690628 126.479179
[3]: 129.048874 135.141663
[3]: 127.943626 130.633560
[3]: 126.919693 135.352875
[3]: 125.962776 125.978561
[3]: 125.642967 119.108917
[3]: 127.931549 127.657806
[3]: 127.033440 128.203644
[3]: 127.708992 132.660767
[3]: 127.802086 129.234131
[3]: 130.384827 131.750046
[3]: 128.228500 132.714172
[3]: 127.346741 155.685638
[3]: 126.324310 124.603302
[3]: 127.539436 122.442459
[3]: 127.966850 124.990410
[3]: 126.939415 136.959061
[3]: 126.574448 132.554504
[3]: 127.617317 128.384995
[3]: 127.543869 129.326920
[3]: 124.962563 120.673088
[3]: 127.462418 128.321609
[3]: 126.699059 128.891006
[3]: 129.012009 125.635117
[3]: 58.910976 64.354279
[3]: 128.994995 128.957504
[3]: 83.456200 117.774368
[3]: 127.353172 124.986511
[3]: 126.948196 121.671371
[2]: 170.415344 127.894775
[2]: 130.530701 136.264862
[2]: 131.529327 137.254089
[2]: 98.868599 113.327965
[2]: 133.808167 139.689117
[2]: 127.763046 126.364342
[2]: 131.002762 130.981094
[2]: 130.571777 128.233978
[2]: 137.088715 143.741364
[2]: 129.454559 136.178146
[2]: 114.090973 114.198883
[2]: 130.291321 130.096924
[2]: 131.562866 122.856323
[2]: 137.906189 141.394409
[2]: 130.413803 131.694214
[2]: 129.687790 125.654327
[2]: 136.728699 135.343277
[2]: 117.384560 68.268845
[2]: 128.700104 129.859833
[2]: 119.294884 117.726288
[2]: 126.632774 129.149658
[2]: 134.154724 144.983566
[2]: 137.775757 140.783249
[2]: 137.747086 136.607025
[2]: 127.855797 122.202629
[2]: 122.033943 115.770721
[2]: 125.201233 127.232552
[2]: 132.512390 141.488953
[2]: 119.133263 117.123810
[2]: 186.310272 187.028641
[2]: 121.759644 115.487915
[2]: 71.505913 115.701958
[2]: 133.383591 126.823853
[2]: 120.750809 119.795769
[1]: 83.950394 124.435265
[1]: 128.636490 126.022057
[1]: 134.928131 136.218262
[1]: 182.825623 195.582352
[1]: 131.138443 128.496063
[1]: 126.529373 127.885963
[1]: 130.143509 126.182396
[1]: 128.421722 126.707695
[1]: 133.858246 139.348587
[1]: 126.950783 128.695145
[1]: 116.876068 120.969055
[1]: 126.785919 129.116302
[1]: 131.527374 129.162750
[1]: 132.393311 133.181931
[1]: 131.709290 133.151993
[1]: 124.109802 118.258011
[1]: 137.543732 134.611816
[1]: 188.895035 191.817841
[1]: 129.863007 132.786499
[1]: 121.286491 122.490532
[1]: 124.707596 125.744560
[1]: 130.982880 135.743011
[1]: 132.864929 140.021667
[1]: 134.928131 134.113419
[1]: 128.548721 129.365189
[1]: 123.888123 119.186768
[1]: 123.740845 122.164551
[1]: 131.063965 136.165558
[1]: 126.635338 127.482735
[1]: 115.088539 131.550781
[1]: 125.721954 119.676590
[1]: 156.832291 117.413986
[1]: 130.074020 126.122925
[1]: 126.800507 130.843796
[0]: 127.281525 124.891190
[0]: 120.596420 117.632103
[0]: 116.031502 117.247887
[0]: 81.155090 91.521843
[0]: 112.933044 115.437042
[0]: 126.130066 129.795883
[0]: 116.355179 121.578682
[0]: 120.265060 123.861870
[0]: 102.206238 103.972305
[0]: 123.180550 121.032570
[0]: 163.050598 151.454742
[0]: 125.245201 124.158813
[0]: 122.532211 131.248230
[0]: 101.004936 105.238052
[0]: 117.571396 117.011108
[0]: 118.830093 130.063766
[0]: 103.085503 116.268654
[0]: 158.400940 155.970764
[0]: 128.063446 124.307205
[0]: 142.877625 141.321823
[0]: 129.288986 127.129501
[0]: 113.732628 105.662453
[0]: 104.823402 105.882210
[0]: 99.064758 112.333275
[0]: 123.557678 126.447815
[0]: 147.038742 147.295670
[0]: 136.420700 128.576889
[0]: 115.858963 112.386185
[0]: 144.360443 138.924698
[0]: 173.640320 185.904358
[0]: 140.421692 143.981277
[0]: 158.151901 146.401062
[0]: 114.778511 127.767845
[0]: 142.884857 137.356873
