[4]: 132.432159 136.353592
[4]: 126.836334 127.108086
[4]: 117.904129 115.980919
[4]: 173.930054 172.762924
[4]: 124.594322 127.307320
[4]: 126.765602 126.680939
[4]: 122.387993 122.574265
[4]: 126.389420 128.575211
[4]: 111.252876 112.840111
[4]: 123.659187 123.404922
[4]: 133.923080 133.096344
[4]: 128.397034 129.574112
[4]: 127.930695 127.515213
[4]: 122.162163 123.029404
[4]: 123.592026 123.794228
[4]: 132.753708 133.129929
[4]: 118.670052 119.939690
[4]: 67.263580 67.708923
[4]: 125.855522 126.231789
[4]: 131.628586 129.903427
[4]: 130.921097 128.861481
[4]: 113.843704 110.917847
[4]: 117.078583 116.467834
[4]: 123.219727 121.053688
[4]: 128.845459 127.102333
[4]: 137.093811 135.797455
[4]: 133.075012 134.742355
[4]: 118.086906 117.378036
[4]: 129.906662 130.854385
[4]: 74.227898 73.080498
[4]: 133.324158 135.418716
[4]: 140.945679 135.316223
[4]: 131.868683 130.740463
[4]: 128.115768 128.413116
[3]: 129.667557 124.851517
[3]: 129.926086 128.970169
[3]: 127.448074 126.821136
[3]: 60.540619 61.158089
[3]: 131.771637 131.002350
[3]: 126.479179 127.361320
[3]: 135.141663 134.567764
[3]: 130.633560 128.688904
[3]: 135.352875 135.132629
[3]: 125.978561 125.716316
[3]: 119.108917 119.150276
[3]: 127.657806 124.404121
[3]: 128.203644 128.452316
[3]: 132.660767 131.752167
[3]: 129.234131 129.354370
[3]: 131.750046 131.461609
[3]: 132.714172 131.618835
[3]: 155.685638 159.871521
[3]: 124.603302 122.757637
[3]: 122.442459 123.700150
[3]: 124.990410 127.027023
[3]: 136.959061 141.083725
[3]: 132.554504 132.531601
[3]: 128.384995 130.141525
[3]: 129.326920 130.436386
[3]: 120.673088 121.002419
[3]: 128.321609 126.821526
[3]: 128.891006 128.679764
[3]: 125.635117 126.361244
[3]: 64.354279 65.457077
[3]: 128.957504 128.341019
[3]: 117.774368 124.027184
[3]: 124.986511 126.787079
[3]: 121.671371 122.220726
[2]: 127.894775 124.149803
[2]: 136.264862 134.257782
[2]: 137.254089 138.913300
[2]: 113.327965 110.451172
[2]: 139.689117 138.380066
[2]: 126.364342 126.011200
[2]: 130.981094 129.238419
[2]: 128.233978 126.180679
[2]: 143.741364 142.690872
[2]: 136.178146 137.836273
[2]: 114.198883 115.833557
[2]: 130.096924 127.243462
[2]: 122.856323 124.170197
[2]: 141.394409 139.830765
[2]: 131.694214 132.654160
[2]: 125.654327 125.925781
[2]: 135.343277 134.414062
[2]: 68.268845 66.311363
[2]: 129.859833 130.088303
[2]: 117.726288 119.883865
[2]: 129.149658 132.435654
[2]: 144.983566 147.634171
[2]: 140.783249 142.964493
[2]: 136.607025 139.421097
[2]: 122.202629 124.297371
[2]: 115.770721 117.236343
[2]: 127.232552 125.047905
[2]: 141.488953 141.311371
[2]: 117.123810 116.091415
[2]: 187.028641 184.405502
[2]: 115.487915 113.774612
[2]: 115.701958 120.805008
[2]: 126.823853 128.280655
[2]: 119.795769 121.553391
[1]: 124.435265 125.792953
[1]: 126.022057 127.454971
[1]: 136.218262 137.318588
[1]: 195.582352 196.272903
[1]: 128.496063 127.401443
[1]: 127.885963 127.995888
[1]: 126.182396 126.601585
[1]: 126.707695 125.836243
[1]: 139.348587 137.427277
[1]: 128.695145 128.790939
[1]: 120.969055 120.859207
[1]: 129.116302 129.710800
[1]: 129.162750 128.584595
[1]: 133.181931 133.677765
[1]: 133.151993 132.784424
[1]: 118.258011 117.680862
[1]: 134.611816 134.958649
[1]: 191.817841 190.249084
[1]: 132.786499 133.387405
[1]: 122.490532 123.185555
[1]: 125.744560 126.950043
[1]: 135.743011 138.116745
[1]: 140.021667 140.162598
[1]: 134.113419 134.398804
[1]: 129.365189 129.302612
[1]: 119.186768 119.250175
[1]: 122.164551 122.126289
[1]: 136.165558 135.495392
[1]: 127.482735 125.975021
[1]: 131.550781 133.908386
[1]: 119.676590 118.797302
[1]: 117.413986 116.654724
[1]: 126.122925 125.369324
[1]: 130.843796 129.019699
[0]: 124.891190 128.413467
[0]: 117.632103 118.931839
[0]: 117.247887 117.001892
[0]: 91.521843 93.370773
[0]: 115.437042 115.918068
[0]: 129.795883 129.187531
[0]: 121.578682 123.441002
[0]: 123.861870 126.789314
[0]: 103.972305 105.681473
[0]: 121.032570 119.702644
[0]: 151.454742 150.780701
[0]: 124.158813 128.840256
[0]: 131.248230 130.658234
[0]: 105.238052 106.323433
[0]: 117.011108 115.969879
[0]: 130.063766 130.356400
[0]: 116.268654 116.676819
[0]: 155.970764 154.843018
[0]: 124.307205 124.978569
[0]: 141.321823 138.785431
[0]: 127.129501 122.245201
[0]: 105.662453 98.783974
[0]: 105.882210 103.967033
[0]: 112.333275 109.331528
[0]: 126.447815 124.906876
[0]: 147.295670 146.775024
[0]: 128.576889 130.804718
[0]: 112.386185 114.277565
[0]: 138.924698 139.905075
[0]: 185.904358 186.902924
[0]: 143.981277 145.281693
[0]: 146.401062 141.055344
[0]: 127.767845 126.258797
[0]: 137.356873 136.572769
