[4]: 133.614639 132.432159
[4]: 126.190826 126.836334
[4]: 116.763870 117.904129
[4]: 172.833237 173.930054
[4]: 126.439110 124.594322
[4]: 126.570831 126.765602
[4]: 122.316788 122.387993
[4]: 127.962906 126.389420
[4]: 113.356720 111.252876
[4]: 123.253807 123.659187
[4]: 134.855652 133.923080
[4]: 128.815643 128.397034
[4]: 128.979874 127.930695
[4]: 122.756218 122.162163
[4]: 125.168655 123.592026
[4]: 134.280960 132.753708
[4]: 120.403915 118.670052
[4]: 67.406754 67.263580
[4]: 125.492699 125.855522
[4]: 130.658035 131.628586
[4]: 129.996918 130.921097
[4]: 113.543449 113.843704
[4]: 117.061638 117.078583
[4]: 121.946732 123.219727
[4]: 127.776260 128.845459
[4]: 136.948471 137.093811
[4]: 135.417801 133.075012
[4]: 118.203613 118.086906
[4]: 130.827881 129.906662
[4]: 72.999763 74.227898
[4]: 134.164398 133.324158
[4]: 139.047195 140.945679
[4]: 131.895584 131.868683
[4]: 129.975143 128.115768
[3]: 126.947968 129.667557
[3]: 129.188232 129.926086
[3]: 127.313599 127.448074
[3]: 60.828926 60.540619
[3]: 132.149155 131.771637
[3]: 127.506744 126.479179
[3]: 135.083466 135.141663
[3]: 129.775330 130.633560
[3]: 134.430145 135.352875
[3]: 126.190811 125.978561
[3]: 117.198380 119.108917
[3]: 126.371948 127.657806
[3]: 127.386383 128.203644
[3]: 132.276779 132.660767
[3]: 128.729782 129.234131
[3]: 130.451981 131.750046
[3]: 132.831116 132.714172
[3]: 158.676651 155.685638
[3]: 123.881737 124.603302
[3]: 124.166862 122.442459
[3]: 125.737106 124.990410
[3]: 137.798431 136.959061
[3]: 131.729614 132.554504
[3]: 130.644669 128.384995
[3]: 130.160934 129.326920
[3]: 120.890785 120.673088
[3]: 126.165848 128.321609
[3]: 129.634598 128.891006
[3]: 125.404709 125.635117
[3]: 65.277481 64.354279
[3]: 129.059372 128.957504
[3]: 121.302757 117.774368
[3]: 125.718857 124.986511
[3]: 121.514862 121.671371
[2]: 126.872841 127.894775
[2]: 137.215103 136.264862
[2]: 136.712067 137.254089
[2]: 111.659348 113.327965
[2]: 138.492737 139.689117
[2]: 126.435303 126.364342
[2]: 128.940659 130.981094
[2]: 128.213898 128.233978
[2]: 141.761505 143.741364
[2]: 137.957672 136.178146
[2]: 113.992973 114.198883
[2]: 128.524200 130.096924
[2]: 122.371803 122.856323
[2]: 140.501358 141.394409
[2]: 131.526443 131.694214
[2]: 125.416138 125.654327
[2]: 133.607269 135.343277
[2]: 67.128197 68.268845
[2]: 130.658783 129.859833
[2]: 117.538338 117.726288
[2]: 131.062698 129.149658
[2]: 145.113022 144.983566
[2]: 141.935547 140.783249
[2]: 138.186340 136.607025
[2]: 123.762863 122.202629
[2]: 115.624763 115.770721
[2]: 125.395927 127.232552
[2]: 140.422119 141.488953
[2]: 116.433144 117.123810
[2]: 185.760468 187.028641
[2]: 115.518288 115.487915
[2]: 116.693932 115.701958
[2]: 126.303352 126.823853
[2]: 118.740417 119.795769
[1]: 126.251495 124.435265
[1]: 126.853813 126.022057
[1]: 137.245361 136.218262
[1]: 196.308151 195.582352
[1]: 127.229889 128.496063
[1]: 127.536957 127.885963
[1]: 126.698685 126.182396
[1]: 125.986946 126.707695
[1]: 137.976990 139.348587
[1]: 128.501678 128.695145
[1]: 120.533066 120.969055
[1]: 130.420151 129.116302
[1]: 128.456360 129.162750
[1]: 133.361008 133.181931
[1]: 132.653534 133.151993
[1]: 118.523743 118.258011
[1]: 134.090851 134.611816
[1]: 190.628036 191.817841
[1]: 133.271942 132.786499
[1]: 123.143623 122.490532
[1]: 125.869667 125.744560
[1]: 136.917847 135.743011
[1]: 139.784714 140.021667
[1]: 133.565247 134.113419
[1]: 128.840683 129.365189
[1]: 119.309242 119.186768
[1]: 121.378258 122.164551
[1]: 135.192902 136.165558
[1]: 126.367531 127.482735
[1]: 133.042664 131.550781
[1]: 118.728294 119.676590
[1]: 116.116425 117.413986
[1]: 125.810135 126.122925
[1]: 129.091705 130.843796
[0]: 125.661018 124.891190
[0]: 117.161751 117.632103
[0]: 118.052650 117.247887
[0]: 92.637360 91.521843
[0]: 115.651123 115.437042
[0]: 129.200287 129.795883
[0]: 123.347931 121.578682
[0]: 123.899940 123.861870
[0]: 106.264473 103.972305
[0]: 119.521637 121.032570
[0]: 153.372284 151.454742
[0]: 125.343025 124.158813
[0]: 132.320999 131.248230
[0]: 105.662132 105.238052
[0]: 116.520691 117.011108
[0]: 129.812866 130.063766
[0]: 116.658348 116.268654
[0]: 155.289078 155.970764
[0]: 124.072182 124.307205
[0]: 140.027267 141.321823
[0]: 125.100578 127.129501
[0]: 103.553040 105.662453
[0]: 105.723221 105.882210
[0]: 110.048096 112.333275
[0]: 125.567924 126.447815
[0]: 147.323502 147.295670
[0]: 131.245117 128.576889
[0]: 113.605095 112.386185
[0]: 140.200897 138.924698
[0]: 186.621964 185.904358
[0]: 144.058670 143.981277
[0]: 145.013245 146.401062
[0]: 127.819069 127.767845
[0]: 138.593903 137.356873
