[4]: 132.432159 132.798279
[4]: 126.836334 130.137039
[4]: 117.904129 123.973534
[4]: 173.930054 174.433701
[4]: 124.594322 128.552292
[4]: 126.765602 131.750610
[4]: 122.387993 125.616806
[4]: 126.389420 120.922050
[4]: 111.252876 124.223083
[4]: 123.659187 129.205597
[4]: 133.923080 126.479927
[4]: 128.397034 131.778778
[4]: 127.930695 125.593170
[4]: 122.162163 128.613403
[4]: 123.592026 122.612595
[4]: 132.753708 128.692810
[4]: 118.670052 121.367897
[4]: 67.263580 72.050270
[4]: 125.855522 129.430634
[4]: 131.628586 125.293343
[4]: 130.921097 127.474258
[4]: 113.843704 125.866035
[4]: 117.078583 77.116806
[4]: 123.219727 128.499115
[4]: 128.845459 124.477821
[4]: 137.093811 130.501373
[4]: 133.075012 129.919373
[4]: 118.086906 122.565971
[4]: 129.906662 131.994659
[4]: 74.227898 81.807510
[4]: 133.324158 126.932732
[4]: 140.945679 135.657364
[4]: 131.868683 129.001862
[4]: 128.115768 122.129677
[3]: 129.667557 130.221268
[3]: 129.926086 126.153854
[3]: 127.448074 123.788033
[3]: 60.540619 65.843254
[3]: 131.771637 129.493393
[3]: 126.479179 125.600471
[3]: 135.141663 136.297455
[3]: 130.633560 132.294250
[3]: 135.352875 127.332809
[3]: 125.978561 122.887756
[3]: 119.108917 126.845993
[3]: 127.657806 127.606804
[3]: 128.203644 129.595230
[3]: 132.660767 126.785530
[3]: 129.234131 128.654602
[3]: 131.750046 132.516617
[3]: 132.714172 132.236450
[3]: 155.685638 153.259048
[3]: 124.603302 120.891747
[3]: 122.442459 125.370041
[3]: 124.990410 128.127808
[3]: 136.959061 129.746582
[3]: 132.554504 152.186783
[3]: 128.384995 126.585220
[3]: 129.326920 130.649582
[3]: 120.673088 126.888229
[3]: 128.321609 126.895973
[3]: 128.891006 125.211342
[3]: 125.635117 126.986313
[3]: 64.354279 59.978413
[3]: 128.957504 135.584900
[3]: 117.774368 121.435432
[3]: 124.986511 128.385681
[3]: 121.671371 123.763474
[2]: 127.894775 125.040001
[2]: 136.264862 131.203598
[2]: 137.254089 128.338699
[2]: 113.327965 126.051186
[2]: 139.689117 131.387589
[2]: 126.364342 128.806946
[2]: 130.981094 123.544571
[2]: 128.233978 132.433380
[2]: 143.741364 125.712982
[2]: 136.178146 135.308243
[2]: 114.198883 129.706451
[2]: 130.096924 124.228653
[2]: 122.856323 126.910286
[2]: 141.394409 128.128006
[2]: 131.694214 124.134125
[2]: 125.654327 133.589310
[2]: 135.343277 127.501472
[2]: 68.268845 69.326370
[2]: 129.859833 123.036896
[2]: 117.726288 131.008163
[2]: 129.149658 133.175186
[2]: 144.983566 126.387344
[2]: 140.783249 191.353149
[2]: 136.607025 124.913307
[2]: 122.202629 124.586609
[2]: 115.770721 125.184898
[2]: 127.232552 133.192978
[2]: 141.488953 134.886124
[2]: 117.123810 122.019348
[2]: 187.028641 175.547104
[2]: 115.487915 126.815758
[2]: 115.701958 127.387917
[2]: 126.823853 125.617798
[2]: 119.795769 131.602768
[1]: 124.435265 123.093315
[1]: 126.022057 125.175529
[1]: 136.218262 135.484818
[1]: 195.582352 195.378922
[1]: 128.496063 127.548386
[1]: 127.885963 126.229973
[1]: 126.182396 126.326591
[1]: 126.707695 126.845238
[1]: 139.348587 130.067749
[1]: 128.695145 124.427147
[1]: 120.969055 127.120613
[1]: 129.116302 128.104492
[1]: 129.162750 129.335083
[1]: 133.181931 126.706215
[1]: 133.151993 132.064835
[1]: 118.258011 119.278839
[1]: 134.611816 132.885834
[1]: 191.817841 195.386002
[1]: 132.786499 131.841385
[1]: 122.490532 124.495911
[1]: 125.744560 125.538239
[1]: 135.743011 129.770096
[1]: 140.021667 147.712509
[1]: 134.113419 130.324860
[1]: 129.365189 129.903931
[1]: 119.186768 126.957359
[1]: 122.164551 124.339729
[1]: 136.165558 131.779465
[1]: 127.482735 125.242485
[1]: 131.550781 134.782776
[1]: 119.676590 122.480957
[1]: 117.413986 124.747597
[1]: 126.122925 127.372070
[1]: 130.843796 136.178360
[0]: 124.891190 128.387711
[0]: 117.632103 124.840332
[0]: 117.247887 125.222565
[0]: 91.521843 76.298607
[0]: 115.437042 123.941055
[0]: 129.795883 124.849129
[0]: 121.578682 124.690590
[0]: 123.861870 123.509720
[0]: 103.972305 128.148697
[0]: 121.032570 124.419724
[0]: 151.454742 127.650429
[0]: 124.158813 127.959763
[0]: 131.248230 127.669304
[0]: 105.238052 126.150871
[0]: 117.011108 127.835739
[0]: 130.063766 124.281029
[0]: 116.268654 124.307396
[0]: 155.970764 145.491333
[0]: 124.307205 132.522705
[0]: 141.321823 128.453033
[0]: 127.129501 123.668335
[0]: 105.662453 127.078384
[0]: 105.882210 69.065643
[0]: 112.333275 125.409241
[0]: 126.447815 126.517784
[0]: 147.295670 128.898071
[0]: 128.576889 125.073059
[0]: 112.386185 123.805260
[0]: 138.924698 132.070068
[0]: 185.904358 187.682037
[0]: 143.981277 128.293121
[0]: 146.401062 127.643494
[0]: 127.767845 127.068787
[0]: 137.356873 123.323196
