[19]: 1987  5  9  6  7 PATTY       7.0   4.3   52  385 1994  7  1 18 28 RAFAEL      7.0   5.1   47  135
[18]: 1994  7  1 18 28 RAFAEL      7.0   5.1   47  135 1987  5  9  6  7 PATTY       7.0   4.3   52  385
[17]: 1995  5 22  6 14 ERNESTO     7.1   4.9   53  190 2000 10 11  0 20 OSCAR       7.1   4.6   65  547
[16]: 1989  9  9  6 13 CHRIS       7.0   4.6   21  602 1999  8 15 18 25 BERYL       7.0   4.2  101   90
[15]: 1985  9 28  0  6 FLORENCE    7.1   5.4   48  753 1989  9  9  6 13 CHRIS       7.0   4.6   21  602
[14]: 1978 12  1  6  4 ALBERTO     7.1   4.7   21  674 1995  5 22  6 14 ERNESTO     7.1   4.9   53  190
[13]: 2000 10 11  0 20 OSCAR       7.1   4.6   65  547 1983  5  8 12  1 ALBERTO     7.1   4.5  121  234
[12]: 1999  8 15 18 25 BERYL       7.0   4.2  101   90 1985  9 28  0  6 FLORENCE    7.1   5.4   48  753
[10]: 1989  9  9  6 13 CHRIS       7.0   4.6   21  602 1994  7  1 18 28 RAFAEL      7.0   5.1   47  135
[9]: 1994  7  1 18 28 RAFAEL      7.0   5.1   47  135 1995  5 22  6 14 ERNESTO     7.1   4.9   53  190
[8]: 1978 12  1  6  4 ALBERTO     7.1   4.7   21  674 1994  7  1 18 28 RAFAEL      7.0   5.1   47  135
[7]: 1983  5  8 12  1 ALBERTO     7.1   4.5  121  234 2000 10 11  0 20 OSCAR       7.1   4.6   65  547
[6]: 1995  5 22  6 14 ERNESTO     7.1   4.9   53  190 1989  9  9  6 13 CHRIS       7.0   4.6   21  602
[5]: 1989  9  9  6 13 CHRIS       7.0   4.6   21  602 1983  6 22  0 14 GORDON      7.1   5.8  130  838
[4]: 2000 10 11  0 20 OSCAR       7.1   4.6   65  547 1989  9  9  6 13 CHRIS       7.0   4.6   21  602
[1]: 1994  7  1 18 28 RAFAEL      7.0   5.1   47  135 1978 12  1  6  4 ALBERTO     7.1   4.7   21  674
[0]: 1983 10 14 18  2 RAFAEL      8.4  32.5  108  145 1978 12  1  6  4 ALBERTO     7.1   4.7   21  674
