[4]: 133.462219 132.432159
[4]: 125.518906 126.836334
[4]: 116.871635 117.904129
[4]: 172.518677 173.930054
[4]: 126.391960 124.594322
[4]: 126.618851 126.765602
[4]: 122.713585 122.387993
[4]: 127.846291 126.389420
[4]: 113.868080 111.252876
[4]: 123.410828 123.659187
[4]: 135.331802 133.923080
[4]: 128.823090 128.397034
[4]: 128.896973 127.930695
[4]: 122.205650 122.162163
[4]: 124.509277 123.592026
[4]: 134.544647 132.753708
[4]: 120.812035 118.670052
[4]: 67.696457 67.263580
[4]: 125.104446 125.855522
[4]: 130.473984 131.628586
[4]: 130.050369 130.921097
[4]: 113.436646 113.843704
[4]: 116.999054 117.078583
[4]: 121.800110 123.219727
[4]: 128.370102 128.845459
[4]: 136.346497 137.093811
[4]: 135.617828 133.075012
[4]: 118.479675 118.086906
[4]: 129.903442 129.906662
[4]: 72.394173 74.227898
[4]: 133.996994 133.324158
[4]: 139.487640 140.945679
[4]: 132.464676 131.868683
[4]: 131.008530 128.115768
[3]: 126.844269 129.667557
[3]: 129.665802 129.926086
[3]: 127.307167 127.448074
[3]: 60.415653 60.540619
[3]: 132.030609 131.771637
[3]: 127.320450 126.479179
[3]: 134.909485 135.141663
[3]: 130.152771 130.633560
[3]: 134.562637 135.352875
[3]: 125.843094 125.978561
[3]: 117.392769 119.108917
[3]: 126.428619 127.657806
[3]: 127.741486 128.203644
[3]: 133.103088 132.660767
[3]: 128.859894 129.234131
[3]: 131.066315 131.750046
[3]: 133.156281 132.714172
[3]: 158.437057 155.685638
[3]: 123.531242 124.603302
[3]: 123.694389 122.442459
[3]: 125.751251 124.990410
[3]: 137.915421 136.959061
[3]: 131.711655 132.554504
[3]: 130.850586 128.384995
[3]: 129.651901 129.326920
[3]: 121.512650 120.673088
[3]: 126.197517 128.321609
[3]: 129.830124 128.891006
[3]: 126.601845 125.635117
[3]: 65.730400 64.354279
[3]: 129.210800 128.957504
[3]: 120.737038 117.774368
[3]: 125.205795 124.986511
[3]: 121.017960 121.671371
[2]: 127.297615 127.894775
[2]: 137.374496 136.264862
[2]: 136.281891 137.254089
[2]: 111.984673 113.327965
[2]: 137.484589 139.689117
[2]: 126.415169 126.364342
[2]: 129.028595 130.981094
[2]: 129.075455 128.233978
[2]: 141.360916 143.741364
[2]: 137.930420 136.178146
[2]: 113.899841 114.198883
[2]: 128.494446 130.096924
[2]: 122.364975 122.856323
[2]: 140.363464 141.394409
[2]: 131.624542 131.694214
[2]: 125.388084 125.654327
[2]: 132.925186 135.343277
[2]: 67.065048 68.268845
[2]: 131.522156 129.859833
[2]: 117.883873 117.726288
[2]: 130.925735 129.149658
[2]: 144.934708 144.983566
[2]: 141.798492 140.783249
[2]: 137.518433 136.607025
[2]: 123.137489 122.202629
[2]: 116.175934 115.770721
[2]: 125.332642 127.232552
[2]: 140.068222 141.488953
[2]: 117.013664 117.123810
[2]: 186.117233 187.028641
[2]: 115.706993 115.487915
[2]: 116.188644 115.701958
[2]: 126.191101 126.823853
[2]: 117.910088 119.795769
[1]: 126.359253 124.435265
[1]: 127.148590 126.022057
[1]: 137.158661 136.218262
[1]: 196.177475 195.582352
[1]: 127.938240 128.496063
[1]: 127.435310 127.885963
[1]: 125.690720 126.182396
[1]: 125.600922 126.707695
[1]: 137.680954 139.348587
[1]: 128.423828 128.695145
[1]: 120.416336 120.969055
[1]: 130.552429 129.116302
[1]: 128.505508 129.162750
[1]: 133.812363 133.181931
[1]: 133.105103 133.151993
[1]: 118.170769 118.258011
[1]: 133.804718 134.611816
[1]: 190.747009 191.817841
[1]: 133.282578 132.786499
[1]: 123.329742 122.490532
[1]: 126.126183 125.744560
[1]: 137.482391 135.743011
[1]: 140.469742 140.021667
[1]: 133.654648 134.113419
[1]: 128.533615 129.365189
[1]: 119.172714 119.186768
[1]: 121.244629 122.164551
[1]: 135.607483 136.165558
[1]: 125.987198 127.482735
[1]: 132.281021 131.550781
[1]: 119.325294 119.676590
[1]: 116.008278 117.413986
[1]: 125.708832 126.122925
[1]: 129.366837 130.843796
[0]: 125.362877 124.891190
[0]: 116.818604 117.632103
[0]: 118.501633 117.247887
[0]: 93.633423 91.521843
[0]: 116.091469 115.437042
[0]: 129.491745 129.795883
[0]: 124.120361 121.578682
[0]: 123.097748 123.861870
[0]: 106.310005 103.972305
[0]: 119.793846 121.032570
[0]: 152.883682 151.454742
[0]: 125.168671 124.158813
[0]: 132.006104 131.248230
[0]: 104.977821 105.238052
[0]: 116.503784 117.011108
[0]: 129.239075 130.063766
[0]: 116.919357 116.268654
[0]: 155.861679 155.970764
[0]: 123.942657 124.307205
[0]: 140.193436 141.321823
[0]: 124.863220 127.129501
[0]: 103.081589 105.662453
[0]: 105.200485 105.882210
[0]: 110.588203 112.333275
[0]: 126.530952 126.447815
[0]: 146.856857 147.295670
[0]: 131.187241 128.576889
[0]: 112.988052 112.386185
[0]: 139.729630 138.924698
[0]: 186.768570 185.904358
[0]: 143.231079 143.981277
[0]: 145.811035 146.401062
[0]: 127.994583 127.767845
[0]: 138.678650 137.356873
