[4]: 133.449356 132.432159
[4]: 126.168900 126.836334
[4]: 116.901970 117.904129
[4]: 172.987488 173.930054
[4]: 126.451576 124.594322
[4]: 126.111961 126.765602
[4]: 122.150688 122.387993
[4]: 127.874573 126.389420
[4]: 113.126221 111.252876
[4]: 123.149811 123.659187
[4]: 134.709793 133.923080
[4]: 128.911789 128.397034
[4]: 129.095413 127.930695
[4]: 122.728485 122.162163
[4]: 125.217041 123.592026
[4]: 134.041336 132.753708
[4]: 119.966820 118.670052
[4]: 67.167313 67.263580
[4]: 125.318398 125.855522
[4]: 130.873550 131.628586
[4]: 129.973785 130.921097
[4]: 113.576767 113.843704
[4]: 117.008080 117.078583
[4]: 121.900703 123.219727
[4]: 127.713356 128.845459
[4]: 136.702744 137.093811
[4]: 135.358063 133.075012
[4]: 117.947578 118.086906
[4]: 130.691742 129.906662
[4]: 73.293770 74.227898
[4]: 134.265335 133.324158
[4]: 139.361786 140.945679
[4]: 131.997391 131.868683
[4]: 129.659363 128.115768
[3]: 127.277306 129.667557
[3]: 129.267868 129.926086
[3]: 127.286194 127.448074
[3]: 60.897793 60.540619
[3]: 131.916031 131.771637
[3]: 127.447029 126.479179
[3]: 135.202301 135.141663
[3]: 129.818817 130.633560
[3]: 134.478134 135.352875
[3]: 126.352852 125.978561
[3]: 117.510483 119.108917
[3]: 126.371635 127.657806
[3]: 127.245338 128.203644
[3]: 132.296326 132.660767
[3]: 128.566544 129.234131
[3]: 130.765656 131.750046
[3]: 133.029785 132.714172
[3]: 158.260071 155.685638
[3]: 124.034302 124.603302
[3]: 123.990959 122.442459
[3]: 125.588448 124.990410
[3]: 137.648087 136.959061
[3]: 131.830826 132.554504
[3]: 130.577377 128.384995
[3]: 129.954941 129.326920
[3]: 121.040932 120.673088
[3]: 126.292274 128.321609
[3]: 129.672180 128.891006
[3]: 125.451706 125.635117
[3]: 64.940903 64.354279
[3]: 129.320572 128.957504
[3]: 120.969910 117.774368
[3]: 125.612305 124.986511
[3]: 121.710533 121.671371
[2]: 126.827858 127.894775
[2]: 137.093613 136.264862
[2]: 136.658035 137.254089
[2]: 111.690559 113.327965
[2]: 138.669662 139.689117
[2]: 126.601097 126.364342
[2]: 129.196625 130.981094
[2]: 128.134262 128.233978
[2]: 141.708984 143.741364
[2]: 137.674774 136.178146
[2]: 114.094643 114.198883
[2]: 128.449127 130.096924
[2]: 122.470581 122.856323
[2]: 140.439240 141.394409
[2]: 131.578369 131.694214
[2]: 125.326027 125.654327
[2]: 133.948013 135.343277
[2]: 67.377769 68.268845
[2]: 130.749725 129.859833
[2]: 117.185936 117.726288
[2]: 130.983017 129.149658
[2]: 145.252197 144.983566
[2]: 141.973923 140.783249
[2]: 138.181625 136.607025
[2]: 123.650772 122.202629
[2]: 115.562111 115.770721
[2]: 125.322838 127.232552
[2]: 140.678207 141.488953
[2]: 116.600067 117.123810
[2]: 185.828415 187.028641
[2]: 115.317734 115.487915
[2]: 116.683945 115.701958
[2]: 126.290703 126.823853
[2]: 119.003265 119.795769
[1]: 126.168373 124.435265
[1]: 126.664253 126.022057
[1]: 137.114578 136.218262
[1]: 196.382858 195.582352
[1]: 127.286926 128.496063
[1]: 127.820274 127.885963
[1]: 126.536690 126.182396
[1]: 126.348335 126.707695
[1]: 138.126007 139.348587
[1]: 128.598724 128.695145
[1]: 120.550140 120.969055
[1]: 130.402054 129.116302
[1]: 128.578125 129.162750
[1]: 133.412155 133.181931
[1]: 132.740356 133.151993
[1]: 118.431511 118.258011
[1]: 133.895752 134.611816
[1]: 190.701797 191.817841
[1]: 133.075714 132.786499
[1]: 123.330376 122.490532
[1]: 126.072838 125.744560
[1]: 136.670792 135.743011
[1]: 139.647003 140.021667
[1]: 133.730484 134.113419
[1]: 129.084503 129.365189
[1]: 119.511894 119.186768
[1]: 121.636040 122.164551
[1]: 135.027832 136.165558
[1]: 126.449547 127.482735
[1]: 132.673355 131.550781
[1]: 118.546799 119.676590
[1]: 116.221313 117.413986
[1]: 125.832245 126.122925
[1]: 129.103394 130.843796
[0]: 125.643410 124.891190
[0]: 117.427132 117.632103
[0]: 118.094429 117.247887
[0]: 92.579910 91.521843
[0]: 115.628204 115.437042
[0]: 129.268692 129.795883
[0]: 123.278915 121.578682
[0]: 123.637222 123.861870
[0]: 106.300911 103.972305
[0]: 119.629837 121.032570
[0]: 153.082138 151.454742
[0]: 125.347054 124.158813
[0]: 132.119171 131.248230
[0]: 105.665749 105.238052
[0]: 116.494759 117.011108
[0]: 129.947327 130.063766
[0]: 116.736984 116.268654
[0]: 155.513840 155.970764
[0]: 124.207253 124.307205
[0]: 140.175888 141.321823
[0]: 125.156982 127.129501
[0]: 103.748238 105.662453
[0]: 105.744026 105.882210
[0]: 109.976288 112.333275
[0]: 125.723579 126.447815
[0]: 147.301605 147.295670
[0]: 130.991501 128.576889
[0]: 113.708458 112.386185
[0]: 140.043991 138.924698
[0]: 186.670044 185.904358
[0]: 144.100021 143.981277
[0]: 144.974396 146.401062
[0]: 127.833733 127.767845
[0]: 138.462280 137.356873
