[4]: 133.341324 132.432159
[4]: 125.885193 126.836334
[4]: 116.954140 117.904129
[4]: 173.061722 173.930054
[4]: 126.557365 124.594322
[4]: 126.420822 126.765602
[4]: 121.735405 122.387993
[4]: 128.088699 126.389420
[4]: 113.187004 111.252876
[4]: 122.707153 123.659187
[4]: 134.487152 133.923080
[4]: 128.935822 128.397034
[4]: 129.166382 127.930695
[4]: 122.891861 122.162163
[4]: 125.110359 123.592026
[4]: 134.227234 132.753708
[4]: 120.042053 118.670052
[4]: 67.135674 67.263580
[4]: 125.373688 125.855522
[4]: 131.079651 131.628586
[4]: 130.082672 130.921097
[4]: 113.829895 113.843704
[4]: 117.263252 117.078583
[4]: 122.278877 123.219727
[4]: 127.629883 128.845459
[4]: 136.817596 137.093811
[4]: 135.577438 133.075012
[4]: 117.874008 118.086906
[4]: 130.838074 129.906662
[4]: 73.301491 74.227898
[4]: 134.742935 133.324158
[4]: 139.514359 140.945679
[4]: 131.566330 131.868683
[4]: 129.861237 128.115768
[3]: 127.264481 129.667557
[3]: 129.787186 129.926086
[3]: 127.353729 127.448074
[3]: 60.518250 60.540619
[3]: 132.069092 131.771637
[3]: 127.465492 126.479179
[3]: 135.315125 135.141663
[3]: 129.547791 130.633560
[3]: 134.415237 135.352875
[3]: 126.403442 125.978561
[3]: 117.467918 119.108917
[3]: 126.624306 127.657806
[3]: 127.333099 128.203644
[3]: 132.048843 132.660767
[3]: 128.688080 129.234131
[3]: 130.941071 131.750046
[3]: 132.904724 132.714172
[3]: 157.809845 155.685638
[3]: 123.980537 124.603302
[3]: 123.536697 122.442459
[3]: 125.504807 124.990410
[3]: 137.431259 136.959061
[3]: 131.579987 132.554504
[3]: 130.275024 128.384995
[3]: 129.924194 129.326920
[3]: 120.866982 120.673088
[3]: 126.134743 128.321609
[3]: 129.228683 128.891006
[3]: 125.746307 125.635117
[3]: 64.899178 64.354279
[3]: 128.710587 128.957504
[3]: 121.133492 117.774368
[3]: 125.879097 124.986511
[3]: 121.784523 121.671371
[2]: 126.663452 127.894775
[2]: 137.679703 136.264862
[2]: 136.706390 137.254089
[2]: 111.890152 113.327965
[2]: 138.209976 139.689117
[2]: 126.413971 126.364342
[2]: 129.954681 130.981094
[2]: 127.766129 128.233978
[2]: 141.372147 143.741364
[2]: 138.070023 136.178146
[2]: 114.022385 114.198883
[2]: 128.611923 130.096924
[2]: 122.380913 122.856323
[2]: 140.259521 141.394409
[2]: 131.764053 131.694214
[2]: 125.157082 125.654327
[2]: 133.872314 135.343277
[2]: 67.390312 68.268845
[2]: 130.859726 129.859833
[2]: 117.248291 117.726288
[2]: 130.900116 129.149658
[2]: 144.948868 144.983566
[2]: 141.526123 140.783249
[2]: 138.102112 136.607025
[2]: 124.018082 122.202629
[2]: 115.742310 115.770721
[2]: 125.528992 127.232552
[2]: 140.611115 141.488953
[2]: 116.579575 117.123810
[2]: 185.989243 187.028641
[2]: 114.948067 115.487915
[2]: 116.305481 115.701958
[2]: 126.744865 126.823853
[2]: 118.788834 119.795769
[1]: 126.301765 124.435265
[1]: 125.985886 126.022057
[1]: 137.010773 136.218262
[1]: 196.108887 195.582352
[1]: 127.364662 128.496063
[1]: 127.823486 127.885963
[1]: 126.393906 126.182396
[1]: 126.611755 126.707695
[1]: 138.347916 139.348587
[1]: 128.714981 128.695145
[1]: 120.933304 120.969055
[1]: 130.051956 129.116302
[1]: 128.489685 129.162750
[1]: 133.645035 133.181931
[1]: 132.602448 133.151993
[1]: 118.304871 118.258011
[1]: 134.163330 134.611816
[1]: 190.784470 191.817841
[1]: 132.854736 132.786499
[1]: 123.381416 122.490532
[1]: 126.074455 125.744560
[1]: 136.609039 135.743011
[1]: 139.989380 140.021667
[1]: 133.564209 134.113419
[1]: 129.004105 129.365189
[1]: 119.375366 119.186768
[1]: 121.371567 122.164551
[1]: 135.546143 136.165558
[1]: 126.141464 127.482735
[1]: 132.038696 131.550781
[1]: 119.015045 119.676590
[1]: 116.272842 117.413986
[1]: 125.556305 126.122925
[1]: 129.212967 130.843796
[0]: 125.822533 124.891190
[0]: 117.290222 117.632103
[0]: 117.981209 117.247887
[0]: 92.803055 91.521843
[0]: 115.769157 115.437042
[0]: 129.107101 129.795883
[0]: 122.961380 121.578682
[0]: 123.822792 123.861870
[0]: 106.395180 103.972305
[0]: 119.482964 121.032570
[0]: 153.010376 151.454742
[0]: 125.249893 124.158813
[0]: 132.139709 131.248230
[0]: 105.699219 105.238052
[0]: 116.423752 117.011108
[0]: 129.921219 130.063766
[0]: 116.568176 116.268654
[0]: 155.755600 155.970764
[0]: 124.304817 124.307205
[0]: 140.330734 141.321823
[0]: 125.221748 127.129501
[0]: 104.094307 105.662453
[0]: 105.818245 105.882210
[0]: 110.160820 112.333275
[0]: 125.550247 126.447815
[0]: 147.334671 147.295670
[0]: 131.024109 128.576889
[0]: 113.744011 112.386185
[0]: 139.924225 138.924698
[0]: 186.798843 185.904358
[0]: 144.167084 143.981277
[0]: 145.005661 146.401062
[0]: 127.832664 127.767845
[0]: 138.251694 137.356873
