[4]: 132.024185 132.432159
[4]: 126.548958 126.836334
[4]: 117.977570 117.904129
[4]: 174.185165 173.930054
[4]: 124.487709 124.594322
[4]: 126.621811 126.765602
[4]: 122.376839 122.387993
[4]: 126.260323 126.389420
[4]: 111.371590 111.252876
[4]: 123.524696 123.659187
[4]: 133.890961 133.923080
[4]: 128.355606 128.397034
[4]: 127.728867 127.930695
[4]: 122.239243 122.162163
[4]: 123.294518 123.592026
[4]: 132.648697 132.753708
[4]: 118.574806 118.670052
[4]: 67.409210 67.263580
[4]: 125.827965 125.855522
[4]: 131.599304 131.628586
[4]: 131.152466 130.921097
[4]: 113.718048 113.843704
[4]: 116.781197 117.078583
[4]: 123.582520 123.219727
[4]: 128.875610 128.845459
[4]: 137.136078 137.093811
[4]: 132.746277 133.075012
[4]: 118.050186 118.086906
[4]: 129.653458 129.906662
[4]: 74.269943 74.227898
[4]: 133.336273 133.324158
[4]: 141.526764 140.945679
[4]: 131.733948 131.868683
[4]: 127.953232 128.115768
[3]: 130.085190 129.667557
[3]: 130.155579 129.926086
[3]: 127.347931 127.448074
[3]: 60.476307 60.540619
[3]: 131.924011 131.771637
[3]: 126.522522 126.479179
[3]: 135.169220 135.141663
[3]: 130.688858 130.633560
[3]: 135.360168 135.352875
[3]: 126.088463 125.978561
[3]: 119.296570 119.108917
[3]: 127.712936 127.657806
[3]: 128.359467 128.203644
[3]: 132.576538 132.660767
[3]: 129.310059 129.234131
[3]: 131.890259 131.750046
[3]: 132.696030 132.714172
[3]: 155.169998 155.685638
[3]: 124.709587 124.603302
[3]: 122.449257 122.442459
[3]: 124.979965 124.990410
[3]: 137.184494 136.959061
[3]: 132.645126 132.554504
[3]: 128.243179 128.384995
[3]: 129.346771 129.326920
[3]: 120.558922 120.673088
[3]: 128.533279 128.321609
[3]: 128.815750 128.891006
[3]: 125.772720 125.635117
[3]: 64.259544 64.354279
[3]: 129.098907 128.957504
[3]: 117.562508 117.774368
[3]: 124.864929 124.986511
[3]: 121.709511 121.671371
[2]: 128.400772 127.894775
[2]: 136.146301 136.264862
[2]: 137.118576 137.254089
[2]: 113.690697 113.327965
[2]: 139.483353 139.689117
[2]: 126.614960 126.364342
[2]: 131.065399 130.981094
[2]: 128.487000 128.233978
[2]: 143.495117 143.741364
[2]: 136.193756 136.178146
[2]: 113.909882 114.198883
[2]: 129.959076 130.096924
[2]: 122.989586 122.856323
[2]: 141.250732 141.394409
[2]: 131.867447 131.694214
[2]: 125.643723 125.654327
[2]: 135.486053 135.343277
[2]: 68.521255 68.268845
[2]: 129.816895 129.859833
[2]: 117.593658 117.726288
[2]: 128.940475 129.149658
[2]: 144.950958 144.983566
[2]: 141.108719 140.783249
[2]: 136.127319 136.607025
[2]: 122.442261 122.202629
[2]: 116.051971 115.770721
[2]: 127.483109 127.232552
[2]: 141.500275 141.488953
[2]: 117.211075 117.123810
[2]: 187.104980 187.028641
[2]: 115.203690 115.487915
[2]: 114.990623 115.701958
[2]: 127.185883 126.823853
[2]: 119.990463 119.795769
[1]: 124.200920 124.435265
[1]: 126.046890 126.022057
[1]: 136.245773 136.218262
[1]: 195.622620 195.582352
[1]: 128.787048 128.496063
[1]: 127.736481 127.885963
[1]: 126.116051 126.182396
[1]: 126.488281 126.707695
[1]: 139.262268 139.348587
[1]: 128.670288 128.695145
[1]: 121.111130 120.969055
[1]: 129.266647 129.116302
[1]: 129.291656 129.162750
[1]: 133.276413 133.181931
[1]: 133.191467 133.151993
[1]: 118.361443 118.258011
[1]: 134.569550 134.611816
[1]: 192.043213 191.817841
[1]: 132.825104 132.786499
[1]: 122.614174 122.490532
[1]: 125.663956 125.744560
[1]: 135.652084 135.743011
[1]: 140.014923 140.021667
[1]: 134.068848 134.113419
[1]: 129.303528 129.365189
[1]: 119.191231 119.186768
[1]: 122.131447 122.164551
[1]: 136.211472 136.165558
[1]: 127.579872 127.482735
[1]: 131.193649 131.550781
[1]: 119.978508 119.676590
[1]: 117.566269 117.413986
[1]: 125.929039 126.122925
[1]: 130.777267 130.843796
[0]: 124.593445 124.891190
[0]: 117.762329 117.632103
[0]: 117.364311 117.247887
[0]: 91.366615 91.521843
[0]: 115.249359 115.437042
[0]: 129.796814 129.795883
[0]: 121.514847 121.578682
[0]: 123.903740 123.861870
[0]: 104.145248 103.972305
[0]: 121.033279 121.032570
[0]: 151.459885 151.454742
[0]: 124.128944 124.158813
[0]: 131.029099 131.248230
[0]: 105.274788 105.238052
[0]: 117.020569 117.011108
[0]: 129.914322 130.063766
[0]: 116.259262 116.268654
[0]: 156.034561 155.970764
[0]: 124.230415 124.307205
[0]: 141.371826 141.321823
[0]: 127.206177 127.129501
[0]: 105.624252 105.662453
[0]: 105.740311 105.882210
[0]: 112.654808 112.333275
[0]: 126.236130 126.447815
[0]: 147.094391 147.295670
[0]: 128.467056 128.576889
[0]: 112.406296 112.386185
[0]: 138.878311 138.924698
[0]: 185.792633 185.904358
[0]: 143.807816 143.981277
[0]: 146.643280 146.401062
[0]: 127.881973 127.767845
[0]: 137.382065 137.356873
