[19]: 1999  8 27  6 15 FLORENCE    7.1   5.2  125  119 1962  1 15  0 20 OSCAR       7.2   4.7   94  108
[18]: 1990 11 26  6 15 TONY        7.2   5.6  132  735 1999  8 27  6 15 FLORENCE    7.1   5.2  125  119
[17]: 1990 11 26  6 15 TONY        7.2   5.6  132  735 1980  6 16  6  8 WILLIAM     7.3   5.2   34  549
[16]: 1976  8  7  6 14 BERYL       7.2   4.6   90   20 1968  1  8 12 17 ERNESTO     7.3   4.5   19  604
[15]: 1978 12 14  0  5 JOYCE       7.1   4.3   43  618 1999  8 27  6 15 FLORENCE    7.1   5.2  125  119
[14]: 1999  8 27  6 15 FLORENCE    7.1   5.2  125  119 2003 10 15 18  7 GORDON      7.0   5.5   96  195
[13]: 2003 10 15 18  7 GORDON      7.0   5.5   96  195 1977  3 26 18 22 TONY        7.3   5.1   89   15
[12]: 1964  6 25 12  9 ISAAC       7.1   5.8  132  283 1950  1  3 12 20 MICHAEL     7.3   4.8  155  176
[11]: 1970  1 28 12 11 ISAAC       7.0   6.0   78   92 1978 12 14  0  5 JOYCE       7.1   4.3   43  618
[10]: 1962  1 15  0 20 OSCAR       7.2   4.7   94  108 2004  1 24 18 16 LESLIE      7.2   5.0   27  621
[9]: 1975  9 11  6 10 ALBERTO     7.2   5.5   37  230 1978 12 14  0  5 JOYCE       7.1   4.3   43  618
[8]: 1975  9 11  6 10 ALBERTO     7.2   5.5   37  230 2003 10 15 18  7 GORDON      7.0   5.5   96  195
[7]: 2003 10 15 18  7 GORDON      7.0   5.5   96  195 1996  3 18 12 24 SANDY       7.0   6.2   30  707
[6]: 1964  6 25 12  9 ISAAC       7.1   5.8  132  283 1976  8  7  6 14 BERYL       7.2   4.6   90   20
[5]: 1978 12 14  0  5 JOYCE       7.1   4.3   43  618 1950  1  3 12 20 MICHAEL     7.3   4.8  155  176
[2]: 1970  1 28 12 11 ISAAC       7.0   6.0   78   92 1980  6 16  6  8 WILLIAM     7.3   5.2   34  549
[1]: 2004  1 24 18 16 LESLIE      7.2   5.0   27  621 1977  3 26 18 22 TONY        7.3   5.1   89   15
