[4]: 133.355881 132.432159
[4]: 126.408043 126.836334
[4]: 117.257835 117.904129
[4]: 173.226501 173.930054
[4]: 125.698639 124.594322
[4]: 126.428535 126.765602
[4]: 121.860558 122.387993
[4]: 127.493118 126.389420
[4]: 111.811096 111.252876
[4]: 122.935577 123.659187
[4]: 134.116577 133.923080
[4]: 128.849564 128.397034
[4]: 128.618317 127.930695
[4]: 122.512901 122.162163
[4]: 125.067902 123.592026
[4]: 133.823837 132.753708
[4]: 119.130104 118.670052
[4]: 67.326447 67.263580
[4]: 125.312126 125.855522
[4]: 131.739792 131.628586
[4]: 130.381134 130.921097
[4]: 114.058243 113.843704
[4]: 117.358101 117.078583
[4]: 122.683685 123.219727
[4]: 128.135956 128.845459
[4]: 136.915237 137.093811
[4]: 134.528641 133.075012
[4]: 117.482986 118.086906
[4]: 130.703384 129.906662
[4]: 73.681938 74.227898
[4]: 133.643005 133.324158
[4]: 139.780792 140.945679
[4]: 131.963760 131.868683
[4]: 128.588089 128.115768
[3]: 127.998512 129.667557
[3]: 129.582733 129.926086
[3]: 126.941589 127.448074
[3]: 60.710979 60.540619
[3]: 132.219574 131.771637
[3]: 127.498985 126.479179
[3]: 135.272446 135.141663
[3]: 129.819199 130.633560
[3]: 134.907806 135.352875
[3]: 126.106895 125.978561
[3]: 117.574051 119.108917
[3]: 126.794258 127.657806
[3]: 127.741402 128.203644
[3]: 132.356979 132.660767
[3]: 128.633636 129.234131
[3]: 131.425552 131.750046
[3]: 132.914612 132.714172
[3]: 157.313034 155.685638
[3]: 124.069046 124.603302
[3]: 122.739212 122.442459
[3]: 125.421959 124.990410
[3]: 137.217621 136.959061
[3]: 131.733337 132.554504
[3]: 129.453552 128.384995
[3]: 129.617767 129.326920
[3]: 120.796921 120.673088
[3]: 127.137787 128.321609
[3]: 129.028778 128.891006
[3]: 125.474037 125.635117
[3]: 64.514702 64.354279
[3]: 129.386841 128.957504
[3]: 119.922508 117.774368
[3]: 125.194321 124.986511
[3]: 122.427589 121.671371
[2]: 126.603699 127.894775
[2]: 137.102509 136.264862
[2]: 137.250153 137.254089
[2]: 112.092934 113.327965
[2]: 139.478226 139.689117
[2]: 126.375237 126.364342
[2]: 129.999756 130.981094
[2]: 128.037659 128.233978
[2]: 142.852432 143.741364
[2]: 137.235077 136.178146
[2]: 114.760048 114.198883
[2]: 128.907150 130.096924
[2]: 122.494179 122.856323
[2]: 140.778641 141.394409
[2]: 131.524811 131.694214
[2]: 125.214584 125.654327
[2]: 134.520584 135.343277
[2]: 67.704933 68.268845
[2]: 130.610641 129.859833
[2]: 116.833755 117.726288
[2]: 130.650131 129.149658
[2]: 144.688095 144.983566
[2]: 141.623093 140.783249
[2]: 137.947037 136.607025
[2]: 123.054878 122.202629
[2]: 115.287888 115.770721
[2]: 126.251038 127.232552
[2]: 140.922226 141.488953
[2]: 116.557037 117.123810
[2]: 186.068207 187.028641
[2]: 115.096764 115.487915
[2]: 116.841179 115.701958
[2]: 126.411057 126.823853
[2]: 119.772179 119.795769
[1]: 125.656242 124.435265
[1]: 126.325287 126.022057
[1]: 136.649338 136.218262
[1]: 195.965698 195.582352
[1]: 127.599655 128.496063
[1]: 127.624344 127.885963
[1]: 126.721436 126.182396
[1]: 127.014359 126.707695
[1]: 138.755981 139.348587
[1]: 129.429688 128.695145
[1]: 121.021111 120.969055
[1]: 129.973526 129.116302
[1]: 128.785233 129.162750
[1]: 133.427734 133.181931
[1]: 132.681931 133.151993
[1]: 117.999847 118.258011
[1]: 134.345627 134.611816
[1]: 191.050842 191.817841
[1]: 133.199936 132.786499
[1]: 123.224388 122.490532
[1]: 125.664619 125.744560
[1]: 136.139236 135.743011
[1]: 139.659348 140.021667
[1]: 133.641342 134.113419
[1]: 129.523361 129.365189
[1]: 119.593452 119.186768
[1]: 121.559219 122.164551
[1]: 135.830948 136.165558
[1]: 126.692024 127.482735
[1]: 132.237579 131.550781
[1]: 119.114174 119.676590
[1]: 116.553246 117.413986
[1]: 126.056740 126.122925
[1]: 129.460953 130.843796
[0]: 125.761154 124.891190
[0]: 117.216194 117.632103
[0]: 117.972549 117.247887
[0]: 92.231552 91.521843
[0]: 114.935997 115.437042
[0]: 129.324890 129.795883
[0]: 122.486534 121.578682
[0]: 123.433853 123.861870
[0]: 105.382896 103.972305
[0]: 119.700584 121.032570
[0]: 152.347031 151.454742
[0]: 124.926132 124.158813
[0]: 131.824463 131.248230
[0]: 105.499832 105.238052
[0]: 116.720055 117.011108
[0]: 130.073776 130.063766
[0]: 116.689346 116.268654
[0]: 155.599182 155.970764
[0]: 124.175102 124.307205
[0]: 141.074554 141.321823
[0]: 125.707275 127.129501
[0]: 104.965172 105.662453
[0]: 105.876198 105.882210
[0]: 110.746826 112.333275
[0]: 125.797272 126.447815
[0]: 147.493561 147.295670
[0]: 130.044434 128.576889
[0]: 113.795982 112.386185
[0]: 139.753174 138.924698
[0]: 186.693634 185.904358
[0]: 144.297958 143.981277
[0]: 145.091110 146.401062
[0]: 127.943893 127.767845
[0]: 137.570007 137.356873
