[4]: 136.070816 132.432159
[4]: 126.318352 126.836334
[4]: 118.425484 117.904129
[4]: 169.019745 173.930054
[4]: 128.716400 124.594322
[4]: 125.919380 126.765602
[4]: 123.231209 122.387993
[4]: 128.735992 126.389420
[4]: 117.314079 111.252876
[4]: 122.005516 123.659187
[4]: 136.006302 133.923080
[4]: 127.849258 128.397034
[4]: 128.265488 127.930695
[4]: 124.103241 122.162163
[4]: 123.171577 123.592026
[4]: 134.045486 132.753708
[4]: 118.901115 118.670052
[4]: 67.520721 67.263580
[4]: 127.241386 125.855522
[4]: 130.898697 131.628586
[4]: 127.543419 130.921097
[4]: 111.616264 113.843704
[4]: 117.058151 117.078583
[4]: 121.046021 123.219727
[4]: 126.607635 128.845459
[4]: 135.734818 137.093811
[4]: 135.721222 133.075012
[4]: 122.600090 118.086906
[4]: 131.815750 129.906662
[4]: 69.302422 74.227898
[4]: 133.056992 133.324158
[4]: 135.429520 140.945679
[4]: 129.442978 131.868683
[4]: 131.927628 128.115768
[3]: 124.044289 129.667557
[3]: 129.438599 129.926086
[3]: 126.909843 127.448074
[3]: 62.284477 60.540619
[3]: 131.944229 131.771637
[3]: 127.525528 126.479179
[3]: 135.240967 135.141663
[3]: 129.868546 130.633560
[3]: 134.078751 135.352875
[3]: 128.544968 125.978561
[3]: 115.546768 119.108917
[3]: 125.809143 127.657806
[3]: 128.102509 128.203644
[3]: 131.191727 132.660767
[3]: 128.456299 129.234131
[3]: 132.336960 131.750046
[3]: 134.954056 132.714172
[3]: 164.578705 155.685638
[3]: 122.833687 124.603302
[3]: 124.039574 122.442459
[3]: 127.325699 124.990410
[3]: 141.089447 136.959061
[3]: 132.056244 132.554504
[3]: 133.157349 128.384995
[3]: 131.266769 129.326920
[3]: 122.256943 120.673088
[3]: 123.920540 128.321609
[3]: 127.025803 128.891006
[3]: 123.159470 125.635117
[3]: 68.315475 64.354279
[3]: 129.595001 128.957504
[3]: 124.504761 117.774368
[3]: 126.081032 124.986511
[3]: 120.376762 121.671371
[2]: 125.206734 127.894775
[2]: 134.594162 136.264862
[2]: 134.534927 137.254089
[2]: 110.921257 113.327965
[2]: 134.549164 139.689117
[2]: 127.952248 126.364342
[2]: 128.236313 130.981094
[2]: 127.312302 128.233978
[2]: 138.197769 143.741364
[2]: 139.685333 136.178146
[2]: 113.440605 114.198883
[2]: 127.435890 130.096924
[2]: 124.437386 122.856323
[2]: 139.027145 141.394409
[2]: 133.425812 131.694214
[2]: 125.308762 125.654327
[2]: 135.056870 135.343277
[2]: 65.876808 68.268845
[2]: 128.926605 129.859833
[2]: 119.717117 117.726288
[2]: 133.074097 129.149658
[2]: 147.840866 144.983566
[2]: 141.405212 140.783249
[2]: 139.315689 136.607025
[2]: 126.280128 122.202629
[2]: 117.429199 115.770721
[2]: 123.714912 127.232552
[2]: 134.989929 141.488953
[2]: 115.882942 117.123810
[2]: 185.395065 187.028641
[2]: 116.497482 115.487915
[2]: 119.424797 115.701958
[2]: 129.441086 126.823853
[2]: 117.031075 119.795769
[1]: 127.812569 124.435265
[1]: 126.720879 126.022057
[1]: 138.253006 136.218262
[1]: 196.528458 195.582352
[1]: 125.066429 128.496063
[1]: 126.785667 127.885963
[1]: 127.575394 126.182396
[1]: 125.945190 126.707695
[1]: 135.864258 139.348587
[1]: 128.696716 128.695145
[1]: 121.063545 120.969055
[1]: 130.215271 129.116302
[1]: 127.138313 129.162750
[1]: 133.864029 133.181931
[1]: 134.898483 133.151993
[1]: 116.328003 118.258011
[1]: 133.921494 134.611816
[1]: 189.641281 191.817841
[1]: 133.826843 132.786499
[1]: 121.346794 122.490532
[1]: 127.161316 125.744560
[1]: 136.889359 135.743011
[1]: 138.906433 140.021667
[1]: 133.677765 134.113419
[1]: 127.962578 129.365189
[1]: 118.466866 119.186768
[1]: 121.445816 122.164551
[1]: 133.348434 136.165558
[1]: 124.488068 127.482735
[1]: 135.644470 131.550781
[1]: 119.182365 119.676590
[1]: 114.620071 117.413986
[1]: 128.782242 126.122925
[1]: 128.138397 130.843796
[0]: 126.089127 124.891190
[0]: 119.472252 117.632103
[0]: 117.785912 117.247887
[0]: 94.294693 91.521843
[0]: 119.777489 115.437042
[0]: 129.136902 129.795883
[0]: 121.984543 121.578682
[0]: 123.898140 123.861870
[0]: 108.207588 103.972305
[0]: 115.877594 121.032570
[0]: 154.450043 151.454742
[0]: 128.424225 124.158813
[0]: 131.670700 131.248230
[0]: 105.907356 105.238052
[0]: 114.208115 117.011108
[0]: 130.531967 130.063766
[0]: 114.426064 116.268654
[0]: 154.208282 155.970764
[0]: 124.471725 124.307205
[0]: 139.815063 141.321823
[0]: 122.224449 127.129501
[0]: 98.619339 105.662453
[0]: 106.511330 105.882210
[0]: 106.478485 112.333275
[0]: 123.881187 126.447815
[0]: 146.461807 147.295670
[0]: 135.153488 128.576889
[0]: 119.392258 112.386185
[0]: 144.690720 138.924698
[0]: 185.471283 185.904358
[0]: 143.521774 143.981277
[0]: 144.411575 146.401062
[0]: 123.264839 127.767845
[0]: 140.946793 137.356873
