[4]: 135.842575 132.432159
[4]: 128.607864 126.836334
[4]: 124.193130 117.904129
[4]: 139.394730 173.930054
[4]: 126.295692 124.594322
[4]: 130.111481 126.765602
[4]: 118.817398 122.387993
[4]: 131.338348 126.389420
[4]: 120.494011 111.252876
[4]: 124.106293 123.659187
[4]: 122.932167 133.923080
[4]: 131.393051 128.397034
[4]: 122.773521 127.930695
[4]: 119.146278 122.162163
[4]: 138.395264 123.592026
[4]: 122.644104 132.753708
[4]: 119.732620 118.670052
[4]: 61.116291 67.263580
[4]: 127.716675 125.855522
[4]: 128.052963 131.628586
[4]: 127.092102 130.921097
[4]: 127.737579 113.843704
[4]: 122.689049 117.078583
[4]: 121.975273 123.219727
[4]: 125.326744 128.845459
[4]: 132.239838 137.093811
[4]: 134.603516 133.075012
[4]: 124.901794 118.086906
[4]: 124.893021 129.906662
[4]: 60.918579 74.227898
[4]: 125.438080 133.324158
[4]: 125.186111 140.945679
[4]: 126.592369 131.868683
[4]: 131.506149 128.115768
[3]: 127.439850 129.667557
[3]: 125.489983 129.926086
[3]: 122.000572 127.448074
[3]: 69.929665 60.540619
[3]: 135.904388 131.771637
[3]: 123.872253 126.479179
[3]: 147.708679 135.141663
[3]: 124.431587 130.633560
[3]: 132.269318 135.352875
[3]: 131.246429 125.978561
[3]: 129.200790 119.108917
[3]: 122.128647 127.657806
[3]: 139.836838 128.203644
[3]: 137.544205 132.660767
[3]: 111.583870 129.234131
[3]: 147.664917 131.750046
[3]: 134.799866 132.714172
[3]: 180.446136 155.685638
[3]: 121.835037 124.603302
[3]: 125.933426 122.442459
[3]: 124.207901 124.990410
[3]: 126.741882 136.959061
[3]: 130.553452 132.554504
[3]: 139.236115 128.384995
[3]: 135.419647 129.326920
[3]: 120.345551 120.673088
[3]: 124.214935 128.321609
[3]: 128.412781 128.891006
[3]: 132.631638 125.635117
[3]: 81.328369 64.354279
[3]: 135.651917 128.957504
[3]: 129.782455 117.774368
[3]: 129.531448 124.986511
[3]: 114.751862 121.671371
[2]: 121.570450 127.894775
[2]: 131.040482 136.264862
[2]: 125.707985 137.254089
[2]: 164.823654 113.327965
[2]: 133.274994 139.689117
[2]: 119.878471 126.364342
[2]: 153.519241 130.981094
[2]: 121.173836 128.233978
[2]: 135.767502 143.741364
[2]: 137.767410 136.178146
[2]: 135.064285 114.198883
[2]: 120.812172 130.096924
[2]: 139.802872 122.856323
[2]: 142.406586 141.394409
[2]: 100.211967 131.694214
[2]: 149.304413 125.654327
[2]: 132.848877 135.343277
[2]: 83.119690 68.268845
[2]: 122.008804 129.859833
[2]: 124.449417 117.726288
[2]: 130.451172 129.149658
[2]: 123.074425 144.983566
[2]: 130.755005 140.783249
[2]: 141.387054 136.607025
[2]: 133.287064 122.202629
[2]: 118.228310 115.770721
[2]: 124.210876 127.232552
[2]: 134.497604 141.488953
[2]: 137.311966 117.123810
[2]: 184.552765 187.028641
[2]: 132.550751 115.487915
[2]: 141.068390 115.701958
[2]: 134.193695 126.823853
[2]: 110.925575 119.795769
[1]: 123.687614 124.435265
[1]: 125.488441 126.022057
[1]: 135.956314 136.218262
[1]: 195.733475 195.582352
[1]: 122.251549 128.496063
[1]: 129.312622 127.885963
[1]: 115.312614 126.182396
[1]: 126.387650 126.707695
[1]: 127.655106 139.348587
[1]: 120.558968 128.695145
[1]: 127.283134 120.969055
[1]: 129.803467 129.116302
[1]: 121.710274 129.162750
[1]: 124.794922 133.181931
[1]: 142.250931 133.151993
[1]: 111.973389 118.258011
[1]: 128.175201 134.611816
[1]: 191.915894 191.817841
[1]: 132.257370 132.786499
[1]: 126.315796 122.490532
[1]: 126.329765 125.744560
[1]: 131.514816 135.743011
[1]: 132.152466 140.021667
[1]: 121.323792 134.113419
[1]: 123.932106 129.365189
[1]: 129.811371 119.186768
[1]: 126.908905 122.164551
[1]: 128.007370 136.165558
[1]: 123.181252 127.482735
[1]: 127.428307 131.550781
[1]: 125.418839 119.676590
[1]: 122.721909 117.413986
[1]: 126.717720 126.122925
[1]: 138.981842 130.843796
[0]: 130.447327 124.891190
[0]: 126.848244 117.632103
[0]: 128.752609 117.247887
[0]: 64.734795 91.521843
[0]: 123.803467 115.437042
[0]: 133.405380 129.795883
[0]: 103.557373 121.578682
[0]: 132.333466 123.861870
[0]: 120.133369 103.972305
[0]: 123.137093 121.032570
[0]: 123.833344 151.454742
[0]: 134.974167 124.158813
[0]: 116.192245 131.248230
[0]: 113.666611 105.238052
[0]: 140.668716 117.011108
[0]: 108.558914 130.063766
[0]: 123.750427 116.268654
[0]: 122.601913 155.970764
[0]: 133.394043 124.307205
[0]: 129.579971 141.321823
[0]: 129.949463 127.129501
[0]: 129.584824 105.662453
[0]: 122.200829 105.882210
[0]: 113.065918 112.333275
[0]: 118.932549 126.447815
[0]: 137.017487 147.295670
[0]: 128.761444 128.576889
[0]: 122.778931 112.386185
[0]: 121.006805 138.924698
[0]: 188.802734 185.904358
[0]: 121.663780 143.981277
[0]: 118.655197 146.401062
[0]: 120.788727 127.767845
[0]: 139.467804 137.356873
