[4]: 133.500519 132.432159
[4]: 126.319992 126.836334
[4]: 116.981773 117.904129
[4]: 172.909424 173.930054
[4]: 126.372375 124.594322
[4]: 126.321259 126.765602
[4]: 121.903717 122.387993
[4]: 127.840797 126.389420
[4]: 112.863541 111.252876
[4]: 122.984550 123.659187
[4]: 134.526428 133.923080
[4]: 128.860931 128.397034
[4]: 128.880020 127.930695
[4]: 122.744194 122.162163
[4]: 125.203979 123.592026
[4]: 134.239395 132.753708
[4]: 119.564072 118.670052
[4]: 67.218323 67.263580
[4]: 125.457008 125.855522
[4]: 130.800705 131.628586
[4]: 129.982956 130.921097
[4]: 113.854347 113.843704
[4]: 116.996117 117.078583
[4]: 122.247169 123.219727
[4]: 127.550674 128.845459
[4]: 136.941986 137.093811
[4]: 135.481491 133.075012
[4]: 117.723907 118.086906
[4]: 131.076157 129.906662
[4]: 73.235435 74.227898
[4]: 134.425873 133.324158
[4]: 139.308105 140.945679
[4]: 131.825653 131.868683
[4]: 129.639755 128.115768
[3]: 127.239540 129.667557
[3]: 129.133667 129.926086
[3]: 127.210960 127.448074
[3]: 60.738209 60.540619
[3]: 132.151474 131.771637
[3]: 127.498047 126.479179
[3]: 135.311676 135.141663
[3]: 129.745239 130.633560
[3]: 134.380463 135.352875
[3]: 126.365707 125.978561
[3]: 117.629532 119.108917
[3]: 126.533493 127.657806
[3]: 127.348221 128.203644
[3]: 132.317764 132.660767
[3]: 128.671616 129.234131
[3]: 130.827835 131.750046
[3]: 133.080658 132.714172
[3]: 158.175827 155.685638
[3]: 124.014679 124.603302
[3]: 124.069328 122.442459
[3]: 125.581039 124.990410
[3]: 137.520462 136.959061
[3]: 131.852051 132.554504
[3]: 130.390457 128.384995
[3]: 130.133896 129.326920
[3]: 120.897568 120.673088
[3]: 126.513115 128.321609
[3]: 129.496872 128.891006
[3]: 125.464943 125.635117
[3]: 64.947296 64.354279
[3]: 129.124603 128.957504
[3]: 120.993050 117.774368
[3]: 125.692535 124.986511
[3]: 121.605400 121.671371
[2]: 126.669640 127.894775
[2]: 137.243805 136.264862
[2]: 136.886032 137.254089
[2]: 111.790550 113.327965
[2]: 138.796997 139.689117
[2]: 126.519569 126.364342
[2]: 129.439621 130.981094
[2]: 128.007965 128.233978
[2]: 141.816452 143.741364
[2]: 137.839798 136.178146
[2]: 114.179329 114.198883
[2]: 128.477646 130.096924
[2]: 122.550888 122.856323
[2]: 140.277756 141.394409
[2]: 131.487442 131.694214
[2]: 125.216705 125.654327
[2]: 134.182587 135.343277
[2]: 67.448875 68.268845
[2]: 130.885864 129.859833
[2]: 117.045189 117.726288
[2]: 130.857330 129.149658
[2]: 144.947556 144.983566
[2]: 141.943176 140.783249
[2]: 138.222443 136.607025
[2]: 123.726151 122.202629
[2]: 115.329880 115.770721
[2]: 125.313225 127.232552
[2]: 140.814621 141.488953
[2]: 116.450226 117.123810
[2]: 185.781540 187.028641
[2]: 115.140350 115.487915
[2]: 116.957520 115.701958
[2]: 126.282936 126.823853
[2]: 119.147369 119.795769
[1]: 126.103928 124.435265
[1]: 126.465225 126.022057
[1]: 136.883347 136.218262
[1]: 196.335144 195.582352
[1]: 127.139320 128.496063
[1]: 127.595543 127.885963
[1]: 126.579712 126.182396
[1]: 126.698463 126.707695
[1]: 138.325760 139.348587
[1]: 128.986649 128.695145
[1]: 120.806427 120.969055
[1]: 130.272980 129.116302
[1]: 128.908493 129.162750
[1]: 133.458237 133.181931
[1]: 132.768311 133.151993
[1]: 118.258774 118.258011
[1]: 134.175949 134.611816
[1]: 190.666489 191.817841
[1]: 132.826767 132.786499
[1]: 123.227959 122.490532
[1]: 125.909500 125.744560
[1]: 136.408722 135.743011
[1]: 139.783066 140.021667
[1]: 133.325134 134.113419
[1]: 129.180145 129.365189
[1]: 119.566513 119.186768
[1]: 121.554176 122.164551
[1]: 135.171219 136.165558
[1]: 126.221436 127.482735
[1]: 132.422699 131.550781
[1]: 118.449936 119.676590
[1]: 116.152901 117.413986
[1]: 125.941940 126.122925
[1]: 129.287338 130.843796
[0]: 125.879318 124.891190
[0]: 117.471909 117.632103
[0]: 118.074211 117.247887
[0]: 92.615959 91.521843
[0]: 115.487114 115.437042
[0]: 129.320221 129.795883
[0]: 123.127129 121.578682
[0]: 123.510567 123.861870
[0]: 106.338173 103.972305
[0]: 119.178490 121.032570
[0]: 152.773834 151.454742
[0]: 125.330956 124.158813
[0]: 131.786972 131.248230
[0]: 105.743683 105.238052
[0]: 116.453186 117.011108
[0]: 129.999832 130.063766
[0]: 116.547157 116.268654
[0]: 155.419693 155.970764
[0]: 124.190002 124.307205
[0]: 140.438065 141.321823
[0]: 125.472168 127.129501
[0]: 104.195496 105.662453
[0]: 105.594658 105.882210
[0]: 110.201942 112.333275
[0]: 125.519669 126.447815
[0]: 147.399246 147.295670
[0]: 130.730286 128.576889
[0]: 113.819534 112.386185
[0]: 140.028259 138.924698
[0]: 186.851227 185.904358
[0]: 144.463669 143.981277
[0]: 144.805527 146.401062
[0]: 127.822624 127.767845
[0]: 138.203232 137.356873
