[4]: 87.812241 132.432159
[4]: 128.013596 126.836334
[4]: 126.160370 117.904129
[4]: 170.711105 173.930054
[4]: 128.298508 124.594322
[4]: 127.307793 126.765602
[4]: 127.251762 122.387993
[4]: 126.828056 126.389420
[4]: 127.093094 111.252876
[4]: 128.679459 123.659187
[4]: 129.046478 133.923080
[4]: 127.977051 128.397034
[4]: 125.758171 127.930695
[4]: 127.769875 122.162163
[4]: 126.037392 123.592026
[4]: 130.222092 132.753708
[4]: 125.653175 118.670052
[4]: 63.256798 67.263580
[4]: 124.963654 125.855522
[4]: 128.030991 131.628586
[4]: 130.471817 130.921097
[4]: 128.086487 113.843704
[4]: 127.812828 117.078583
[4]: 126.479599 123.219727
[4]: 127.983391 128.845459
[4]: 127.487122 137.093811
[4]: 128.569489 133.075012
[4]: 128.022751 118.086906
[4]: 125.796616 129.906662
[4]: 126.281837 74.227898
[4]: 127.062302 133.324158
[4]: 172.852386 140.945679
[4]: 126.877289 131.868683
[4]: 126.183052 128.115768
[3]: 172.232727 129.667557
[3]: 127.141830 129.926086
[3]: 124.993111 127.448074
[3]: 88.581085 60.540619
[3]: 129.603424 131.771637
[3]: 126.950508 126.479179
[3]: 128.767120 135.141663
[3]: 126.662369 130.633560
[3]: 125.297188 135.352875
[3]: 123.517181 125.978561
[3]: 124.973015 119.108917
[3]: 129.276291 127.657806
[3]: 127.294388 128.203644
[3]: 125.582123 132.660767
[3]: 127.011452 129.234131
[3]: 130.745010 131.750046
[3]: 128.341309 132.714172
[3]: 125.627769 155.685638
[3]: 126.790825 124.603302
[3]: 125.996956 122.442459
[3]: 126.867302 124.990410
[3]: 125.923119 136.959061
[3]: 126.360458 132.554504
[3]: 125.859772 128.384995
[3]: 129.511658 129.326920
[3]: 124.950272 120.673088
[3]: 127.329460 128.321609
[3]: 127.822212 128.891006
[3]: 128.637939 125.635117
[3]: 53.835190 64.354279
[3]: 130.289337 128.957504
[3]: 83.400177 117.774368
[3]: 126.876595 124.986511
[3]: 126.291183 121.671371
[2]: 155.040787 127.894775
[2]: 128.788773 136.264862
[2]: 119.396454 137.254089
[2]: 89.234787 113.327965
[2]: 128.029922 139.689117
[2]: 121.631447 126.364342
[2]: 132.104660 130.981094
[2]: 142.349518 128.233978
[2]: 144.839645 143.741364
[2]: 133.089951 136.178146
[2]: 116.348206 114.198883
[2]: 134.884567 130.096924
[2]: 139.355453 122.856323
[2]: 139.449936 141.394409
[2]: 141.335922 131.694214
[2]: 132.912979 125.654327
[2]: 131.074738 135.343277
[2]: 127.740837 68.268845
[2]: 128.511276 129.859833
[2]: 125.271759 117.726288
[2]: 123.855362 129.149658
[2]: 128.242249 144.983566
[2]: 125.937149 140.783249
[2]: 166.741135 136.607025
[2]: 131.480362 122.202629
[2]: 123.821014 115.770721
[2]: 111.678383 127.232552
[2]: 125.262589 141.488953
[2]: 125.718674 117.123810
[2]: 177.350418 187.028641
[2]: 119.477135 115.487915
[2]: 73.032135 115.701958
[2]: 154.960220 126.823853
[2]: 102.664886 119.795769
[1]: 83.152649 124.435265
[1]: 126.846626 126.022057
[1]: 129.844528 136.218262
[1]: 170.885468 195.582352
[1]: 128.085510 128.496063
[1]: 126.951027 127.885963
[1]: 127.107559 126.182396
[1]: 126.670090 126.707695
[1]: 127.526459 139.348587
[1]: 125.505920 128.695145
[1]: 126.858871 120.969055
[1]: 127.254936 129.116302
[1]: 129.375137 129.162750
[1]: 125.792915 133.181931
[1]: 127.824844 133.151993
[1]: 124.517838 118.258011
[1]: 129.880203 134.611816
[1]: 191.780014 191.817841
[1]: 129.760071 132.786499
[1]: 125.970642 122.490532
[1]: 123.996246 125.744560
[1]: 127.777847 135.743011
[1]: 127.603149 140.021667
[1]: 127.866508 134.113419
[1]: 127.416206 129.365189
[1]: 128.308914 119.186768
[1]: 127.035278 122.164551
[1]: 127.794495 136.165558
[1]: 129.432129 127.482735
[1]: 125.690361 131.550781
[1]: 129.117630 119.676590
[1]: 168.011978 117.413986
[1]: 127.910744 126.122925
[1]: 129.211884 130.843796
[0]: 176.879761 124.891190
[0]: 126.661980 117.632103
[0]: 136.786606 117.247887
[0]: 80.338440 91.521843
[0]: 126.453163 115.437042
[0]: 134.963318 129.795883
[0]: 121.167236 121.578682
[0]: 113.805984 123.861870
[0]: 110.551941 103.972305
[0]: 126.144318 121.032570
[0]: 141.198395 151.454742
[0]: 120.046371 124.158813
[0]: 117.544022 131.248230
[0]: 118.393974 105.238052
[0]: 113.069191 117.011108
[0]: 119.004166 130.063766
[0]: 123.308426 116.268654
[0]: 132.160568 155.970764
[0]: 128.066162 124.307205
[0]: 129.388245 141.321823
[0]: 133.401382 127.129501
[0]: 129.340210 105.662453
[0]: 130.734085 105.882210
[0]: 87.891006 112.333275
[0]: 118.628319 126.447815
[0]: 134.544861 147.295670
[0]: 145.375320 128.576889
[0]: 129.016876 112.386185
[0]: 128.539856 138.924698
[0]: 176.554138 185.904358
[0]: 133.851929 143.981277
[0]: 103.630821 146.401062
[0]: 100.230179 127.767845
[0]: 153.595917 137.356873
