[4]: 92.596527 132.432159
[4]: 129.711319 126.836334
[4]: 126.421364 117.904129
[4]: 181.285400 173.930054
[4]: 135.791382 124.594322
[4]: 128.635651 126.765602
[4]: 127.304070 122.387993
[4]: 134.403732 126.389420
[4]: 131.405792 111.252876
[4]: 132.158401 123.659187
[4]: 125.450424 133.923080
[4]: 125.516983 128.397034
[4]: 123.846420 127.930695
[4]: 139.272934 122.162163
[4]: 128.137238 123.592026
[4]: 129.694809 132.753708
[4]: 132.126923 118.670052
[4]: 58.657665 67.263580
[4]: 130.221252 125.855522
[4]: 128.024170 131.628586
[4]: 134.212479 130.921097
[4]: 135.281281 113.843704
[4]: 135.066895 117.078583
[4]: 134.529114 123.219727
[4]: 125.623444 128.845459
[4]: 119.764809 137.093811
[4]: 126.942726 133.075012
[4]: 130.086426 118.086906
[4]: 120.543037 129.906662
[4]: 125.387650 74.227898
[4]: 125.322815 133.324158
[4]: 166.687164 140.945679
[4]: 131.387131 131.868683
[4]: 119.029320 128.115768
[3]: 170.792633 129.667557
[3]: 126.433029 129.926086
[3]: 124.816040 127.448074
[3]: 86.961716 60.540619
[3]: 129.354385 131.771637
[3]: 127.104935 126.479179
[3]: 128.432892 135.141663
[3]: 128.418335 130.633560
[3]: 126.882881 135.352875
[3]: 125.293282 125.978561
[3]: 126.303658 119.108917
[3]: 128.475830 127.657806
[3]: 127.430901 128.203644
[3]: 127.596558 132.660767
[3]: 127.091270 129.234131
[3]: 129.636398 131.750046
[3]: 126.824097 132.714172
[3]: 127.050797 155.685638
[3]: 126.437408 124.603302
[3]: 126.203751 122.442459
[3]: 126.581085 124.990410
[3]: 127.973892 136.959061
[3]: 127.073097 132.554504
[3]: 127.101395 128.384995
[3]: 127.835442 129.326920
[3]: 125.270981 120.673088
[3]: 128.901566 128.321609
[3]: 126.920395 128.891006
[3]: 129.021469 125.635117
[3]: 63.145931 64.354279
[3]: 128.928192 128.957504
[3]: 83.578384 117.774368
[3]: 128.092819 124.986511
[3]: 125.542412 121.671371
[2]: 169.192810 127.894775
[2]: 128.846649 136.264862
[2]: 129.597977 137.254089
[2]: 84.099251 113.327965
[2]: 128.601578 139.689117
[2]: 128.406601 126.364342
[2]: 126.964149 130.981094
[2]: 128.529999 128.233978
[2]: 127.642067 143.741364
[2]: 129.450775 136.178146
[2]: 126.442657 114.198883
[2]: 127.727249 130.096924
[2]: 128.664108 122.856323
[2]: 129.654831 141.394409
[2]: 128.038727 131.694214
[2]: 126.294998 125.654327
[2]: 130.489243 135.343277
[2]: 128.691391 68.268845
[2]: 129.874252 129.859833
[2]: 126.958916 117.726288
[2]: 129.521301 129.149658
[2]: 127.959244 144.983566
[2]: 129.706116 140.783249
[2]: 128.690155 136.607025
[2]: 125.683350 122.202629
[2]: 127.878311 115.770721
[2]: 126.246124 127.232552
[2]: 128.116119 141.488953
[2]: 125.184822 117.123810
[2]: 191.975403 187.028641
[2]: 126.767090 115.487915
[2]: 84.844681 115.701958
[2]: 127.751259 126.823853
[2]: 127.273140 119.795769
[1]: 87.245430 124.435265
[1]: 128.669632 126.022057
[1]: 136.542511 136.218262
[1]: 184.104752 195.582352
[1]: 137.338089 128.496063
[1]: 126.205780 127.885963
[1]: 126.520958 126.182396
[1]: 134.789490 126.707695
[1]: 130.553879 139.348587
[1]: 128.224884 128.695145
[1]: 116.907700 120.969055
[1]: 124.543968 129.116302
[1]: 133.627075 129.162750
[1]: 138.858322 133.181931
[1]: 131.948807 133.151993
[1]: 121.572701 118.258011
[1]: 142.360733 134.611816
[1]: 193.025909 191.817841
[1]: 137.781311 132.786499
[1]: 122.461487 122.490532
[1]: 127.000908 125.744560
[1]: 130.288345 135.743011
[1]: 140.645813 140.021667
[1]: 137.916702 134.113419
[1]: 124.364281 129.365189
[1]: 117.641724 119.186768
[1]: 120.794220 122.164551
[1]: 132.721466 136.165558
[1]: 123.466034 127.482735
[1]: 122.663452 131.550781
[1]: 125.841232 119.676590
[1]: 157.819229 117.413986
[1]: 130.010452 126.122925
[1]: 123.430115 130.843796
[0]: 79.540382 124.891190
[0]: 122.607605 117.632103
[0]: 118.152283 117.247887
[0]: 132.560104 91.521843
[0]: 104.620934 115.437042
[0]: 126.234818 129.795883
[0]: 127.253777 121.578682
[0]: 104.604408 123.861870
[0]: 116.984024 103.972305
[0]: 118.990196 121.032570
[0]: 147.130692 151.454742
[0]: 134.606506 124.158813
[0]: 125.275925 131.248230
[0]: 93.256973 105.238052
[0]: 118.365623 117.011108
[0]: 131.245621 130.063766
[0]: 101.190964 116.268654
[0]: 137.015762 155.970764
[0]: 109.609367 124.307205
[0]: 131.887054 141.321823
[0]: 118.196251 127.129501
[0]: 114.608261 105.662453
[0]: 99.729919 105.882210
[0]: 102.225677 112.333275
[0]: 134.605835 126.447815
[0]: 153.781052 147.295670
[0]: 138.440765 128.576889
[0]: 118.785347 112.386185
[0]: 143.681763 138.924698
[0]: 137.455322 185.904358
[0]: 134.841537 143.981277
[0]: 186.224243 146.401062
[0]: 118.023254 127.767845
[0]: 146.408264 137.356873
