[4]: 134.342957 132.432159
[4]: 127.089142 126.836334
[4]: 115.739983 117.904129
[4]: 174.704514 173.930054
[4]: 124.219307 124.594322
[4]: 125.903229 126.765602
[4]: 122.647423 122.387993
[4]: 124.622696 126.389420
[4]: 112.783081 111.252876
[4]: 123.262245 123.659187
[4]: 135.920563 133.923080
[4]: 128.561783 128.397034
[4]: 127.377464 127.930695
[4]: 122.407684 122.162163
[4]: 122.691078 123.592026
[4]: 131.994431 132.753708
[4]: 119.681297 118.670052
[4]: 68.280617 67.263580
[4]: 125.776237 125.855522
[4]: 130.302399 131.628586
[4]: 129.352966 130.921097
[4]: 114.061867 113.843704
[4]: 113.553993 117.078583
[4]: 124.062424 123.219727
[4]: 127.889076 128.845459
[4]: 136.173828 137.093811
[4]: 133.372375 133.075012
[4]: 118.426369 118.086906
[4]: 131.583420 129.906662
[4]: 74.120148 74.227898
[4]: 134.668335 133.324158
[4]: 139.923981 140.945679
[4]: 132.388443 131.868683
[4]: 127.155617 128.115768
[3]: 127.713631 129.667557
[3]: 128.901306 129.926086
[3]: 127.951088 127.448074
[3]: 61.005001 60.540619
[3]: 132.001648 131.771637
[3]: 127.217766 126.479179
[3]: 135.589706 135.141663
[3]: 130.456161 130.633560
[3]: 133.276917 135.352875
[3]: 125.326614 125.978561
[3]: 117.803253 119.108917
[3]: 127.618843 127.657806
[3]: 128.423965 128.203644
[3]: 132.574463 132.660767
[3]: 129.739487 129.234131
[3]: 131.721436 131.750046
[3]: 132.281998 132.714172
[3]: 156.978592 155.685638
[3]: 124.220970 124.603302
[3]: 123.657837 122.442459
[3]: 126.475540 124.990410
[3]: 137.402252 136.959061
[3]: 133.817078 132.554504
[3]: 127.713394 128.384995
[3]: 129.930847 129.326920
[3]: 121.211128 120.673088
[3]: 127.477890 128.321609
[3]: 128.412796 128.891006
[3]: 126.103218 125.635117
[3]: 63.740273 64.354279
[3]: 128.568054 128.957504
[3]: 120.383575 117.774368
[3]: 125.290512 124.986511
[3]: 122.802238 121.671371
[2]: 127.378571 127.894775
[2]: 134.483902 136.264862
[2]: 138.252625 137.254089
[2]: 110.380394 113.327965
[2]: 141.027435 139.689117
[2]: 127.543304 126.364342
[2]: 128.362228 130.981094
[2]: 129.216919 128.233978
[2]: 142.227707 143.741364
[2]: 137.774902 136.178146
[2]: 113.377937 114.198883
[2]: 128.482147 130.096924
[2]: 123.581215 122.856323
[2]: 139.904266 141.394409
[2]: 132.424255 131.694214
[2]: 127.651253 125.654327
[2]: 134.766174 135.343277
[2]: 66.850334 68.268845
[2]: 129.959625 129.859833
[2]: 119.393478 117.726288
[2]: 131.850571 129.149658
[2]: 144.343353 144.983566
[2]: 144.634445 140.783249
[2]: 136.771179 136.607025
[2]: 124.438293 122.202629
[2]: 117.006264 115.770721
[2]: 126.443054 127.232552
[2]: 140.622864 141.488953
[2]: 116.172432 117.123810
[2]: 184.781006 187.028641
[2]: 114.652763 115.487915
[2]: 117.952332 115.701958
[2]: 125.669815 126.823853
[2]: 122.434013 119.795769
[1]: 125.221626 124.435265
[1]: 127.378761 126.022057
[1]: 137.150604 136.218262
[1]: 196.030487 195.582352
[1]: 128.201874 128.496063
[1]: 127.459976 127.885963
[1]: 125.792999 126.182396
[1]: 126.907120 126.707695
[1]: 138.021469 139.348587
[1]: 128.517929 128.695145
[1]: 120.179932 120.969055
[1]: 129.909454 129.116302
[1]: 129.223572 129.162750
[1]: 134.268692 133.181931
[1]: 133.820999 133.151993
[1]: 118.215637 118.258011
[1]: 134.557678 134.611816
[1]: 190.189728 191.817841
[1]: 132.619995 132.786499
[1]: 122.417191 122.490532
[1]: 125.736053 125.744560
[1]: 136.029556 135.743011
[1]: 141.394714 140.021667
[1]: 133.043259 134.113419
[1]: 129.532166 129.365189
[1]: 119.418747 119.186768
[1]: 121.977127 122.164551
[1]: 135.775345 136.165558
[1]: 126.275688 127.482735
[1]: 133.439133 131.550781
[1]: 118.527657 119.676590
[1]: 114.960175 117.413986
[1]: 125.122910 126.122925
[1]: 130.120499 130.843796
[0]: 124.682503 124.891190
[0]: 118.835716 117.632103
[0]: 116.781357 117.247887
[0]: 92.674095 91.521843
[0]: 114.352310 115.437042
[0]: 129.119003 129.795883
[0]: 124.033440 121.578682
[0]: 124.669296 123.861870
[0]: 107.468750 103.972305
[0]: 120.553032 121.032570
[0]: 152.661758 151.454742
[0]: 124.868217 124.158813
[0]: 130.792252 131.248230
[0]: 105.309097 105.238052
[0]: 115.822685 117.011108
[0]: 128.867874 130.063766
[0]: 116.222412 116.268654
[0]: 156.985428 155.970764
[0]: 124.839577 124.307205
[0]: 139.811966 141.321823
[0]: 124.277031 127.129501
[0]: 105.103661 105.662453
[0]: 102.423737 105.882210
[0]: 113.034386 112.333275
[0]: 124.249680 126.447815
[0]: 146.271378 147.295670
[0]: 130.277710 128.576889
[0]: 113.732834 112.386185
[0]: 139.064911 138.924698
[0]: 186.529877 185.904358
[0]: 145.292892 143.981277
[0]: 145.083176 146.401062
[0]: 129.238785 127.767845
[0]: 135.155533 137.356873
