[4]: 132.432159 153.407883
[4]: 126.836334 123.237518
[4]: 117.904129 126.784668
[4]: 173.930054 157.327011
[4]: 124.594322 128.540924
[4]: 126.765602 120.969421
[4]: 122.387993 130.580490
[4]: 126.389420 117.656647
[4]: 111.252876 118.330757
[4]: 123.659187 123.267349
[4]: 133.923080 137.178391
[4]: 128.397034 132.616180
[4]: 127.930695 127.046547
[4]: 122.162163 137.886520
[4]: 123.592026 127.631912
[4]: 132.753708 149.621567
[4]: 118.670052 125.501648
[4]: 67.263580 62.222004
[4]: 125.855522 128.582825
[4]: 131.628586 134.912613
[4]: 130.921097 127.988609
[4]: 113.843704 105.175835
[4]: 117.078583 122.020912
[4]: 123.219727 123.731522
[4]: 128.845459 130.133118
[4]: 137.093811 118.208511
[4]: 133.075012 147.452026
[4]: 118.086906 125.758659
[4]: 129.906662 123.101936
[4]: 74.227898 92.057037
[4]: 133.324158 137.519867
[4]: 140.945679 133.791779
[4]: 131.868683 121.856171
[4]: 128.115768 124.294556
[3]: 129.667557 123.932747
[3]: 129.926086 134.299698
[3]: 127.448074 121.931755
[3]: 60.540619 92.238815
[3]: 131.771637 138.292007
[3]: 126.479179 137.193069
[3]: 135.141663 144.736862
[3]: 130.633560 129.508896
[3]: 135.352875 124.365044
[3]: 125.978561 129.468445
[3]: 119.108917 91.611465
[3]: 127.657806 119.698158
[3]: 128.203644 128.500534
[3]: 132.660767 122.997520
[3]: 129.234131 128.674988
[3]: 131.750046 155.685989
[3]: 132.714172 134.325012
[3]: 155.685638 169.764084
[3]: 124.603302 107.769127
[3]: 122.442459 113.470016
[3]: 124.990410 130.236160
[3]: 136.959061 152.065521
[3]: 132.554504 129.728516
[3]: 128.384995 138.134827
[3]: 129.326920 150.644470
[3]: 120.673088 131.224258
[3]: 128.321609 124.063614
[3]: 128.891006 121.730331
[3]: 125.635117 113.669617
[3]: 64.354279 84.540657
[3]: 128.957504 131.987015
[3]: 117.774368 125.867317
[3]: 124.986511 111.150551
[3]: 121.671371 135.666306
[2]: 127.894775 110.964485
[2]: 136.264862 134.197006
[2]: 137.254089 128.186218
[2]: 113.327965 107.198738
[2]: 139.689117 136.038818
[2]: 126.364342 132.169922
[2]: 130.981094 119.174644
[2]: 128.233978 145.620239
[2]: 143.741364 141.226379
[2]: 136.178146 139.341263
[2]: 114.198883 107.953697
[2]: 130.096924 116.825829
[2]: 122.856323 124.828110
[2]: 141.394409 124.138107
[2]: 131.694214 124.994644
[2]: 125.654327 100.785828
[2]: 135.343277 124.912834
[2]: 68.268845 70.718269
[2]: 129.859833 129.696686
[2]: 117.726288 121.524803
[2]: 129.149658 134.116135
[2]: 144.983566 154.463776
[2]: 140.783249 135.761414
[2]: 136.607025 136.639526
[2]: 122.202629 115.288895
[2]: 115.770721 137.928818
[2]: 127.232552 112.423782
[2]: 141.488953 129.671738
[2]: 117.123810 124.492912
[2]: 187.028641 168.399139
[2]: 115.487915 114.834488
[2]: 115.701958 116.777481
[2]: 126.823853 140.958511
[2]: 119.795769 124.693939
[1]: 124.435265 140.291885
[1]: 126.022057 123.619087
[1]: 136.218262 131.729996
[1]: 195.582352 172.930176
[1]: 128.496063 122.623077
[1]: 127.885963 120.097488
[1]: 126.182396 119.329483
[1]: 126.707695 120.524208
[1]: 139.348587 149.185211
[1]: 128.695145 134.729111
[1]: 120.969055 137.655869
[1]: 129.116302 138.983398
[1]: 129.162750 126.316788
[1]: 133.181931 133.891449
[1]: 133.151993 147.997803
[1]: 118.258011 103.632271
[1]: 134.611816 140.923584
[1]: 191.817841 184.688507
[1]: 132.786499 141.265610
[1]: 122.490532 142.290497
[1]: 125.744560 129.402145
[1]: 135.743011 139.247055
[1]: 140.021667 137.509888
[1]: 134.113419 126.772400
[1]: 129.365189 118.800468
[1]: 119.186768 105.966309
[1]: 122.164551 116.684029
[1]: 136.165558 136.020920
[1]: 127.482735 135.563110
[1]: 131.550781 128.705353
[1]: 119.676590 122.358047
[1]: 117.413986 120.615997
[1]: 126.122925 147.502563
[1]: 130.843796 107.352592
[0]: 124.891190 108.905136
[0]: 117.632103 122.162170
[0]: 117.247887 128.216553
[0]: 91.521843 105.102402
[0]: 115.437042 115.060097
[0]: 129.795883 127.237915
[0]: 121.578682 123.167717
[0]: 123.861870 122.972023
[0]: 103.972305 102.300415
[0]: 121.032570 108.787498
[0]: 151.454742 163.201080
[0]: 124.158813 131.476410
[0]: 131.248230 132.786255
[0]: 105.238052 116.365814
[0]: 117.011108 105.917961
[0]: 130.063766 127.976158
[0]: 116.268654 113.073593
[0]: 155.970764 160.278564
[0]: 124.307205 129.914978
[0]: 141.321823 121.453064
[0]: 127.129501 115.726990
[0]: 105.662453 88.808609
[0]: 105.882210 113.085594
[0]: 112.333275 110.407364
[0]: 126.447815 121.927238
[0]: 147.295670 145.915894
[0]: 128.576889 137.547180
[0]: 112.386185 124.977318
[0]: 138.924698 141.968460
[0]: 185.904358 165.388580
[0]: 143.981277 133.305634
[0]: 146.401062 139.522354
[0]: 127.767845 115.584518
[0]: 137.356873 145.870941
