[4]: 133.579544 132.432159
[4]: 126.266655 126.836334
[4]: 117.030266 117.904129
[4]: 172.749313 173.930054
[4]: 126.446770 124.594322
[4]: 126.305542 126.765602
[4]: 122.133011 122.387993
[4]: 127.787163 126.389420
[4]: 113.252510 111.252876
[4]: 123.200584 123.659187
[4]: 134.716583 133.923080
[4]: 129.065674 128.397034
[4]: 129.043701 127.930695
[4]: 122.675728 122.162163
[4]: 125.222473 123.592026
[4]: 134.360001 132.753708
[4]: 120.264763 118.670052
[4]: 67.244370 67.263580
[4]: 125.460289 125.855522
[4]: 130.702209 131.628586
[4]: 129.981186 130.921097
[4]: 113.567215 113.843704
[4]: 117.249588 117.078583
[4]: 121.944046 123.219727
[4]: 127.762589 128.845459
[4]: 136.636139 137.093811
[4]: 135.471039 133.075012
[4]: 117.949890 118.086906
[4]: 130.751831 129.906662
[4]: 73.063545 74.227898
[4]: 134.530777 133.324158
[4]: 139.329254 140.945679
[4]: 132.030106 131.868683
[4]: 129.977798 128.115768
[3]: 126.900978 129.667557
[3]: 129.116196 129.926086
[3]: 127.238937 127.448074
[3]: 60.841202 60.540619
[3]: 132.192749 131.771637
[3]: 127.504562 126.479179
[3]: 135.065002 135.141663
[3]: 129.781662 130.633560
[3]: 134.395554 135.352875
[3]: 126.161217 125.978561
[3]: 117.320953 119.108917
[3]: 126.212723 127.657806
[3]: 127.283653 128.203644
[3]: 132.254471 132.660767
[3]: 128.754501 129.234131
[3]: 130.394775 131.750046
[3]: 132.859543 132.714172
[3]: 158.668442 155.685638
[3]: 123.914322 124.603302
[3]: 124.154587 122.442459
[3]: 125.780258 124.990410
[3]: 137.815765 136.959061
[3]: 131.727280 132.554504
[3]: 130.745529 128.384995
[3]: 130.059311 129.326920
[3]: 121.060478 120.673088
[3]: 126.162857 128.321609
[3]: 129.686539 128.891006
[3]: 125.448456 125.635117
[3]: 65.189072 64.354279
[3]: 129.117050 128.957504
[3]: 121.360672 117.774368
[3]: 125.683418 124.986511
[3]: 121.480377 121.671371
[2]: 126.684502 127.894775
[2]: 137.134888 136.264862
[2]: 136.615463 137.254089
[2]: 111.689682 113.327965
[2]: 138.627960 139.689117
[2]: 126.453415 126.364342
[2]: 129.244781 130.981094
[2]: 128.065536 128.233978
[2]: 141.468307 143.741364
[2]: 137.792877 136.178146
[2]: 114.127968 114.198883
[2]: 128.323944 130.096924
[2]: 122.469742 122.856323
[2]: 140.363831 141.394409
[2]: 131.505417 131.694214
[2]: 125.303474 125.654327
[2]: 133.825287 135.343277
[2]: 67.307610 68.268845
[2]: 130.817810 129.859833
[2]: 117.247810 117.726288
[2]: 130.946487 129.149658
[2]: 145.303787 144.983566
[2]: 141.803238 140.783249
[2]: 138.153290 136.607025
[2]: 123.680206 122.202629
[2]: 115.681236 115.770721
[2]: 125.414078 127.232552
[2]: 140.655594 141.488953
[2]: 116.628525 117.123810
[2]: 185.775284 187.028641
[2]: 115.418777 115.487915
[2]: 116.391624 115.701958
[2]: 126.353165 126.823853
[2]: 118.786430 119.795769
[1]: 126.461853 124.435265
[1]: 126.684685 126.022057
[1]: 137.115189 136.218262
[1]: 196.428329 195.582352
[1]: 127.061989 128.496063
[1]: 127.751656 127.885963
[1]: 126.656372 126.182396
[1]: 126.367119 126.707695
[1]: 138.221283 139.348587
[1]: 128.648209 128.695145
[1]: 120.604103 120.969055
[1]: 130.381424 129.116302
[1]: 128.623627 129.162750
[1]: 133.532089 133.181931
[1]: 132.726135 133.151993
[1]: 118.473282 118.258011
[1]: 133.942215 134.611816
[1]: 190.624100 191.817841
[1]: 133.095200 132.786499
[1]: 123.388115 122.490532
[1]: 125.956055 125.744560
[1]: 136.673019 135.743011
[1]: 139.752975 140.021667
[1]: 133.556976 134.113419
[1]: 128.961029 129.365189
[1]: 119.569649 119.186768
[1]: 121.502838 122.164551
[1]: 135.024582 136.165558
[1]: 126.427628 127.482735
[1]: 132.772415 131.550781
[1]: 118.473518 119.676590
[1]: 116.013611 117.413986
[1]: 125.748932 126.122925
[1]: 129.137741 130.843796
[0]: 125.731171 124.891190
[0]: 117.393387 117.632103
[0]: 118.050011 117.247887
[0]: 92.689766 91.521843
[0]: 115.591980 115.437042
[0]: 129.237411 129.795883
[0]: 123.273567 121.578682
[0]: 123.820007 123.861870
[0]: 106.394592 103.972305
[0]: 119.583710 121.032570
[0]: 153.223373 151.454742
[0]: 125.505379 124.158813
[0]: 132.096146 131.248230
[0]: 105.679260 105.238052
[0]: 116.359558 117.011108
[0]: 129.979340 130.063766
[0]: 116.678314 116.268654
[0]: 155.469223 155.970764
[0]: 124.083755 124.307205
[0]: 140.075241 141.321823
[0]: 125.089096 127.129501
[0]: 103.492813 105.662453
[0]: 105.636650 105.882210
[0]: 109.938370 112.333275
[0]: 125.664803 126.447815
[0]: 147.181625 147.295670
[0]: 131.048294 128.576889
[0]: 113.701561 112.386185
[0]: 140.003967 138.924698
[0]: 186.671951 185.904358
[0]: 144.036591 143.981277
[0]: 145.133087 146.401062
[0]: 127.734352 127.767845
[0]: 138.587753 137.356873
