[4]: 132.945023 132.432159
[4]: 126.460732 126.836334
[4]: 117.832939 117.904129
[4]: 173.987381 173.930054
[4]: 124.894096 124.594322
[4]: 126.668571 126.765602
[4]: 122.285423 122.387993
[4]: 126.116608 126.389420
[4]: 111.731956 111.252876
[4]: 123.658180 123.659187
[4]: 133.589722 133.923080
[4]: 128.589325 128.397034
[4]: 128.059814 127.930695
[4]: 121.976364 122.162163
[4]: 123.780579 123.592026
[4]: 132.959854 132.753708
[4]: 118.808029 118.670052
[4]: 67.312866 67.263580
[4]: 125.621132 125.855522
[4]: 131.713226 131.628586
[4]: 130.762894 130.921097
[4]: 113.571075 113.843704
[4]: 117.076706 117.078583
[4]: 123.390213 123.219727
[4]: 128.779953 128.845459
[4]: 137.343018 137.093811
[4]: 133.400131 133.075012
[4]: 118.229095 118.086906
[4]: 130.267487 129.906662
[4]: 74.119385 74.227898
[4]: 133.336426 133.324158
[4]: 140.621048 140.945679
[4]: 131.895126 131.868683
[4]: 127.952087 128.115768
[3]: 129.432739 129.667557
[3]: 130.098709 129.926086
[3]: 127.264282 127.448074
[3]: 60.575275 60.540619
[3]: 131.926041 131.771637
[3]: 126.936630 126.479179
[3]: 134.961548 135.141663
[3]: 130.897949 130.633560
[3]: 135.138168 135.352875
[3]: 125.757202 125.978561
[3]: 119.233688 119.108917
[3]: 127.861671 127.657806
[3]: 128.203949 128.203644
[3]: 132.752213 132.660767
[3]: 129.063293 129.234131
[3]: 131.852173 131.750046
[3]: 132.841736 132.714172
[3]: 155.389771 155.685638
[3]: 124.296432 124.603302
[3]: 122.611160 122.442459
[3]: 125.200760 124.990410
[3]: 137.175613 136.959061
[3]: 132.602753 132.554504
[3]: 128.741638 128.384995
[3]: 129.420364 129.326920
[3]: 120.524673 120.673088
[3]: 128.377945 128.321609
[3]: 128.727859 128.891006
[3]: 125.698196 125.635117
[3]: 64.278450 64.354279
[3]: 129.118408 128.957504
[3]: 117.926361 117.774368
[3]: 125.025688 124.986511
[3]: 122.017281 121.671371
[2]: 127.489105 127.894775
[2]: 136.753891 136.264862
[2]: 137.300293 137.254089
[2]: 113.403000 113.327965
[2]: 139.445221 139.689117
[2]: 125.971268 126.364342
[2]: 130.890991 130.981094
[2]: 128.088501 128.233978
[2]: 143.485443 143.741364
[2]: 136.210602 136.178146
[2]: 114.565002 114.198883
[2]: 129.575378 130.096924
[2]: 122.533554 122.856323
[2]: 141.427979 141.394409
[2]: 131.829620 131.694214
[2]: 125.311630 125.654327
[2]: 134.682953 135.343277
[2]: 68.284897 68.268845
[2]: 130.398376 129.859833
[2]: 117.551033 117.726288
[2]: 129.790436 129.149658
[2]: 145.045090 144.983566
[2]: 140.380417 140.783249
[2]: 137.160797 136.607025
[2]: 122.278351 122.202629
[2]: 115.817650 115.770721
[2]: 126.275475 127.232552
[2]: 140.847824 141.488953
[2]: 116.928497 117.123810
[2]: 187.250732 187.028641
[2]: 115.573219 115.487915
[2]: 116.213791 115.701958
[2]: 126.638733 126.823853
[2]: 119.187454 119.795769
[1]: 124.368011 124.435265
[1]: 126.068001 126.022057
[1]: 136.239487 136.218262
[1]: 195.528198 195.582352
[1]: 128.620132 128.496063
[1]: 127.638153 127.885963
[1]: 126.279732 126.182396
[1]: 126.999298 126.707695
[1]: 139.069794 139.348587
[1]: 128.740463 128.695145
[1]: 121.052643 120.969055
[1]: 128.567261 129.116302
[1]: 128.923660 129.162750
[1]: 133.482254 133.181931
[1]: 133.428833 133.151993
[1]: 118.190910 118.258011
[1]: 134.869370 134.611816
[1]: 191.830383 191.817841
[1]: 132.893707 132.786499
[1]: 122.377060 122.490532
[1]: 125.296188 125.744560
[1]: 135.918045 135.743011
[1]: 139.881775 140.021667
[1]: 133.870621 134.113419
[1]: 129.255875 129.365189
[1]: 118.878342 119.186768
[1]: 121.849960 122.164551
[1]: 136.277939 136.165558
[1]: 127.262573 127.482735
[1]: 131.627304 131.550781
[1]: 119.714264 119.676590
[1]: 117.569214 117.413986
[1]: 126.245186 126.122925
[1]: 130.631439 130.843796
[0]: 125.100563 124.891190
[0]: 117.266548 117.632103
[0]: 117.453140 117.247887
[0]: 91.550026 91.521843
[0]: 115.060547 115.437042
[0]: 130.093124 129.795883
[0]: 121.859673 121.578682
[0]: 123.694115 123.861870
[0]: 104.252861 103.972305
[0]: 121.194115 121.032570
[0]: 151.212509 151.454742
[0]: 124.888916 124.158813
[0]: 131.716614 131.248230
[0]: 104.959641 105.238052
[0]: 116.542076 117.011108
[0]: 130.160858 130.063766
[0]: 116.393791 116.268654
[0]: 156.162643 155.970764
[0]: 124.208740 124.307205
[0]: 141.367874 141.321823
[0]: 126.879257 127.129501
[0]: 105.439453 105.662453
[0]: 106.404907 105.882210
[0]: 111.427231 112.333275
[0]: 126.450661 126.447815
[0]: 147.493927 147.295670
[0]: 129.533691 128.576889
[0]: 112.972290 112.386185
[0]: 138.922699 138.924698
[0]: 185.915344 185.904358
[0]: 143.657516 143.981277
[0]: 145.886612 146.401062
[0]: 127.765945 127.767845
[0]: 138.051559 137.356873
