[4]: 132.090836 132.432159
[4]: 129.003265 126.836334
[4]: 124.894882 117.904129
[4]: 154.678375 173.930054
[4]: 128.028061 124.594322
[4]: 129.056183 126.765602
[4]: 126.633980 122.387993
[4]: 128.840118 126.389420
[4]: 124.416946 111.252876
[4]: 127.803596 123.659187
[4]: 123.802834 133.923080
[4]: 128.570816 128.397034
[4]: 127.160080 127.930695
[4]: 127.857796 122.162163
[4]: 128.508301 123.592026
[4]: 129.293121 132.753708
[4]: 123.723015 118.670052
[4]: 67.742935 67.263580
[4]: 126.571777 125.855522
[4]: 128.865601 131.628586
[4]: 127.759209 130.921097
[4]: 126.406830 113.843704
[4]: 126.059830 117.078583
[4]: 127.990967 123.219727
[4]: 128.217148 128.845459
[4]: 129.327850 137.093811
[4]: 131.471786 133.075012
[4]: 124.975853 118.086906
[4]: 127.240150 129.906662
[4]: 63.096279 74.227898
[4]: 127.913841 133.324158
[4]: 131.406067 140.945679
[4]: 129.011215 131.868683
[4]: 126.974442 128.115768
[3]: 131.215622 129.667557
[3]: 126.526787 129.926086
[3]: 125.647827 127.448074
[3]: 61.229206 60.540619
[3]: 130.601151 131.771637
[3]: 127.586594 126.479179
[3]: 129.008560 135.141663
[3]: 130.219025 130.633560
[3]: 127.880180 135.352875
[3]: 123.878120 125.978561
[3]: 126.460663 119.108917
[3]: 127.994011 127.657806
[3]: 127.502899 128.203644
[3]: 125.507149 132.660767
[3]: 126.834984 129.234131
[3]: 130.313293 131.750046
[3]: 129.103973 132.714172
[3]: 186.246658 155.685638
[3]: 124.511459 124.603302
[3]: 129.474960 122.442459
[3]: 127.558334 124.990410
[3]: 128.763519 136.959061
[3]: 126.879219 132.554504
[3]: 127.661598 128.384995
[3]: 130.272659 129.326920
[3]: 129.278519 120.673088
[3]: 127.491241 128.321609
[3]: 125.195213 128.891006
[3]: 127.543655 125.635117
[3]: 99.605782 64.354279
[3]: 131.877090 128.957504
[3]: 123.300797 117.774368
[3]: 126.693665 124.986511
[3]: 125.845482 121.671371
[2]: 125.159782 127.894775
[2]: 128.377808 136.264862
[2]: 126.413612 137.254089
[2]: 98.554283 113.327965
[2]: 128.803970 139.689117
[2]: 125.525742 126.364342
[2]: 125.588554 130.981094
[2]: 126.093849 128.233978
[2]: 126.998024 143.741364
[2]: 132.344543 136.178146
[2]: 131.111176 114.198883
[2]: 127.173035 130.096924
[2]: 128.843903 122.856323
[2]: 128.920486 141.394409
[2]: 125.446358 131.694214
[2]: 128.321671 125.654327
[2]: 129.160873 135.343277
[2]: 72.902077 68.268845
[2]: 129.230377 129.859833
[2]: 124.363403 117.726288
[2]: 130.777267 129.149658
[2]: 127.606651 144.983566
[2]: 128.647049 140.783249
[2]: 125.321289 136.607025
[2]: 122.648827 122.202629
[2]: 126.140160 115.770721
[2]: 124.530266 127.232552
[2]: 129.735733 141.488953
[2]: 127.744652 117.123810
[2]: 194.760391 187.028641
[2]: 127.428070 115.487915
[2]: 127.398384 115.701958
[2]: 127.141052 126.823853
[2]: 125.976555 119.795769
[1]: 123.180328 124.435265
[1]: 125.972031 126.022057
[1]: 132.549866 136.218262
[1]: 195.249496 195.582352
[1]: 125.316986 128.496063
[1]: 127.533592 127.885963
[1]: 128.210159 126.182396
[1]: 123.763603 126.707695
[1]: 129.183014 139.348587
[1]: 124.694061 128.695145
[1]: 128.795975 120.969055
[1]: 128.028351 129.116302
[1]: 127.852104 129.162750
[1]: 126.767883 133.181931
[1]: 127.637672 133.151993
[1]: 122.677902 118.258011
[1]: 128.883713 134.611816
[1]: 184.651276 191.817841
[1]: 129.785187 132.786499
[1]: 124.906258 122.490532
[1]: 124.202621 125.744560
[1]: 128.418640 135.743011
[1]: 128.885376 140.021667
[1]: 127.684608 134.113419
[1]: 127.978287 129.365189
[1]: 125.997314 119.186768
[1]: 127.903831 122.164551
[1]: 130.625854 136.165558
[1]: 128.092270 127.482735
[1]: 151.935059 131.550781
[1]: 124.986778 119.676590
[1]: 127.149681 117.413986
[1]: 127.144379 126.122925
[1]: 130.851028 130.843796
[0]: 238.000000 124.891190
[0]: 136.000000 117.632103
[0]: 30.000000 117.247887
[0]: 121.000000 91.521843
[0]: 25.000000 115.437042
[0]: 172.000000 129.795883
[0]: 100.000000 121.578682
[0]: 217.000000 123.861870
[0]: 44.000000 103.972305
[0]: 44.000000 121.032570
[0]: 120.000000 151.454742
[0]: 132.000000 124.158813
[0]: 211.000000 131.248230
[0]: 158.000000 105.238052
[0]: 127.000000 117.011108
[0]: 114.000000 130.063766
[0]: 119.000000 116.268654
[0]: 140.000000 155.970764
[0]: 247.000000 124.307205
[0]: 103.000000 141.321823
[0]: 151.000000 127.129501
[0]: 39.000000 105.662453
[0]: 197.000000 105.882210
[0]: 196.000000 112.333275
[0]: 137.000000 126.447815
[0]: 183.000000 147.295670
[0]: 191.000000 128.576889
[0]: 125.000000 112.386185
[0]: 193.000000 138.924698
[0]: 125.000000 185.904358
[0]: 187.000000 143.981277
[0]: 117.000000 146.401062
[0]: 110.000000 127.767845
[0]: 7405568.000000 137.356873
