[4]: 90.448944 132.432159
[4]: 129.662430 126.836334
[4]: 127.576088 117.904129
[4]: 178.237778 173.930054
[4]: 133.222244 124.594322
[4]: 130.306595 126.765602
[4]: 128.455551 122.387993
[4]: 132.133423 126.389420
[4]: 131.608887 111.252876
[4]: 132.278915 123.659187
[4]: 125.009087 133.923080
[4]: 127.658295 128.397034
[4]: 126.054283 127.930695
[4]: 137.401184 122.162163
[4]: 126.064026 123.592026
[4]: 132.799652 132.753708
[4]: 131.697617 118.670052
[4]: 59.155651 67.263580
[4]: 131.181259 125.855522
[4]: 126.421021 131.628586
[4]: 132.813126 130.921097
[4]: 132.991318 113.843704
[4]: 134.628311 117.078583
[4]: 135.841217 123.219727
[4]: 126.043953 128.845459
[4]: 123.044449 137.093811
[4]: 126.143341 133.075012
[4]: 131.165237 118.086906
[4]: 121.597488 129.906662
[4]: 125.424736 74.227898
[4]: 125.110870 133.324158
[4]: 167.898956 140.945679
[4]: 129.603348 131.868683
[4]: 119.284035 128.115768
[3]: 170.858337 129.667557
[3]: 126.373230 129.926086
[3]: 125.537270 127.448074
[3]: 87.260429 60.540619
[3]: 129.900528 131.771637
[3]: 127.767845 126.479179
[3]: 128.721390 135.141663
[3]: 128.190353 130.633560
[3]: 126.531494 135.352875
[3]: 125.120537 125.978561
[3]: 125.765160 119.108917
[3]: 128.622971 127.657806
[3]: 127.190422 128.203644
[3]: 127.954788 132.660767
[3]: 127.073029 129.234131
[3]: 130.178802 131.750046
[3]: 127.345863 132.714172
[3]: 126.914108 155.685638
[3]: 126.787338 124.603302
[3]: 126.630577 122.442459
[3]: 126.936485 124.990410
[3]: 128.241211 136.959061
[3]: 127.479134 132.554504
[3]: 127.702560 128.384995
[3]: 128.390945 129.326920
[3]: 124.876114 120.673088
[3]: 128.987335 128.321609
[3]: 127.095345 128.891006
[3]: 128.402695 125.635117
[3]: 62.640419 64.354279
[3]: 129.533203 128.957504
[3]: 83.344818 117.774368
[3]: 128.419754 124.986511
[3]: 125.064499 121.671371
[2]: 169.170135 127.894775
[2]: 129.560959 136.264862
[2]: 130.025574 137.254089
[2]: 85.316063 113.327965
[2]: 129.119888 139.689117
[2]: 128.759430 126.364342
[2]: 127.863525 130.981094
[2]: 130.112793 128.233978
[2]: 129.742218 143.741364
[2]: 130.469604 136.178146
[2]: 125.246170 114.198883
[2]: 127.826622 130.096924
[2]: 130.332932 122.856323
[2]: 132.086014 141.394409
[2]: 128.539169 131.694214
[2]: 126.462257 125.654327
[2]: 132.602921 135.343277
[2]: 128.206161 68.268845
[2]: 131.329483 129.859833
[2]: 125.674965 117.726288
[2]: 129.859543 129.149658
[2]: 128.515015 144.983566
[2]: 131.576401 140.783249
[2]: 130.703369 136.607025
[2]: 125.021858 122.202629
[2]: 127.578629 115.770721
[2]: 124.695946 127.232552
[2]: 129.095184 141.488953
[2]: 124.131149 117.123810
[2]: 191.811508 187.028641
[2]: 125.230049 115.487915
[2]: 83.605476 115.701958
[2]: 127.887199 126.823853
[2]: 125.689804 119.795769
[1]: 85.646652 124.435265
[1]: 128.899673 126.022057
[1]: 136.492218 136.218262
[1]: 181.542236 195.582352
[1]: 134.376053 128.496063
[1]: 128.451141 127.885963
[1]: 129.134171 126.182396
[1]: 132.782043 126.707695
[1]: 133.075531 139.348587
[1]: 128.141907 128.695145
[1]: 117.790657 120.969055
[1]: 125.760117 129.116302
[1]: 135.333328 129.162750
[1]: 137.713821 133.181931
[1]: 132.463501 133.151993
[1]: 122.198555 118.258011
[1]: 143.293228 134.611816
[1]: 192.088394 191.817841
[1]: 136.511261 132.786499
[1]: 122.039238 122.490532
[1]: 127.254326 125.744560
[1]: 131.009399 135.743011
[1]: 138.218140 140.021667
[1]: 137.390854 134.113419
[1]: 126.526321 129.365189
[1]: 121.518486 119.186768
[1]: 120.250671 122.164551
[1]: 133.190033 136.165558
[1]: 123.829636 127.482735
[1]: 119.783432 131.550781
[1]: 125.486298 119.676590
[1]: 159.452621 117.413986
[1]: 129.435745 126.122925
[1]: 122.658661 130.843796
[0]: 90.864250 124.891190
[0]: 121.003616 117.632103
[0]: 114.004753 117.247887
[0]: 128.052948 91.521843
[0]: 108.688347 115.437042
[0]: 119.306335 129.795883
[0]: 120.334053 121.578682
[0]: 106.755547 123.861870
[0]: 109.839256 103.972305
[0]: 117.038803 121.032570
[0]: 150.655655 151.454742
[0]: 130.176590 124.158813
[0]: 117.502945 131.248230
[0]: 90.548981 105.238052
[0]: 119.216293 117.011108
[0]: 125.282578 130.063766
[0]: 94.476128 116.268654
[0]: 138.925903 155.970764
[0]: 105.795135 124.307205
[0]: 136.350906 141.321823
[0]: 118.100113 127.129501
[0]: 114.534958 105.662453
[0]: 97.870247 105.882210
[0]: 95.116402 112.333275
[0]: 131.751816 126.447815
[0]: 147.051590 147.295670
[0]: 143.368439 128.576889
[0]: 114.106339 112.386185
[0]: 145.555313 138.924698
[0]: 144.319687 185.904358
[0]: 137.538681 143.981277
[0]: 179.085632 146.401062
[0]: 119.851128 127.767845
[0]: 151.672516 137.356873
