[4]: 90.220139 132.432159
[4]: 128.440277 126.836334
[4]: 125.588638 117.904129
[4]: 174.094086 173.930054
[4]: 129.985107 124.594322
[4]: 128.489685 126.765602
[4]: 127.399590 122.387993
[4]: 126.773102 126.389420
[4]: 128.790039 111.252876
[4]: 130.277542 123.659187
[4]: 127.896545 133.923080
[4]: 128.008072 128.397034
[4]: 125.449722 127.930695
[4]: 130.579407 122.162163
[4]: 125.910637 123.592026
[4]: 132.442245 132.753708
[4]: 126.821930 118.670052
[4]: 60.131432 67.263580
[4]: 126.097572 125.855522
[4]: 127.199074 131.628586
[4]: 130.438904 130.921097
[4]: 129.727478 113.843704
[4]: 129.956848 117.078583
[4]: 129.105789 123.219727
[4]: 127.300858 128.845459
[4]: 125.398064 137.093811
[4]: 128.602509 133.075012
[4]: 128.772385 118.086906
[4]: 123.780952 129.906662
[4]: 125.537056 74.227898
[4]: 126.786110 133.324158
[4]: 171.877289 140.945679
[4]: 128.418121 131.868683
[4]: 123.506905 128.115768
[3]: 169.874542 129.667557
[3]: 127.069962 129.926086
[3]: 125.775665 127.448074
[3]: 86.418709 60.540619
[3]: 128.818115 131.771637
[3]: 128.283356 126.479179
[3]: 129.902954 135.141663
[3]: 127.755173 130.633560
[3]: 126.481506 135.352875
[3]: 125.629784 125.978561
[3]: 125.929832 119.108917
[3]: 128.118805 127.657806
[3]: 127.174583 128.203644
[3]: 128.158585 132.660767
[3]: 127.268120 129.234131
[3]: 129.933685 131.750046
[3]: 128.270081 132.714172
[3]: 127.853271 155.685638
[3]: 126.593010 124.603302
[3]: 127.423271 122.442459
[3]: 128.043503 124.990410
[3]: 127.206863 136.959061
[3]: 126.459755 132.554504
[3]: 127.602417 128.384995
[3]: 127.843803 129.326920
[3]: 125.173462 120.673088
[3]: 127.693497 128.321609
[3]: 126.577858 128.891006
[3]: 128.484253 125.635117
[3]: 59.656445 64.354279
[3]: 128.513092 128.957504
[3]: 83.203842 117.774368
[3]: 127.373375 124.986511
[3]: 126.775314 121.671371
[2]: 168.468719 127.894775
[2]: 128.683960 136.264862
[2]: 130.905380 137.254089
[2]: 96.104660 113.327965
[2]: 130.575897 139.689117
[2]: 127.121826 126.364342
[2]: 128.729919 130.981094
[2]: 132.121979 128.233978
[2]: 134.646317 143.741364
[2]: 131.475830 136.178146
[2]: 117.227829 114.198883
[2]: 127.407089 130.096924
[2]: 129.969391 122.856323
[2]: 138.916229 141.394409
[2]: 130.372757 131.694214
[2]: 130.662766 125.654327
[2]: 135.766876 135.343277
[2]: 118.764420 68.268845
[2]: 129.780319 129.859833
[2]: 118.285187 117.726288
[2]: 128.151093 129.149658
[2]: 133.571396 144.983566
[2]: 136.713318 140.783249
[2]: 136.457397 136.607025
[2]: 126.263115 122.202629
[2]: 122.810379 115.770721
[2]: 124.108932 127.232552
[2]: 131.669403 141.488953
[2]: 118.441345 117.123810
[2]: 187.637131 187.028641
[2]: 123.751915 115.487915
[2]: 72.256943 115.701958
[2]: 134.369751 126.823853
[2]: 120.039711 119.795769
[1]: 83.940796 124.435265
[1]: 127.104019 126.022057
[1]: 134.006256 136.218262
[1]: 183.350845 195.582352
[1]: 129.520966 128.496063
[1]: 126.788284 127.885963
[1]: 129.472626 126.182396
[1]: 130.217743 126.707695
[1]: 132.691223 139.348587
[1]: 127.257309 128.695145
[1]: 117.699127 120.969055
[1]: 125.126625 129.116302
[1]: 130.700058 129.162750
[1]: 134.605820 133.181931
[1]: 131.516815 133.151993
[1]: 124.817146 118.258011
[1]: 137.698257 134.611816
[1]: 189.024094 191.817841
[1]: 130.667679 132.786499
[1]: 119.530968 122.490532
[1]: 125.392227 125.744560
[1]: 131.319809 135.743011
[1]: 133.618256 140.021667
[1]: 135.134216 134.113419
[1]: 128.126236 129.365189
[1]: 124.029564 119.186768
[1]: 122.819252 122.164551
[1]: 131.054749 136.165558
[1]: 124.482796 127.482735
[1]: 114.387688 131.550781
[1]: 125.921318 119.676590
[1]: 156.296494 117.413986
[1]: 131.179260 126.122925
[1]: 125.977081 130.843796
[0]: 124.564919 124.891190
[0]: 125.456833 117.632103
[0]: 118.352287 117.247887
[0]: 86.483223 91.521843
[0]: 119.206444 115.437042
[0]: 125.768494 129.795883
[0]: 118.377785 121.578682
[0]: 116.002098 123.861870
[0]: 107.210312 103.972305
[0]: 118.863106 121.032570
[0]: 157.881104 151.454742
[0]: 132.274231 124.158813
[0]: 125.530029 131.248230
[0]: 94.220688 105.238052
[0]: 117.877563 117.011108
[0]: 116.534332 130.063766
[0]: 102.896553 116.268654
[0]: 156.604004 155.970764
[0]: 123.642418 124.307205
[0]: 148.004639 141.321823
[0]: 124.773346 127.129501
[0]: 112.757339 105.662453
[0]: 104.753143 105.882210
[0]: 99.296646 112.333275
[0]: 126.515900 126.447815
[0]: 147.049454 147.295670
[0]: 139.249176 128.576889
[0]: 117.156654 112.386185
[0]: 149.585785 138.924698
[0]: 171.773239 185.904358
[0]: 138.205673 143.981277
[0]: 164.953629 146.401062
[0]: 111.506516 127.767845
[0]: 146.677963 137.356873
