[4]: 109.343498 132.432159
[4]: 131.409439 126.836334
[4]: 122.697922 117.904129
[4]: 200.650192 173.930054
[4]: 130.076248 124.594322
[4]: 127.997597 126.765602
[4]: 124.161568 122.387993
[4]: 128.376465 126.389420
[4]: 125.979736 111.252876
[4]: 129.974762 123.659187
[4]: 129.372467 133.923080
[4]: 129.496628 128.397034
[4]: 125.335762 127.930695
[4]: 129.214096 122.162163
[4]: 125.463921 123.592026
[4]: 130.810699 132.753708
[4]: 125.856201 118.670052
[4]: 60.975914 67.263580
[4]: 125.710098 125.855522
[4]: 129.734894 131.628586
[4]: 130.433167 130.921097
[4]: 126.998131 113.843704
[4]: 127.660416 117.078583
[4]: 126.011200 123.219727
[4]: 126.329628 128.845459
[4]: 124.654991 137.093811
[4]: 129.205292 133.075012
[4]: 128.204224 118.086906
[4]: 125.453873 129.906662
[4]: 128.988449 74.227898
[4]: 126.454849 133.324158
[4]: 162.260315 140.945679
[4]: 126.600784 131.868683
[4]: 125.089851 128.115768
[3]: 170.410400 129.667557
[3]: 126.360092 129.926086
[3]: 124.918694 127.448074
[3]: 86.019539 60.540619
[3]: 128.803619 131.771637
[3]: 126.943810 126.479179
[3]: 128.146790 135.141663
[3]: 128.017624 130.633560
[3]: 127.145638 135.352875
[3]: 125.277313 125.978561
[3]: 126.172806 119.108917
[3]: 128.583847 127.657806
[3]: 127.640800 128.203644
[3]: 127.041458 132.660767
[3]: 127.145638 129.234131
[3]: 129.584671 131.750046
[3]: 126.610306 132.714172
[3]: 127.109695 155.685638
[3]: 126.440506 124.603302
[3]: 126.735954 122.442459
[3]: 126.523422 124.990410
[3]: 127.365089 136.959061
[3]: 127.004868 132.554504
[3]: 126.761902 128.384995
[3]: 127.976547 129.326920
[3]: 125.670532 120.673088
[3]: 128.845459 128.321609
[3]: 127.196320 128.891006
[3]: 128.521179 125.635117
[3]: 63.102966 64.354279
[3]: 128.869995 128.957504
[3]: 84.139107 117.774368
[3]: 127.806046 124.986511
[3]: 125.945602 121.671371
[2]: 168.647141 127.894775
[2]: 128.630768 136.264862
[2]: 128.709290 137.254089
[2]: 81.925438 113.327965
[2]: 127.579170 139.689117
[2]: 128.262741 126.364342
[2]: 127.054726 130.981094
[2]: 127.576485 128.233978
[2]: 126.618217 143.741364
[2]: 128.791992 136.178146
[2]: 127.768051 114.198883
[2]: 128.073410 130.096924
[2]: 128.479843 122.856323
[2]: 127.979324 141.394409
[2]: 127.448158 131.694214
[2]: 126.490143 125.654327
[2]: 128.780533 135.343277
[2]: 129.150543 68.268845
[2]: 128.716339 129.859833
[2]: 126.812019 117.726288
[2]: 129.197769 129.149658
[2]: 127.807541 144.983566
[2]: 128.015869 140.783249
[2]: 127.512482 136.607025
[2]: 126.029442 122.202629
[2]: 129.277328 115.770721
[2]: 126.758514 127.232552
[2]: 127.575912 141.488953
[2]: 126.847160 117.123810
[2]: 191.470428 187.028641
[2]: 127.462685 115.487915
[2]: 86.472603 115.701958
[2]: 127.144333 126.823853
[2]: 128.046280 119.795769
[1]: 95.391205 124.435265
[1]: 124.721619 126.022057
[1]: 133.766220 136.218262
[1]: 203.209732 195.582352
[1]: 127.923836 128.496063
[1]: 126.958702 127.885963
[1]: 128.467911 126.182396
[1]: 125.015823 126.707695
[1]: 129.176376 139.348587
[1]: 125.315933 128.695145
[1]: 125.491150 120.969055
[1]: 126.580544 129.116302
[1]: 129.502151 129.162750
[1]: 126.051491 133.181931
[1]: 128.393356 133.151993
[1]: 123.339798 118.258011
[1]: 131.967819 134.611816
[1]: 192.385925 191.817841
[1]: 129.924454 132.786499
[1]: 122.798409 122.490532
[1]: 124.153946 125.744560
[1]: 127.507240 135.743011
[1]: 129.401398 140.021667
[1]: 128.909882 134.113419
[1]: 128.146606 129.365189
[1]: 127.086266 119.186768
[1]: 125.455566 122.164551
[1]: 128.129181 136.165558
[1]: 128.816910 127.482735
[1]: 126.926247 131.550781
[1]: 127.903900 119.676590
[1]: 145.180054 117.413986
[1]: 129.837830 126.122925
[1]: 132.039871 130.843796
[0]: 45.515118 124.891190
[0]: 125.849396 117.632103
[0]: 127.253876 117.247887
[0]: 92.515228 91.521843
[0]: 126.059334 115.437042
[0]: 126.643982 129.795883
[0]: 129.153549 121.578682
[0]: 126.516136 123.861870
[0]: 126.801384 103.972305
[0]: 126.547501 121.032570
[0]: 129.882126 151.454742
[0]: 126.308800 124.158813
[0]: 128.165787 131.248230
[0]: 125.470505 105.238052
[0]: 126.887444 117.011108
[0]: 127.679428 130.063766
[0]: 124.791077 116.268654
[0]: 129.836823 155.970764
[0]: 126.674332 124.307205
[0]: 128.885742 141.321823
[0]: 127.264412 127.129501
[0]: 129.923004 105.662453
[0]: 125.715096 105.882210
[0]: 126.508324 112.333275
[0]: 128.302917 126.447815
[0]: 133.021622 147.295670
[0]: 129.301544 128.576889
[0]: 127.208923 112.386185
[0]: 128.899216 138.924698
[0]: 126.928207 185.904358
[0]: 129.817123 143.981277
[0]: 208.749863 146.401062
[0]: 125.755524 127.767845
[0]: 125.994904 137.356873
