[4]: 132.936722 132.432159
[4]: 126.132576 126.836334
[4]: 117.059792 117.904129
[4]: 173.308945 173.930054
[4]: 126.344345 124.594322
[4]: 126.164803 126.765602
[4]: 122.060745 122.387993
[4]: 127.807556 126.389420
[4]: 112.886040 111.252876
[4]: 123.156174 123.659187
[4]: 134.707611 133.923080
[4]: 128.906952 128.397034
[4]: 129.000641 127.930695
[4]: 122.725037 122.162163
[4]: 125.044189 123.592026
[4]: 133.884689 132.753708
[4]: 119.813652 118.670052
[4]: 67.439690 67.263580
[4]: 125.206070 125.855522
[4]: 130.944885 131.628586
[4]: 130.187378 130.921097
[4]: 113.388687 113.843704
[4]: 117.176926 117.078583
[4]: 121.908768 123.219727
[4]: 128.154587 128.845459
[4]: 136.534805 137.093811
[4]: 135.180008 133.075012
[4]: 117.897202 118.086906
[4]: 130.545334 129.906662
[4]: 73.372612 74.227898
[4]: 134.393127 133.324158
[4]: 139.671188 140.945679
[4]: 131.886673 131.868683
[4]: 129.360504 128.115768
[3]: 128.485214 129.667557
[3]: 129.926788 129.926086
[3]: 127.328888 127.448074
[3]: 60.854599 60.540619
[3]: 131.997894 131.771637
[3]: 127.008743 126.479179
[3]: 134.994461 135.141663
[3]: 129.372665 130.633560
[3]: 134.701401 135.352875
[3]: 125.984238 125.978561
[3]: 117.130882 119.108917
[3]: 126.610786 127.657806
[3]: 127.655197 128.203644
[3]: 132.359634 132.660767
[3]: 128.587524 129.234131
[3]: 131.783966 131.750046
[3]: 132.730591 132.714172
[3]: 157.593689 155.685638
[3]: 123.800903 124.603302
[3]: 123.084442 122.442459
[3]: 125.263954 124.990410
[3]: 137.561310 136.959061
[3]: 131.729340 132.554504
[3]: 129.861389 128.384995
[3]: 129.266846 129.326920
[3]: 120.996719 120.673088
[3]: 126.695541 128.321609
[3]: 129.412476 128.891006
[3]: 125.386330 125.635117
[3]: 64.818703 64.354279
[3]: 129.415588 128.957504
[3]: 119.503006 117.774368
[3]: 125.629753 124.986511
[3]: 121.746117 121.671371
[2]: 127.092087 127.894775
[2]: 137.014267 136.264862
[2]: 136.678284 137.254089
[2]: 111.979507 113.327965
[2]: 138.729462 139.689117
[2]: 126.687927 126.364342
[2]: 129.377365 130.981094
[2]: 128.500153 128.233978
[2]: 142.276993 143.741364
[2]: 137.863983 136.178146
[2]: 114.314224 114.198883
[2]: 128.644318 130.096924
[2]: 122.198853 122.856323
[2]: 140.468262 141.394409
[2]: 131.401688 131.694214
[2]: 125.544487 125.654327
[2]: 133.757141 135.343277
[2]: 67.419792 68.268845
[2]: 130.822205 129.859833
[2]: 117.581406 117.726288
[2]: 131.045685 129.149658
[2]: 145.481415 144.983566
[2]: 142.120316 140.783249
[2]: 137.944992 136.607025
[2]: 123.463242 122.202629
[2]: 116.027031 115.770721
[2]: 125.718147 127.232552
[2]: 140.452240 141.488953
[2]: 116.643761 117.123810
[2]: 185.929520 187.028641
[2]: 115.038986 115.487915
[2]: 116.945786 115.701958
[2]: 126.090973 126.823853
[2]: 119.467789 119.795769
[1]: 125.468323 124.435265
[1]: 126.063980 126.022057
[1]: 136.983200 136.218262
[1]: 196.094925 195.582352
[1]: 127.482857 128.496063
[1]: 128.259811 127.885963
[1]: 126.638496 126.182396
[1]: 126.683044 126.707695
[1]: 138.022858 139.348587
[1]: 128.565186 128.695145
[1]: 120.660736 120.969055
[1]: 130.279327 129.116302
[1]: 128.434738 129.162750
[1]: 133.485733 133.181931
[1]: 132.923965 133.151993
[1]: 117.541634 118.258011
[1]: 134.248154 134.611816
[1]: 190.921631 191.817841
[1]: 133.345947 132.786499
[1]: 123.501595 122.490532
[1]: 125.816528 125.744560
[1]: 136.590836 135.743011
[1]: 139.234314 140.021667
[1]: 134.358932 134.113419
[1]: 129.442978 129.365189
[1]: 119.269302 119.186768
[1]: 121.415222 122.164551
[1]: 135.539764 136.165558
[1]: 126.881134 127.482735
[1]: 132.596207 131.550781
[1]: 118.742981 119.676590
[1]: 116.838531 117.413986
[1]: 125.861931 126.122925
[1]: 128.879272 130.843796
[0]: 125.362503 124.891190
[0]: 117.506477 117.632103
[0]: 118.012184 117.247887
[0]: 92.270615 91.521843
[0]: 115.396225 115.437042
[0]: 129.111877 129.795883
[0]: 123.312401 121.578682
[0]: 123.445557 123.861870
[0]: 105.856026 103.972305
[0]: 119.871040 121.032570
[0]: 153.094803 151.454742
[0]: 125.017075 124.158813
[0]: 132.215271 131.248230
[0]: 105.524750 105.238052
[0]: 116.663834 117.011108
[0]: 129.745255 130.063766
[0]: 117.069923 116.268654
[0]: 155.654648 155.970764
[0]: 124.210037 124.307205
[0]: 140.458176 141.321823
[0]: 125.499184 127.129501
[0]: 103.934189 105.662453
[0]: 106.006775 105.882210
[0]: 110.344574 112.333275
[0]: 125.813896 126.447815
[0]: 147.263840 147.295670
[0]: 130.553665 128.576889
[0]: 113.748436 112.386185
[0]: 139.730850 138.924698
[0]: 186.525009 185.904358
[0]: 143.918915 143.981277
[0]: 145.256622 146.401062
[0]: 128.114548 127.767845
[0]: 138.471985 137.356873
