[4]: 133.530197 132.432159
[4]: 126.236160 126.836334
[4]: 116.996124 117.904129
[4]: 172.780289 173.930054
[4]: 126.513840 124.594322
[4]: 126.294121 126.765602
[4]: 122.142319 122.387993
[4]: 127.791115 126.389420
[4]: 113.300209 111.252876
[4]: 123.170700 123.659187
[4]: 134.659790 133.923080
[4]: 129.127289 128.397034
[4]: 128.992325 127.930695
[4]: 122.651405 122.162163
[4]: 125.168327 123.592026
[4]: 134.315231 132.753708
[4]: 120.232605 118.670052
[4]: 67.207542 67.263580
[4]: 125.453117 125.855522
[4]: 130.725327 131.628586
[4]: 129.982849 130.921097
[4]: 113.524193 113.843704
[4]: 117.243599 117.078583
[4]: 121.899513 123.219727
[4]: 127.789375 128.845459
[4]: 136.629501 137.093811
[4]: 135.425842 133.075012
[4]: 117.957466 118.086906
[4]: 130.695206 129.906662
[4]: 73.114250 74.227898
[4]: 134.507675 133.324158
[4]: 139.319885 140.945679
[4]: 132.045700 131.868683
[4]: 129.949326 128.115768
[3]: 127.021385 129.667557
[3]: 129.252518 129.926086
[3]: 127.352043 127.448074
[3]: 60.890015 60.540619
[3]: 132.123489 131.771637
[3]: 127.515030 126.479179
[3]: 135.097656 135.141663
[3]: 129.874405 130.633560
[3]: 134.403946 135.352875
[3]: 126.215912 125.978561
[3]: 117.301773 119.108917
[3]: 126.286079 127.657806
[3]: 127.253456 128.203644
[3]: 132.366714 132.660767
[3]: 128.668411 129.234131
[3]: 130.577942 131.750046
[3]: 132.867767 132.714172
[3]: 158.636795 155.685638
[3]: 123.960266 124.603302
[3]: 124.146439 122.442459
[3]: 125.700958 124.990410
[3]: 137.798462 136.959061
[3]: 131.641953 132.554504
[3]: 130.687378 128.384995
[3]: 130.078445 129.326920
[3]: 120.996803 120.673088
[3]: 126.158928 128.321609
[3]: 129.746780 128.891006
[3]: 125.508705 125.635117
[3]: 65.105377 64.354279
[3]: 129.128403 128.957504
[3]: 121.309814 117.774368
[3]: 125.649597 124.986511
[3]: 121.520882 121.671371
[2]: 126.757050 127.894775
[2]: 137.197922 136.264862
[2]: 136.651077 137.254089
[2]: 111.713226 113.327965
[2]: 138.672989 139.689117
[2]: 126.527168 126.364342
[2]: 129.162872 130.981094
[2]: 128.085983 128.233978
[2]: 141.562469 143.741364
[2]: 137.798401 136.178146
[2]: 114.080475 114.198883
[2]: 128.353699 130.096924
[2]: 122.435295 122.856323
[2]: 140.441513 141.394409
[2]: 131.492905 131.694214
[2]: 125.355858 125.654327
[2]: 133.850281 135.343277
[2]: 67.324623 68.268845
[2]: 130.821991 129.859833
[2]: 117.239998 117.726288
[2]: 130.928360 129.149658
[2]: 145.215134 144.983566
[2]: 141.788452 140.783249
[2]: 138.228683 136.607025
[2]: 123.702469 122.202629
[2]: 115.620316 115.770721
[2]: 125.412033 127.232552
[2]: 140.627655 141.488953
[2]: 116.590919 117.123810
[2]: 185.775223 187.028641
[2]: 115.375221 115.487915
[2]: 116.505501 115.701958
[2]: 126.310043 126.823853
[2]: 118.817612 119.795769
[1]: 126.403175 124.435265
[1]: 126.604523 126.022057
[1]: 137.081116 136.218262
[1]: 196.401703 195.582352
[1]: 127.085861 128.496063
[1]: 127.775085 127.885963
[1]: 126.649323 126.182396
[1]: 126.341263 126.707695
[1]: 138.220947 139.348587
[1]: 128.658264 128.695145
[1]: 120.597450 120.969055
[1]: 130.335434 129.116302
[1]: 128.551483 129.162750
[1]: 133.392044 133.181931
[1]: 132.746155 133.151993
[1]: 118.382332 118.258011
[1]: 133.913910 134.611816
[1]: 190.650330 191.817841
[1]: 133.061523 132.786499
[1]: 123.432648 122.490532
[1]: 125.972626 125.744560
[1]: 136.659042 135.743011
[1]: 139.776474 140.021667
[1]: 133.645126 134.113419
[1]: 128.985840 129.365189
[1]: 119.586792 119.186768
[1]: 121.546120 122.164551
[1]: 135.018509 136.165558
[1]: 126.394775 127.482735
[1]: 132.786133 131.550781
[1]: 118.431480 119.676590
[1]: 116.046509 117.413986
[1]: 125.714729 126.122925
[1]: 129.071320 130.843796
[0]: 125.643173 124.891190
[0]: 117.317635 117.632103
[0]: 117.975670 117.247887
[0]: 92.633972 91.521843
[0]: 115.545601 115.437042
[0]: 129.129196 129.795883
[0]: 123.331039 121.578682
[0]: 123.726555 123.861870
[0]: 106.266228 103.972305
[0]: 119.554459 121.032570
[0]: 153.320465 151.454742
[0]: 125.379608 124.158813
[0]: 132.292877 131.248230
[0]: 105.690964 105.238052
[0]: 116.521706 117.011108
[0]: 129.870117 130.063766
[0]: 116.725952 116.268654
[0]: 155.396286 155.970764
[0]: 124.078056 124.307205
[0]: 139.994492 141.321823
[0]: 125.182152 127.129501
[0]: 103.711769 105.662453
[0]: 105.763000 105.882210
[0]: 109.901749 112.333275
[0]: 125.563911 126.447815
[0]: 147.272934 147.295670
[0]: 131.053299 128.576889
[0]: 113.687874 112.386185
[0]: 140.052185 138.924698
[0]: 186.607330 185.904358
[0]: 144.115967 143.981277
[0]: 145.012115 146.401062
[0]: 127.839333 127.767845
[0]: 138.578186 137.356873
