[4]: 132.516724 132.432159
[4]: 127.461929 126.836334
[4]: 118.170357 117.904129
[4]: 175.818329 173.930054
[4]: 124.429672 124.594322
[4]: 125.935013 126.765602
[4]: 121.463760 122.387993
[4]: 124.837524 126.389420
[4]: 110.679359 111.252876
[4]: 123.784409 123.659187
[4]: 134.622498 133.923080
[4]: 129.124557 128.397034
[4]: 127.558136 127.930695
[4]: 121.950859 122.162163
[4]: 122.824226 123.592026
[4]: 132.897812 132.753708
[4]: 118.008842 118.670052
[4]: 67.441544 67.263580
[4]: 125.861900 125.855522
[4]: 130.794754 131.628586
[4]: 129.816422 130.921097
[4]: 114.000557 113.843704
[4]: 116.222443 117.078583
[4]: 124.748726 123.219727
[4]: 130.244659 128.845459
[4]: 136.090561 137.093811
[4]: 132.800415 133.075012
[4]: 117.242271 118.086906
[4]: 129.563477 129.906662
[4]: 76.058617 74.227898
[4]: 134.339523 133.324158
[4]: 141.085541 140.945679
[4]: 131.964233 131.868683
[4]: 127.896461 128.115768
[3]: 129.799484 129.667557
[3]: 129.656006 129.926086
[3]: 127.176300 127.448074
[3]: 60.628231 60.540619
[3]: 130.673706 131.771637
[3]: 126.864204 126.479179
[3]: 135.053696 135.141663
[3]: 130.814316 130.633560
[3]: 134.743546 135.352875
[3]: 125.986420 125.978561
[3]: 119.260803 119.108917
[3]: 127.408783 127.657806
[3]: 128.134323 128.203644
[3]: 132.573837 132.660767
[3]: 129.709320 129.234131
[3]: 132.076904 131.750046
[3]: 132.352753 132.714172
[3]: 154.320480 155.685638
[3]: 124.267868 124.603302
[3]: 122.824089 122.442459
[3]: 125.738106 124.990410
[3]: 136.589981 136.959061
[3]: 132.553268 132.554504
[3]: 128.439209 128.384995
[3]: 128.785522 129.326920
[3]: 121.073792 120.673088
[3]: 128.396362 128.321609
[3]: 129.250565 128.891006
[3]: 126.443085 125.635117
[3]: 63.360054 64.354279
[3]: 129.205872 128.957504
[3]: 118.519981 117.774368
[3]: 124.775047 124.986511
[3]: 122.150620 121.671371
[2]: 128.117523 127.894775
[2]: 135.113144 136.264862
[2]: 137.536514 137.254089
[2]: 111.731140 113.327965
[2]: 141.027832 139.689117
[2]: 127.220139 126.364342
[2]: 131.749878 130.981094
[2]: 129.752197 128.233978
[2]: 144.694229 143.741364
[2]: 135.934219 136.178146
[2]: 113.884148 114.198883
[2]: 129.089783 130.096924
[2]: 122.919312 122.856323
[2]: 140.775635 141.394409
[2]: 132.357513 131.694214
[2]: 125.785522 125.654327
[2]: 136.939636 135.343277
[2]: 68.833199 68.268845
[2]: 129.752274 129.859833
[2]: 118.053024 117.726288
[2]: 130.423218 129.149658
[2]: 144.628525 144.983566
[2]: 142.102463 140.783249
[2]: 135.141846 136.607025
[2]: 121.025276 122.202629
[2]: 117.226357 115.770721
[2]: 127.995140 127.232552
[2]: 143.230911 141.488953
[2]: 117.795723 117.123810
[2]: 186.235367 187.028641
[2]: 113.636818 115.487915
[2]: 116.217987 115.701958
[2]: 126.320763 126.823853
[2]: 121.529343 119.795769
[1]: 124.061768 124.435265
[1]: 125.577751 126.022057
[1]: 136.331940 136.218262
[1]: 195.478729 195.582352
[1]: 129.143127 128.496063
[1]: 128.860367 127.885963
[1]: 125.991829 126.182396
[1]: 127.520340 126.707695
[1]: 139.943207 139.348587
[1]: 127.943604 128.695145
[1]: 121.044106 120.969055
[1]: 129.317383 129.116302
[1]: 129.324860 129.162750
[1]: 134.127258 133.181931
[1]: 133.084641 133.151993
[1]: 117.853210 118.258011
[1]: 134.935440 134.611816
[1]: 191.589264 191.817841
[1]: 132.749741 132.786499
[1]: 123.426453 122.490532
[1]: 126.034538 125.744560
[1]: 136.195496 135.743011
[1]: 139.596573 140.021667
[1]: 133.297943 134.113419
[1]: 128.988724 129.365189
[1]: 119.822327 119.186768
[1]: 121.630730 122.164551
[1]: 136.161804 136.165558
[1]: 127.391441 127.482735
[1]: 131.386536 131.550781
[1]: 119.380318 119.676590
[1]: 117.438271 117.413986
[1]: 126.126099 126.122925
[1]: 130.291489 130.843796
[0]: 124.836281 124.891190
[0]: 118.934822 117.632103
[0]: 116.727875 117.247887
[0]: 91.529160 91.521843
[0]: 114.588509 115.437042
[0]: 128.279327 129.795883
[0]: 121.971268 121.578682
[0]: 122.771782 123.861870
[0]: 103.350258 103.972305
[0]: 121.940308 121.032570
[0]: 150.966385 151.454742
[0]: 124.499313 124.158813
[0]: 131.489532 131.248230
[0]: 105.037392 105.238052
[0]: 116.595795 117.011108
[0]: 129.885330 130.063766
[0]: 115.179161 116.268654
[0]: 156.488678 155.970764
[0]: 124.810806 124.307205
[0]: 140.523849 141.321823
[0]: 125.834045 127.129501
[0]: 105.568695 105.662453
[0]: 105.671356 105.882210
[0]: 113.006172 112.333275
[0]: 127.213211 126.447815
[0]: 145.839447 147.295670
[0]: 128.595886 128.576889
[0]: 110.898796 112.386185
[0]: 137.844772 138.924698
[0]: 186.295792 185.904358
[0]: 145.030792 143.981277
[0]: 145.051636 146.401062
[0]: 128.474442 127.767845
[0]: 135.871094 137.356873
