[4]: 132.432159 135.871796
[4]: 126.836334 125.635818
[4]: 117.904129 116.748413
[4]: 173.930054 174.271317
[4]: 124.594322 125.316559
[4]: 126.765602 127.178368
[4]: 122.387993 122.199448
[4]: 126.389420 126.669891
[4]: 111.252876 109.856178
[4]: 123.659187 124.545326
[4]: 133.923080 135.186295
[4]: 128.397034 131.205704
[4]: 127.930695 126.549606
[4]: 122.162163 122.960220
[4]: 123.592026 121.531143
[4]: 132.753708 131.336929
[4]: 118.670052 117.263947
[4]: 67.263580 67.885262
[4]: 125.855522 127.561966
[4]: 131.628586 129.819885
[4]: 130.921097 130.040405
[4]: 113.843704 111.679237
[4]: 117.078583 115.682724
[4]: 123.219727 123.452301
[4]: 128.845459 128.624954
[4]: 137.093811 133.881531
[4]: 133.075012 132.970123
[4]: 118.086906 116.719337
[4]: 129.906662 129.378845
[4]: 74.227898 74.896034
[4]: 133.324158 135.504517
[4]: 140.945679 137.060455
[4]: 131.868683 129.712830
[4]: 128.115768 125.657608
[3]: 129.667557 125.080154
[3]: 129.926086 129.737839
[3]: 127.448074 127.234215
[3]: 60.540619 61.219074
[3]: 131.771637 131.378372
[3]: 126.479179 126.498322
[3]: 135.141663 134.473343
[3]: 130.633560 128.819321
[3]: 135.352875 136.226181
[3]: 125.978561 124.077888
[3]: 119.108917 117.882072
[3]: 127.657806 125.243896
[3]: 128.203644 130.127914
[3]: 132.660767 131.430893
[3]: 129.234131 130.520096
[3]: 131.750046 132.355728
[3]: 132.714172 133.252090
[3]: 155.685638 156.606186
[3]: 124.603302 122.845314
[3]: 122.442459 124.147118
[3]: 124.990410 126.667679
[3]: 136.959061 140.248657
[3]: 132.554504 132.233505
[3]: 128.384995 129.559433
[3]: 129.326920 129.750793
[3]: 120.673088 122.014908
[3]: 128.321609 126.866623
[3]: 128.891006 129.798096
[3]: 125.635117 127.469910
[3]: 64.354279 64.118782
[3]: 128.957504 128.022171
[3]: 117.774368 122.626785
[3]: 124.986511 126.938965
[3]: 121.671371 122.841255
[2]: 127.894775 124.689186
[2]: 136.264862 135.605804
[2]: 137.254089 139.849869
[2]: 113.327965 111.493645
[2]: 139.689117 140.060196
[2]: 126.364342 126.999840
[2]: 130.981094 130.302185
[2]: 128.233978 127.414261
[2]: 143.741364 144.657852
[2]: 136.178146 135.140457
[2]: 114.198883 114.168602
[2]: 130.096924 127.579346
[2]: 122.856323 123.980415
[2]: 141.394409 140.799667
[2]: 131.694214 133.324646
[2]: 125.654327 127.038216
[2]: 135.343277 138.058441
[2]: 68.268845 66.890800
[2]: 129.859833 128.531540
[2]: 117.726288 120.138062
[2]: 129.149658 130.706528
[2]: 144.983566 145.309464
[2]: 140.783249 142.248856
[2]: 136.607025 136.349274
[2]: 122.202629 122.684868
[2]: 115.770721 119.094894
[2]: 127.232552 127.178032
[2]: 141.488953 143.460464
[2]: 117.123810 116.825966
[2]: 187.028641 185.035736
[2]: 115.487915 113.299301
[2]: 115.701958 120.556877
[2]: 126.823853 127.803665
[2]: 119.795769 123.988167
[1]: 124.435265 125.512711
[1]: 126.022057 127.768913
[1]: 136.218262 136.461105
[1]: 195.582352 195.750671
[1]: 128.496063 128.274277
[1]: 127.885963 127.916946
[1]: 126.182396 126.572121
[1]: 126.707695 127.370468
[1]: 139.348587 139.314926
[1]: 128.695145 128.847412
[1]: 120.969055 120.820908
[1]: 129.116302 128.574127
[1]: 129.162750 129.636246
[1]: 133.181931 133.252487
[1]: 133.151993 132.754227
[1]: 118.258011 118.992195
[1]: 134.611816 136.313141
[1]: 191.817841 190.838440
[1]: 132.786499 132.046661
[1]: 122.490532 123.525223
[1]: 125.744560 126.348145
[1]: 135.743011 136.940506
[1]: 140.021667 140.086990
[1]: 134.113419 134.078583
[1]: 129.365189 128.946686
[1]: 119.186768 121.037857
[1]: 122.164551 122.583946
[1]: 136.165558 136.341187
[1]: 127.482735 127.090240
[1]: 131.550781 133.181870
[1]: 119.676590 119.612457
[1]: 117.413986 116.302322
[1]: 126.122925 126.106232
[1]: 130.843796 131.040878
[0]: 124.891190 128.476883
[0]: 117.632103 117.873352
[0]: 117.247887 115.542831
[0]: 91.521843 91.119499
[0]: 115.437042 114.870941
[0]: 129.795883 128.617050
[0]: 121.578682 122.808090
[0]: 123.861870 125.690231
[0]: 103.972305 103.348259
[0]: 121.032570 123.076538
[0]: 151.454742 151.826523
[0]: 124.158813 127.050797
[0]: 131.248230 128.888672
[0]: 105.238052 106.113815
[0]: 117.011108 116.402069
[0]: 130.063766 128.732239
[0]: 116.268654 112.262245
[0]: 155.970764 156.375549
[0]: 124.307205 126.575722
[0]: 141.321823 137.774521
[0]: 127.129501 123.899612
[0]: 105.662453 102.521393
[0]: 105.882210 105.865952
[0]: 112.333275 110.951530
[0]: 126.447815 126.130005
[0]: 147.295670 143.846313
[0]: 128.576889 129.943436
[0]: 112.386185 110.398277
[0]: 138.924698 138.287903
[0]: 185.904358 186.253372
[0]: 143.981277 145.238831
[0]: 146.401062 141.467667
[0]: 127.767845 126.927505
[0]: 137.356873 134.016708
