[4]: 90.283409 132.432159
[4]: 129.734894 126.836334
[4]: 127.606628 117.904129
[4]: 178.119446 173.930054
[4]: 133.915665 124.594322
[4]: 130.503342 126.765602
[4]: 127.387520 122.387993
[4]: 132.945923 126.389420
[4]: 131.827225 111.252876
[4]: 131.861679 123.659187
[4]: 124.949219 133.923080
[4]: 127.180367 128.397034
[4]: 126.379936 127.930695
[4]: 137.261154 122.162163
[4]: 126.504578 123.592026
[4]: 132.009644 132.753708
[4]: 131.972717 118.670052
[4]: 59.327507 67.263580
[4]: 131.133545 125.855522
[4]: 126.002060 131.628586
[4]: 132.591293 130.921097
[4]: 133.620483 113.843704
[4]: 134.389008 117.078583
[4]: 135.571838 123.219727
[4]: 125.999260 128.845459
[4]: 122.777596 137.093811
[4]: 125.865135 133.075012
[4]: 131.014420 118.086906
[4]: 121.047562 129.906662
[4]: 124.838676 74.227898
[4]: 125.024399 133.324158
[4]: 167.851456 140.945679
[4]: 129.741653 131.868683
[4]: 119.289345 128.115768
[3]: 170.979263 129.667557
[3]: 126.474998 129.926086
[3]: 125.597778 127.448074
[3]: 87.346703 60.540619
[3]: 129.904251 131.771637
[3]: 127.949142 126.479179
[3]: 128.677719 135.141663
[3]: 128.258759 130.633560
[3]: 126.588005 135.352875
[3]: 125.358444 125.978561
[3]: 125.682503 119.108917
[3]: 128.730667 127.657806
[3]: 127.332718 128.203644
[3]: 128.040497 132.660767
[3]: 127.231659 129.234131
[3]: 130.295517 131.750046
[3]: 127.493439 132.714172
[3]: 126.911407 155.685638
[3]: 126.709671 124.603302
[3]: 126.590233 122.442459
[3]: 126.954720 124.990410
[3]: 128.370651 136.959061
[3]: 127.630661 132.554504
[3]: 127.798073 128.384995
[3]: 128.504593 129.326920
[3]: 124.920395 120.673088
[3]: 128.959702 128.321609
[3]: 127.109985 128.891006
[3]: 128.341187 125.635117
[3]: 62.688343 64.354279
[3]: 129.378784 128.957504
[3]: 83.380104 117.774368
[3]: 128.517593 124.986511
[3]: 124.977356 121.671371
[2]: 169.019974 127.894775
[2]: 129.416855 136.264862
[2]: 130.369217 137.254089
[2]: 85.174179 113.327965
[2]: 129.236069 139.689117
[2]: 128.859970 126.364342
[2]: 127.561813 130.981094
[2]: 130.159470 128.233978
[2]: 129.751175 143.741364
[2]: 130.333710 136.178146
[2]: 125.487785 114.198883
[2]: 127.792953 130.096924
[2]: 130.209076 122.856323
[2]: 131.836014 141.394409
[2]: 128.657852 131.694214
[2]: 125.908424 125.654327
[2]: 132.549744 135.343277
[2]: 128.235382 68.268845
[2]: 131.365707 129.859833
[2]: 125.452965 117.726288
[2]: 129.776962 129.149658
[2]: 128.656158 144.983566
[2]: 131.144485 140.783249
[2]: 130.643478 136.607025
[2]: 125.113373 122.202629
[2]: 127.402008 115.770721
[2]: 124.554329 127.232552
[2]: 129.022537 141.488953
[2]: 123.977188 117.123810
[2]: 191.871033 187.028641
[2]: 125.303345 115.487915
[2]: 83.596840 115.701958
[2]: 127.790863 126.823853
[2]: 125.681740 119.795769
[1]: 85.078003 124.435265
[1]: 128.845901 126.022057
[1]: 137.271759 136.218262
[1]: 180.489975 195.582352
[1]: 134.126862 128.496063
[1]: 129.086594 127.885963
[1]: 129.023254 126.182396
[1]: 132.537781 126.707695
[1]: 132.775009 139.348587
[1]: 128.895538 128.695145
[1]: 118.366508 120.969055
[1]: 126.321732 129.116302
[1]: 134.809204 129.162750
[1]: 137.360168 133.181931
[1]: 133.042953 133.151993
[1]: 121.633751 118.258011
[1]: 143.085464 134.611816
[1]: 192.446854 191.817841
[1]: 136.204941 132.786499
[1]: 121.855530 122.490532
[1]: 127.065773 125.744560
[1]: 131.333618 135.743011
[1]: 137.379257 140.021667
[1]: 137.704376 134.113419
[1]: 126.809113 129.365189
[1]: 121.329895 119.186768
[1]: 120.598961 122.164551
[1]: 132.619095 136.165558
[1]: 124.157829 127.482735
[1]: 120.392189 131.550781
[1]: 124.764862 119.676590
[1]: 160.003998 117.413986
[1]: 129.032623 126.122925
[1]: 122.439133 130.843796
[0]: 91.965065 124.891190
[0]: 120.991348 117.632103
[0]: 112.144058 117.247887
[0]: 129.303375 91.521843
[0]: 107.703117 115.437042
[0]: 117.657715 129.795883
[0]: 122.487480 121.578682
[0]: 105.602409 123.861870
[0]: 109.682518 103.972305
[0]: 116.365273 121.032570
[0]: 149.897354 151.454742
[0]: 129.991928 124.158813
[0]: 117.621185 131.248230
[0]: 91.195496 105.238052
[0]: 117.310875 117.011108
[0]: 127.835228 130.063766
[0]: 93.939690 116.268654
[0]: 138.216660 155.970764
[0]: 106.165794 124.307205
[0]: 137.688782 141.321823
[0]: 118.691399 127.129501
[0]: 112.673187 105.662453
[0]: 99.532318 105.882210
[0]: 94.761040 112.333275
[0]: 131.123230 126.447815
[0]: 148.038910 147.295670
[0]: 143.705627 128.576889
[0]: 115.049957 112.386185
[0]: 146.386887 138.924698
[0]: 144.302689 185.904358
[0]: 138.821579 143.981277
[0]: 178.411240 146.401062
[0]: 120.123352 127.767845
[0]: 152.302124 137.356873
