[4]: 134.641586 132.432159
[4]: 124.655479 126.836334
[4]: 117.438705 117.904129
[4]: 174.049744 173.930054
[4]: 126.665398 124.594322
[4]: 126.861618 126.765602
[4]: 120.705467 122.387993
[4]: 128.650879 126.389420
[4]: 111.932953 111.252876
[4]: 122.032928 123.659187
[4]: 135.751801 133.923080
[4]: 129.967316 128.397034
[4]: 127.983177 127.930695
[4]: 123.199951 122.162163
[4]: 124.164642 123.592026
[4]: 134.166870 132.753708
[4]: 118.773148 118.670052
[4]: 68.315239 67.263580
[4]: 125.375069 125.855522
[4]: 132.347534 131.628586
[4]: 130.476242 130.921097
[4]: 113.676270 113.843704
[4]: 118.046417 117.078583
[4]: 122.166229 123.219727
[4]: 127.208763 128.845459
[4]: 137.194473 137.093811
[4]: 135.872726 133.075012
[4]: 117.283745 118.086906
[4]: 129.939774 129.906662
[4]: 73.845352 74.227898
[4]: 133.882095 133.324158
[4]: 139.476471 140.945679
[4]: 131.336426 131.868683
[4]: 129.164398 128.115768
[3]: 127.362358 129.667557
[3]: 130.305008 129.926086
[3]: 126.964417 127.448074
[3]: 60.592697 60.540619
[3]: 131.561722 131.771637
[3]: 126.653244 126.479179
[3]: 135.185165 135.141663
[3]: 128.816010 130.633560
[3]: 135.506561 135.352875
[3]: 126.241104 125.978561
[3]: 116.689140 119.108917
[3]: 125.991028 127.657806
[3]: 127.978310 128.203644
[3]: 131.878433 132.660767
[3]: 128.737518 129.234131
[3]: 131.971207 131.750046
[3]: 133.058136 132.714172
[3]: 155.768341 155.685638
[3]: 124.393730 124.603302
[3]: 122.114311 122.442459
[3]: 125.488998 124.990410
[3]: 138.282074 136.959061
[3]: 130.989777 132.554504
[3]: 129.856430 128.384995
[3]: 129.570999 129.326920
[3]: 119.923218 120.673088
[3]: 126.099716 128.321609
[3]: 128.983063 128.891006
[3]: 126.258430 125.635117
[3]: 64.399582 64.354279
[3]: 128.860641 128.957504
[3]: 120.947174 117.774368
[3]: 125.375465 124.986511
[3]: 121.788078 121.671371
[2]: 126.811302 127.894775
[2]: 138.342072 136.264862
[2]: 136.842896 137.254089
[2]: 113.268555 113.327965
[2]: 137.587997 139.689117
[2]: 126.116058 126.364342
[2]: 131.955307 130.981094
[2]: 127.544418 128.233978
[2]: 141.953644 143.741364
[2]: 137.584259 136.178146
[2]: 113.815277 114.198883
[2]: 128.536316 130.096924
[2]: 123.229820 122.856323
[2]: 140.301498 141.394409
[2]: 132.198456 131.694214
[2]: 124.509880 125.654327
[2]: 134.843140 135.343277
[2]: 67.075974 68.268845
[2]: 129.603867 129.859833
[2]: 117.621658 117.726288
[2]: 130.153839 129.149658
[2]: 144.514404 144.983566
[2]: 140.435898 140.783249
[2]: 137.065491 136.607025
[2]: 122.847580 122.202629
[2]: 116.989365 115.770721
[2]: 125.182983 127.232552
[2]: 141.886642 141.488953
[2]: 116.547592 117.123810
[2]: 186.260849 187.028641
[2]: 115.450188 115.487915
[2]: 116.982773 115.701958
[2]: 125.786774 126.823853
[2]: 119.563705 119.795769
[1]: 124.875420 124.435265
[1]: 126.895157 126.022057
[1]: 136.365631 136.218262
[1]: 195.665970 195.582352
[1]: 127.727669 128.496063
[1]: 127.976364 127.885963
[1]: 127.063965 126.182396
[1]: 126.714409 126.707695
[1]: 138.714951 139.348587
[1]: 129.696548 128.695145
[1]: 120.035339 120.969055
[1]: 129.578827 129.116302
[1]: 129.189560 129.162750
[1]: 132.965912 133.181931
[1]: 133.161087 133.151993
[1]: 117.492317 118.258011
[1]: 134.703720 134.611816
[1]: 191.451279 191.817841
[1]: 133.222870 132.786499
[1]: 123.160156 122.490532
[1]: 126.087997 125.744560
[1]: 136.140579 135.743011
[1]: 139.486542 140.021667
[1]: 134.515640 134.113419
[1]: 130.245804 129.365189
[1]: 119.354553 119.186768
[1]: 121.463844 122.164551
[1]: 135.472107 136.165558
[1]: 127.110382 127.482735
[1]: 132.048370 131.550781
[1]: 119.890785 119.676590
[1]: 116.439972 117.413986
[1]: 126.326782 126.122925
[1]: 129.937439 130.843796
[0]: 125.715988 124.891190
[0]: 116.294388 117.632103
[0]: 118.483330 117.247887
[0]: 91.310844 91.521843
[0]: 116.446037 115.437042
[0]: 129.681351 129.795883
[0]: 121.294044 121.578682
[0]: 124.139481 123.861870
[0]: 105.546417 103.972305
[0]: 119.814316 121.032570
[0]: 153.709991 151.454742
[0]: 125.449120 124.158813
[0]: 131.044235 131.248230
[0]: 106.260864 105.238052
[0]: 116.334335 117.011108
[0]: 130.387909 130.063766
[0]: 116.148567 116.268654
[0]: 156.870468 155.970764
[0]: 124.832489 124.307205
[0]: 140.369141 141.321823
[0]: 125.589371 127.129501
[0]: 104.308784 105.662453
[0]: 107.393143 105.882210
[0]: 110.828636 112.333275
[0]: 126.312904 126.447815
[0]: 146.624008 147.295670
[0]: 130.983200 128.576889
[0]: 113.369141 112.386185
[0]: 139.324051 138.924698
[0]: 186.316849 185.904358
[0]: 143.400681 143.981277
[0]: 144.299789 146.401062
[0]: 128.815521 127.767845
[0]: 137.410294 137.356873
