[4]: 132.731445 132.432159
[4]: 126.486603 126.836334
[4]: 117.906113 117.904129
[4]: 173.911957 173.930054
[4]: 124.637238 124.594322
[4]: 126.651466 126.765602
[4]: 122.220345 122.387993
[4]: 126.444878 126.389420
[4]: 111.472534 111.252876
[4]: 123.129059 123.659187
[4]: 133.879242 133.923080
[4]: 128.879868 128.397034
[4]: 128.552826 127.930695
[4]: 122.406860 122.162163
[4]: 124.202324 123.592026
[4]: 133.240814 132.753708
[4]: 118.882713 118.670052
[4]: 67.392715 67.263580
[4]: 125.048134 125.855522
[4]: 131.684891 131.628586
[4]: 130.710739 130.921097
[4]: 113.804077 113.843704
[4]: 117.098160 117.078583
[4]: 123.485893 123.219727
[4]: 128.441086 128.845459
[4]: 137.228241 137.093811
[4]: 133.965302 133.075012
[4]: 118.320160 118.086906
[4]: 130.494659 129.906662
[4]: 74.347900 74.227898
[4]: 133.223740 133.324158
[4]: 140.515137 140.945679
[4]: 131.916153 131.868683
[4]: 128.302307 128.115768
[3]: 129.314499 129.667557
[3]: 130.106308 129.926086
[3]: 127.230583 127.448074
[3]: 60.565529 60.540619
[3]: 131.773392 131.771637
[3]: 126.984154 126.479179
[3]: 135.456177 135.141663
[3]: 130.638443 130.633560
[3]: 135.298889 135.352875
[3]: 125.834831 125.978561
[3]: 118.623215 119.108917
[3]: 127.328781 127.657806
[3]: 127.662247 128.203644
[3]: 132.255478 132.660767
[3]: 128.888306 129.234131
[3]: 131.515579 131.750046
[3]: 132.479126 132.714172
[3]: 155.786514 155.685638
[3]: 124.629303 124.603302
[3]: 122.414101 122.442459
[3]: 125.108810 124.990410
[3]: 137.004913 136.959061
[3]: 132.041687 132.554504
[3]: 128.579971 128.384995
[3]: 129.551865 129.326920
[3]: 120.605728 120.673088
[3]: 128.167831 128.321609
[3]: 128.800568 128.891006
[3]: 125.866440 125.635117
[3]: 64.197098 64.354279
[3]: 129.288193 128.957504
[3]: 118.252441 117.774368
[3]: 125.134026 124.986511
[3]: 121.929825 121.671371
[2]: 127.292267 127.894775
[2]: 136.872955 136.264862
[2]: 137.435394 137.254089
[2]: 112.699738 113.327965
[2]: 140.020966 139.689117
[2]: 125.987518 126.364342
[2]: 130.972961 130.981094
[2]: 127.915031 128.233978
[2]: 143.419952 143.741364
[2]: 136.426682 136.178146
[2]: 114.768623 114.198883
[2]: 129.212570 130.096924
[2]: 122.016960 122.856323
[2]: 141.447159 141.394409
[2]: 131.947433 131.694214
[2]: 125.437958 125.654327
[2]: 134.848312 135.343277
[2]: 68.093208 68.268845
[2]: 130.659256 129.859833
[2]: 117.321465 117.726288
[2]: 130.133453 129.149658
[2]: 144.774857 144.983566
[2]: 141.413071 140.783249
[2]: 137.352341 136.607025
[2]: 122.180176 122.202629
[2]: 115.830467 115.770721
[2]: 126.288506 127.232552
[2]: 140.789017 141.488953
[2]: 116.902153 117.123810
[2]: 186.888229 187.028641
[2]: 115.736862 115.487915
[2]: 116.408516 115.701958
[2]: 126.554283 126.823853
[2]: 119.890549 119.795769
[1]: 125.032112 124.435265
[1]: 126.103561 126.022057
[1]: 136.412384 136.218262
[1]: 195.496353 195.582352
[1]: 128.487793 128.496063
[1]: 127.869072 127.885963
[1]: 126.452881 126.182396
[1]: 127.041519 126.707695
[1]: 139.144928 139.348587
[1]: 129.119415 128.695145
[1]: 121.031174 120.969055
[1]: 129.143524 129.116302
[1]: 128.993469 129.162750
[1]: 133.505051 133.181931
[1]: 133.138931 133.151993
[1]: 117.993935 118.258011
[1]: 134.756180 134.611816
[1]: 191.648117 191.817841
[1]: 133.264496 132.786499
[1]: 122.749107 122.490532
[1]: 125.698257 125.744560
[1]: 136.039337 135.743011
[1]: 139.811234 140.021667
[1]: 133.691498 134.113419
[1]: 129.510178 129.365189
[1]: 119.056831 119.186768
[1]: 121.519440 122.164551
[1]: 135.896591 136.165558
[1]: 126.945267 127.482735
[1]: 131.814880 131.550781
[1]: 119.640800 119.676590
[1]: 117.294281 117.413986
[1]: 126.478622 126.122925
[1]: 129.963074 130.843796
[0]: 124.931305 124.891190
[0]: 117.088997 117.632103
[0]: 117.095245 117.247887
[0]: 91.718285 91.521843
[0]: 115.068352 115.437042
[0]: 129.788956 129.795883
[0]: 121.156487 121.578682
[0]: 123.775162 123.861870
[0]: 104.398712 103.972305
[0]: 121.053276 121.032570
[0]: 151.349640 151.454742
[0]: 124.906898 124.158813
[0]: 132.241196 131.248230
[0]: 105.011993 105.238052
[0]: 116.464157 117.011108
[0]: 130.327972 130.063766
[0]: 116.686424 116.268654
[0]: 156.042145 155.970764
[0]: 123.759232 124.307205
[0]: 141.431519 141.321823
[0]: 126.219101 127.129501
[0]: 105.599060 105.662453
[0]: 105.986382 105.882210
[0]: 111.492508 112.333275
[0]: 126.477257 126.447815
[0]: 147.287796 147.295670
[0]: 129.499619 128.576889
[0]: 113.301498 112.386185
[0]: 138.843506 138.924698
[0]: 186.208817 185.904358
[0]: 143.500046 143.981277
[0]: 145.688644 146.401062
[0]: 127.434692 127.767845
[0]: 137.717255 137.356873
