[4]: 136.107956 132.432159
[4]: 126.188461 126.836334
[4]: 118.865440 117.904129
[4]: 167.283585 173.930054
[4]: 128.815643 124.594322
[4]: 124.862656 126.765602
[4]: 123.225349 122.387993
[4]: 128.418915 126.389420
[4]: 117.240196 111.252876
[4]: 122.803879 123.659187
[4]: 136.496796 133.923080
[4]: 128.180878 128.397034
[4]: 128.061630 127.930695
[4]: 124.679527 122.162163
[4]: 123.144768 123.592026
[4]: 134.013077 132.753708
[4]: 117.992729 118.670052
[4]: 67.272446 67.263580
[4]: 127.493774 125.855522
[4]: 131.564301 131.628586
[4]: 126.733971 130.921097
[4]: 112.024750 113.843704
[4]: 117.463303 117.078583
[4]: 120.812004 123.219727
[4]: 126.454567 128.845459
[4]: 135.270126 137.093811
[4]: 136.035034 133.075012
[4]: 124.114220 118.086906
[4]: 132.077332 129.906662
[4]: 68.444977 74.227898
[4]: 132.948029 133.324158
[4]: 134.356354 140.945679
[4]: 129.528503 131.868683
[4]: 131.521225 128.115768
[3]: 123.767517 129.667557
[3]: 129.194000 129.926086
[3]: 126.245232 127.448074
[3]: 63.166206 60.540619
[3]: 132.204056 131.771637
[3]: 128.004440 126.479179
[3]: 135.856049 135.141663
[3]: 129.715500 130.633560
[3]: 134.136429 135.352875
[3]: 127.877426 125.978561
[3]: 114.715576 119.108917
[3]: 125.561012 127.657806
[3]: 128.743210 128.203644
[3]: 131.558563 132.660767
[3]: 129.505417 129.234131
[3]: 132.846390 131.750046
[3]: 135.585007 132.714172
[3]: 166.930710 155.685638
[3]: 122.628708 124.603302
[3]: 123.311348 122.442459
[3]: 128.259079 124.990410
[3]: 141.229080 136.959061
[3]: 131.723724 132.554504
[3]: 133.447067 128.384995
[3]: 132.001511 129.326920
[3]: 122.256950 120.673088
[3]: 123.778130 128.321609
[3]: 125.556496 128.891006
[3]: 122.758492 125.635117
[3]: 69.122177 64.354279
[3]: 129.319031 128.957504
[3]: 125.762611 117.774368
[3]: 125.581520 124.986511
[3]: 120.689445 121.671371
[2]: 124.923698 127.894775
[2]: 134.423264 136.264862
[2]: 134.505692 137.254089
[2]: 109.950859 113.327965
[2]: 134.591171 139.689117
[2]: 128.841034 126.364342
[2]: 128.417068 130.981094
[2]: 127.398933 128.233978
[2]: 138.679260 143.741364
[2]: 139.376877 136.178146
[2]: 113.310699 114.198883
[2]: 126.504517 130.096924
[2]: 125.105110 122.856323
[2]: 138.062637 141.394409
[2]: 133.279221 131.694214
[2]: 124.957298 125.654327
[2]: 135.669205 135.343277
[2]: 65.418633 68.268845
[2]: 129.110916 129.859833
[2]: 119.283379 117.726288
[2]: 133.018845 129.149658
[2]: 147.562607 144.983566
[2]: 141.297272 140.783249
[2]: 138.923157 136.607025
[2]: 126.323494 122.202629
[2]: 117.789070 115.770721
[2]: 122.878716 127.232552
[2]: 133.921188 141.488953
[2]: 115.590080 117.123810
[2]: 184.942459 187.028641
[2]: 116.387474 115.487915
[2]: 120.128899 115.701958
[2]: 129.296249 126.823853
[2]: 117.225212 119.795769
[1]: 128.344879 124.435265
[1]: 127.220894 126.022057
[1]: 138.449509 136.218262
[1]: 196.926712 195.582352
[1]: 124.776764 128.496063
[1]: 126.693176 127.885963
[1]: 127.281166 126.182396
[1]: 125.633759 126.707695
[1]: 135.946426 139.348587
[1]: 128.696060 128.695145
[1]: 121.140587 120.969055
[1]: 130.784637 129.116302
[1]: 126.751732 129.162750
[1]: 133.644989 133.181931
[1]: 135.113770 133.151993
[1]: 115.829002 118.258011
[1]: 134.041489 134.611816
[1]: 188.724442 191.817841
[1]: 133.685928 132.786499
[1]: 121.447098 122.490532
[1]: 127.625183 125.744560
[1]: 136.855835 135.743011
[1]: 138.970840 140.021667
[1]: 133.294189 134.113419
[1]: 127.376923 129.365189
[1]: 118.825500 119.186768
[1]: 120.597816 122.164551
[1]: 133.599457 136.165558
[1]: 123.982224 127.482735
[1]: 136.320160 131.550781
[1]: 119.416298 119.676590
[1]: 114.230095 117.413986
[1]: 129.842102 126.122925
[1]: 127.797195 130.843796
[0]: 125.998856 124.891190
[0]: 119.514771 117.632103
[0]: 117.858826 117.247887
[0]: 95.219147 91.521843
[0]: 119.655418 115.437042
[0]: 128.925629 129.795883
[0]: 121.511429 121.578682
[0]: 124.688728 123.861870
[0]: 107.659019 103.972305
[0]: 116.056610 121.032570
[0]: 154.798080 151.454742
[0]: 128.710876 124.158813
[0]: 130.890640 131.248230
[0]: 106.169395 105.238052
[0]: 113.000702 117.011108
[0]: 130.962555 130.063766
[0]: 114.011162 116.268654
[0]: 154.231796 155.970764
[0]: 124.326744 124.307205
[0]: 140.225204 141.321823
[0]: 121.626930 127.129501
[0]: 98.464401 105.662453
[0]: 106.509315 105.882210
[0]: 107.324539 112.333275
[0]: 123.882820 126.447815
[0]: 146.138794 147.295670
[0]: 136.788849 128.576889
[0]: 120.216156 112.386185
[0]: 145.725128 138.924698
[0]: 185.141174 185.904358
[0]: 143.835617 143.981277
[0]: 143.853119 146.401062
[0]: 122.658669 127.767845
[0]: 141.190140 137.356873
