[4]: 133.510406 132.432159
[4]: 126.332016 126.836334
[4]: 116.923820 117.904129
[4]: 172.845337 173.930054
[4]: 126.361839 124.594322
[4]: 126.315559 126.765602
[4]: 122.080292 122.387993
[4]: 127.864174 126.389420
[4]: 113.109406 111.252876
[4]: 123.084328 123.659187
[4]: 134.703735 133.923080
[4]: 128.924210 128.397034
[4]: 128.990906 127.930695
[4]: 122.776047 122.162163
[4]: 125.253380 123.592026
[4]: 134.315872 132.753708
[4]: 119.956490 118.670052
[4]: 67.288979 67.263580
[4]: 125.342300 125.855522
[4]: 130.828735 131.628586
[4]: 129.928879 130.921097
[4]: 113.733879 113.843704
[4]: 117.110909 117.078583
[4]: 122.069298 123.219727
[4]: 127.659996 128.845459
[4]: 136.948898 137.093811
[4]: 135.453445 133.075012
[4]: 117.926903 118.086906
[4]: 130.856186 129.906662
[4]: 73.115891 74.227898
[4]: 134.392456 133.324158
[4]: 139.252991 140.945679
[4]: 131.881500 131.868683
[4]: 129.831497 128.115768
[3]: 127.000778 129.667557
[3]: 129.120346 129.926086
[3]: 127.262352 127.448074
[3]: 60.807014 60.540619
[3]: 132.135925 131.771637
[3]: 127.495087 126.479179
[3]: 135.104675 135.141663
[3]: 129.782623 130.633560
[3]: 134.468750 135.352875
[3]: 126.271317 125.978561
[3]: 117.295013 119.108917
[3]: 126.374359 127.657806
[3]: 127.323380 128.203644
[3]: 132.142471 132.660767
[3]: 128.708099 129.234131
[3]: 130.501251 131.750046
[3]: 133.054321 132.714172
[3]: 158.496414 155.685638
[3]: 123.995171 124.603302
[3]: 124.097504 122.442459
[3]: 125.697273 124.990410
[3]: 137.665466 136.959061
[3]: 131.762192 132.554504
[3]: 130.621277 128.384995
[3]: 130.165314 129.326920
[3]: 120.878098 120.673088
[3]: 126.212860 128.321609
[3]: 129.549500 128.891006
[3]: 125.394859 125.635117
[3]: 65.212082 64.354279
[3]: 129.072250 128.957504
[3]: 121.289711 117.774368
[3]: 125.753387 124.986511
[3]: 121.610367 121.671371
[2]: 126.694397 127.894775
[2]: 137.141479 136.264862
[2]: 136.793686 137.254089
[2]: 111.708427 113.327965
[2]: 138.637207 139.689117
[2]: 126.532341 126.364342
[2]: 129.247711 130.981094
[2]: 127.992424 128.233978
[2]: 141.743286 143.741364
[2]: 137.916336 136.178146
[2]: 114.057182 114.198883
[2]: 128.389267 130.096924
[2]: 122.335114 122.856323
[2]: 140.416534 141.394409
[2]: 131.515747 131.694214
[2]: 125.276733 125.654327
[2]: 133.989471 135.343277
[2]: 67.305687 68.268845
[2]: 130.770004 129.859833
[2]: 117.309830 117.726288
[2]: 131.054794 129.149658
[2]: 145.025833 144.983566
[2]: 141.861877 140.783249
[2]: 138.151443 136.607025
[2]: 123.803177 122.202629
[2]: 115.478905 115.770721
[2]: 125.270119 127.232552
[2]: 140.608582 141.488953
[2]: 116.371803 117.123810
[2]: 185.790176 187.028641
[2]: 115.472847 115.487915
[2]: 116.700531 115.701958
[2]: 126.279053 126.823853
[2]: 118.948082 119.795769
[1]: 126.319000 124.435265
[1]: 126.673378 126.022057
[1]: 137.099213 136.218262
[1]: 196.459961 195.582352
[1]: 127.242111 128.496063
[1]: 127.777252 127.885963
[1]: 126.689629 126.182396
[1]: 126.407639 126.707695
[1]: 138.074646 139.348587
[1]: 128.650055 128.695145
[1]: 120.605896 120.969055
[1]: 130.351578 129.116302
[1]: 128.648895 129.162750
[1]: 133.473724 133.181931
[1]: 132.630539 133.151993
[1]: 118.440758 118.258011
[1]: 134.051620 134.611816
[1]: 190.600769 191.817841
[1]: 133.080627 132.786499
[1]: 123.183411 122.490532
[1]: 125.859352 125.744560
[1]: 136.684341 135.743011
[1]: 139.657822 140.021667
[1]: 133.525269 134.113419
[1]: 128.992065 129.365189
[1]: 119.373581 119.186768
[1]: 121.643135 122.164551
[1]: 135.150833 136.165558
[1]: 126.500076 127.482735
[1]: 132.701523 131.550781
[1]: 118.451950 119.676590
[1]: 116.105194 117.413986
[1]: 125.786583 126.122925
[1]: 129.109238 130.843796
[0]: 125.851395 124.891190
[0]: 117.345459 117.632103
[0]: 117.974632 117.247887
[0]: 92.678017 91.521843
[0]: 115.560287 115.437042
[0]: 129.118851 129.795883
[0]: 123.239075 121.578682
[0]: 123.771500 123.861870
[0]: 106.349670 103.972305
[0]: 119.474541 121.032570
[0]: 153.317688 151.454742
[0]: 125.448662 124.158813
[0]: 132.215775 131.248230
[0]: 105.729446 105.238052
[0]: 116.482628 117.011108
[0]: 129.975922 130.063766
[0]: 116.503868 116.268654
[0]: 155.384079 155.970764
[0]: 124.199257 124.307205
[0]: 140.140945 141.321823
[0]: 125.241058 127.129501
[0]: 103.784828 105.662453
[0]: 105.813637 105.882210
[0]: 109.997849 112.333275
[0]: 125.484261 126.447815
[0]: 147.461136 147.295670
[0]: 131.018066 128.576889
[0]: 113.807449 112.386185
[0]: 140.123230 138.924698
[0]: 186.713196 185.904358
[0]: 144.175613 143.981277
[0]: 144.850098 146.401062
[0]: 127.862656 127.767845
[0]: 138.445480 137.356873
