[4]: 132.432159 88.111076
[4]: 126.836334 126.982048
[4]: 117.904129 127.135017
[4]: 173.930054 171.224792
[4]: 124.594322 127.302269
[4]: 126.765602 128.086945
[4]: 122.387993 125.325699
[4]: 126.389420 127.704292
[4]: 111.252876 126.582985
[4]: 123.659187 127.569923
[4]: 133.923080 128.558533
[4]: 128.397034 128.802567
[4]: 127.930695 129.485611
[4]: 122.162163 126.434517
[4]: 123.592026 125.948128
[4]: 132.753708 191.057526
[4]: 118.670052 125.654289
[4]: 67.263580 123.402153
[4]: 125.855522 127.663109
[4]: 131.628586 125.319260
[4]: 130.921097 129.049103
[4]: 113.843704 127.251045
[4]: 117.078583 129.079666
[4]: 123.219727 126.637817
[4]: 128.845459 126.389084
[4]: 137.093811 128.886673
[4]: 133.075012 128.605835
[4]: 118.086906 127.102196
[4]: 129.906662 127.653648
[4]: 74.227898 126.692322
[4]: 133.324158 130.872971
[4]: 140.945679 172.636139
[4]: 131.868683 128.002762
[4]: 128.115768 127.808289
[3]: 129.667557 169.734726
[3]: 129.926086 127.037529
[3]: 127.448074 127.493469
[3]: 60.540619 84.448753
[3]: 131.771637 128.142914
[3]: 126.479179 128.822144
[3]: 135.141663 127.475685
[3]: 130.633560 128.509308
[3]: 135.352875 127.303123
[3]: 125.978561 124.556923
[3]: 119.108917 127.204033
[3]: 127.657806 128.701294
[3]: 128.203644 128.125076
[3]: 132.660767 128.613495
[3]: 129.234131 127.067551
[3]: 131.750046 128.898575
[3]: 132.714172 127.970360
[3]: 155.685638 191.229584
[3]: 124.603302 127.312393
[3]: 122.442459 128.743927
[3]: 124.990410 127.689812
[3]: 136.959061 127.964867
[3]: 132.554504 129.667618
[3]: 128.384995 129.744812
[3]: 129.326920 127.754906
[3]: 120.673088 128.174713
[3]: 128.321609 126.981331
[3]: 128.891006 126.556541
[3]: 125.635117 127.378685
[3]: 64.354279 127.772057
[3]: 128.957504 127.700470
[3]: 117.774368 85.036644
[3]: 124.986511 127.749672
[3]: 121.671371 127.251465
[2]: 127.894775 170.197922
[2]: 136.264862 127.961838
[2]: 137.254089 126.222809
[2]: 113.327965 85.235374
[2]: 139.689117 128.337677
[2]: 126.364342 126.504166
[2]: 130.981094 127.716652
[2]: 128.233978 126.886353
[2]: 143.741364 126.471138
[2]: 136.178146 129.591080
[2]: 114.198883 126.845757
[2]: 130.096924 127.861084
[2]: 122.856323 127.978325
[2]: 141.394409 126.475243
[2]: 131.694214 127.544380
[2]: 125.654327 127.062920
[2]: 135.343277 127.543228
[2]: 68.268845 64.095306
[2]: 129.859833 127.903221
[2]: 117.726288 124.732040
[2]: 129.149658 127.989288
[2]: 144.983566 127.264557
[2]: 140.783249 125.484604
[2]: 136.607025 124.369545
[2]: 122.202629 126.218765
[2]: 115.770721 126.691765
[2]: 127.232552 128.691833
[2]: 141.488953 128.162842
[2]: 117.123810 127.964920
[2]: 187.028641 126.964211
[2]: 115.487915 128.598969
[2]: 115.701958 84.711456
[2]: 126.823853 127.321831
[2]: 119.795769 126.908218
[1]: 124.435265 82.495361
[1]: 126.022057 127.911888
[1]: 136.218262 128.672104
[1]: 195.582352 170.281357
[1]: 128.496063 128.944305
[1]: 127.885963 126.253708
[1]: 126.182396 128.904984
[1]: 126.707695 125.762863
[1]: 139.348587 128.117630
[1]: 128.695145 127.079216
[1]: 120.969055 127.600166
[1]: 129.116302 126.379654
[1]: 129.162750 125.772980
[1]: 133.181931 127.524109
[1]: 133.151993 127.861740
[1]: 118.258011 63.433865
[1]: 134.611816 129.706329
[1]: 191.817841 131.333176
[1]: 132.786499 127.262154
[1]: 122.490532 128.753128
[1]: 125.744560 125.570709
[1]: 135.743011 128.705368
[1]: 140.021667 126.220772
[1]: 134.113419 127.857933
[1]: 129.365189 128.712708
[1]: 119.186768 126.964676
[1]: 122.164551 127.119637
[1]: 136.165558 128.766144
[1]: 127.482735 127.634651
[1]: 131.550781 128.550735
[1]: 119.676590 125.005028
[1]: 117.413986 167.960815
[1]: 126.122925 126.910469
[1]: 130.843796 127.694984
[0]: 124.891190 0.001142
[0]: 117.632103 0.001517
[0]: 117.247887 0.001423
[0]: 91.521843 0.001212
[0]: 115.437042 0.001369
[0]: 129.795883 0.001371
[0]: 121.578682 0.001376
[0]: 123.861870 0.001267
[0]: 103.972305 0.001254
[0]: 121.032570 0.001168
[0]: 151.454742 0.001872
[0]: 124.158813 0.001556
[0]: 131.248230 0.001495
[0]: 105.238052 0.001371
[0]: 117.011108 0.001266
[0]: 130.063766 0.001499
[0]: 116.268654 0.001360
[0]: 155.970764 0.001813
[0]: 124.307205 0.001687
[0]: 141.321823 0.001263
[0]: 127.129501 0.001272
[0]: 105.662453 0.001094
[0]: 105.882210 0.001306
[0]: 112.333275 0.001270
[0]: 126.447815 0.001415
[0]: 147.295670 0.001625
[0]: 128.576889 0.001618
[0]: 112.386185 0.001483
[0]: 138.924698 0.001583
[0]: 185.904358 0.001827
[0]: 143.981277 0.001427
[0]: 146.401062 0.001593
[0]: 127.767845 0.001317
[0]: 137.356873 0.001595
