[4]: 133.515823 132.432159
[4]: 126.272858 126.836334
[4]: 116.978111 117.904129
[4]: 173.100632 173.930054
[4]: 126.161522 124.594322
[4]: 126.321228 126.765602
[4]: 122.052338 122.387993
[4]: 127.837685 126.389420
[4]: 112.562210 111.252876
[4]: 123.045593 123.659187
[4]: 134.346527 133.923080
[4]: 128.742996 128.397034
[4]: 128.891922 127.930695
[4]: 122.636665 122.162163
[4]: 125.153122 123.592026
[4]: 134.022751 132.753708
[4]: 119.383789 118.670052
[4]: 67.135513 67.263580
[4]: 125.550713 125.855522
[4]: 131.143127 131.628586
[4]: 130.184280 130.921097
[4]: 113.872253 113.843704
[4]: 117.163429 117.078583
[4]: 122.393623 123.219727
[4]: 127.611290 128.845459
[4]: 136.965271 137.093811
[4]: 135.137268 133.075012
[4]: 117.543495 118.086906
[4]: 131.017120 129.906662
[4]: 73.464592 74.227898
[4]: 134.305130 133.324158
[4]: 139.367371 140.945679
[4]: 131.748154 131.868683
[4]: 129.257233 128.115768
[3]: 127.513222 129.667557
[3]: 129.414886 129.926086
[3]: 127.292244 127.448074
[3]: 60.703224 60.540619
[3]: 132.131409 131.771637
[3]: 127.492645 126.479179
[3]: 135.224976 135.141663
[3]: 129.651749 130.633560
[3]: 134.741791 135.352875
[3]: 126.285751 125.978561
[3]: 117.584557 119.108917
[3]: 126.788330 127.657806
[3]: 127.317818 128.203644
[3]: 132.335739 132.660767
[3]: 128.552963 129.234131
[3]: 131.011185 131.750046
[3]: 133.149094 132.714172
[3]: 157.763931 155.685638
[3]: 123.884857 124.603302
[3]: 123.360764 122.442459
[3]: 125.496010 124.990410
[3]: 137.106857 136.959061
[3]: 131.503052 132.554504
[3]: 130.141113 128.384995
[3]: 129.968002 129.326920
[3]: 120.803268 120.673088
[3]: 126.728798 128.321609
[3]: 129.404327 128.891006
[3]: 125.401520 125.635117
[3]: 64.673264 64.354279
[3]: 129.166779 128.957504
[3]: 120.503288 117.774368
[3]: 125.614990 124.986511
[3]: 122.021355 121.671371
[2]: 126.501396 127.894775
[2]: 137.236908 136.264862
[2]: 137.195923 137.254089
[2]: 111.818275 113.327965
[2]: 139.219360 139.689117
[2]: 126.579781 126.364342
[2]: 129.752884 130.981094
[2]: 127.963722 128.233978
[2]: 142.227570 143.741364
[2]: 137.493256 136.178146
[2]: 114.471497 114.198883
[2]: 128.942673 130.096924
[2]: 122.508255 122.856323
[2]: 140.448608 141.394409
[2]: 131.480743 131.694214
[2]: 125.240494 125.654327
[2]: 134.326447 135.343277
[2]: 67.547089 68.268845
[2]: 130.815094 129.859833
[2]: 117.074234 117.726288
[2]: 130.717651 129.149658
[2]: 144.972488 144.983566
[2]: 141.766998 140.783249
[2]: 138.295746 136.607025
[2]: 123.665497 122.202629
[2]: 115.155090 115.770721
[2]: 125.825928 127.232552
[2]: 140.664856 141.488953
[2]: 116.500916 117.123810
[2]: 185.804886 187.028641
[2]: 114.901123 115.487915
[2]: 117.054863 115.701958
[2]: 126.486725 126.823853
[2]: 119.470139 119.795769
[1]: 126.060204 124.435265
[1]: 126.426277 126.022057
[1]: 136.691711 136.218262
[1]: 196.110321 195.582352
[1]: 127.302086 128.496063
[1]: 127.462769 127.885963
[1]: 126.446190 126.182396
[1]: 127.001320 126.707695
[1]: 138.224304 139.348587
[1]: 129.150925 128.695145
[1]: 120.887970 120.969055
[1]: 130.052139 129.116302
[1]: 128.924850 129.162750
[1]: 133.437439 133.181931
[1]: 132.814667 133.151993
[1]: 118.187027 118.258011
[1]: 134.063461 134.611816
[1]: 190.869141 191.817841
[1]: 132.933517 132.786499
[1]: 123.357246 122.490532
[1]: 125.751762 125.744560
[1]: 136.374298 135.743011
[1]: 139.892303 140.021667
[1]: 133.374222 134.113419
[1]: 129.439682 129.365189
[1]: 119.735489 119.186768
[1]: 121.484001 122.164551
[1]: 135.541946 136.165558
[1]: 126.389015 127.482735
[1]: 132.292862 131.550781
[1]: 118.856438 119.676590
[1]: 116.240181 117.413986
[1]: 125.911209 126.122925
[1]: 129.232437 130.843796
[0]: 125.800034 124.891190
[0]: 117.287552 117.632103
[0]: 117.858452 117.247887
[0]: 92.461266 91.521843
[0]: 115.133400 115.437042
[0]: 129.404556 129.795883
[0]: 122.892937 121.578682
[0]: 123.340569 123.861870
[0]: 105.955307 103.972305
[0]: 119.398727 121.032570
[0]: 152.571503 151.454742
[0]: 124.920052 124.158813
[0]: 131.824997 131.248230
[0]: 105.709015 105.238052
[0]: 116.600929 117.011108
[0]: 130.112289 130.063766
[0]: 116.647339 116.268654
[0]: 155.461273 155.970764
[0]: 124.175858 124.307205
[0]: 140.651886 141.321823
[0]: 125.677788 127.129501
[0]: 104.673676 105.662453
[0]: 105.878098 105.882210
[0]: 110.202370 112.333275
[0]: 125.416656 126.447815
[0]: 147.455093 147.295670
[0]: 130.402161 128.576889
[0]: 113.873550 112.386185
[0]: 139.900574 138.924698
[0]: 186.800385 185.904358
[0]: 144.353088 143.981277
[0]: 145.066574 146.401062
[0]: 127.807587 127.767845
[0]: 137.868744 137.356873
