[4]: 133.452866 132.432159
[4]: 129.051666 126.836334
[4]: 123.403503 117.904129
[4]: 138.435944 173.930054
[4]: 127.757759 124.594322
[4]: 126.988441 126.765602
[4]: 127.813324 122.387993
[4]: 128.853424 126.389420
[4]: 124.881081 111.252876
[4]: 126.289436 123.659187
[4]: 121.823288 133.923080
[4]: 127.915825 128.397034
[4]: 126.918571 127.930695
[4]: 127.498726 122.162163
[4]: 130.821365 123.592026
[4]: 129.423752 132.753708
[4]: 122.661133 118.670052
[4]: 67.898010 67.263580
[4]: 126.729469 125.855522
[4]: 128.829544 131.628586
[4]: 126.874763 130.921097
[4]: 128.344299 113.843704
[4]: 125.810448 117.078583
[4]: 126.405540 123.219727
[4]: 128.749008 128.845459
[4]: 128.355606 137.093811
[4]: 131.396606 133.075012
[4]: 124.776154 118.086906
[4]: 127.195236 129.906662
[4]: 58.576256 74.227898
[4]: 128.326797 133.324158
[4]: 128.799011 140.945679
[4]: 128.484604 131.868683
[4]: 127.335037 128.115768
[3]: 128.682053 129.667557
[3]: 126.433037 129.926086
[3]: 128.109344 127.448074
[3]: 58.732132 60.540619
[3]: 130.903809 131.771637
[3]: 129.304276 126.479179
[3]: 127.415024 135.141663
[3]: 129.744843 130.633560
[3]: 128.343613 135.352875
[3]: 123.915756 125.978561
[3]: 126.883698 119.108917
[3]: 127.093948 127.657806
[3]: 126.722298 128.203644
[3]: 125.447533 132.660767
[3]: 125.850479 129.234131
[3]: 128.847794 131.750046
[3]: 128.167908 132.714172
[3]: 188.944504 155.685638
[3]: 126.044456 124.603302
[3]: 130.115860 122.442459
[3]: 126.978218 124.990410
[3]: 129.476913 136.959061
[3]: 126.360481 132.554504
[3]: 129.388260 128.384995
[3]: 129.116943 129.326920
[3]: 129.638687 120.673088
[3]: 125.043625 128.321609
[3]: 126.621254 128.891006
[3]: 129.184387 125.635117
[3]: 116.709717 64.354279
[3]: 130.689529 128.957504
[3]: 126.057098 117.774368
[3]: 127.391968 124.986511
[3]: 126.663795 121.671371
[2]: 122.667793 127.894775
[2]: 128.290710 136.264862
[2]: 127.532669 137.254089
[2]: 115.283714 113.327965
[2]: 127.786453 139.689117
[2]: 127.139763 126.364342
[2]: 126.704842 130.981094
[2]: 126.146049 128.233978
[2]: 126.790962 143.741364
[2]: 133.012527 136.178146
[2]: 132.589874 114.198883
[2]: 128.214890 130.096924
[2]: 129.805832 122.856323
[2]: 127.254669 141.394409
[2]: 123.050270 131.694214
[2]: 128.267960 125.654327
[2]: 129.777039 135.343277
[2]: 69.337425 68.268845
[2]: 127.207260 129.859833
[2]: 124.167854 117.726288
[2]: 131.464218 129.149658
[2]: 124.669189 144.983566
[2]: 128.275513 140.783249
[2]: 125.367676 136.607025
[2]: 122.971085 122.202629
[2]: 126.336342 115.770721
[2]: 126.723717 127.232552
[2]: 127.785118 141.488953
[2]: 126.423035 117.123810
[2]: 196.423920 187.028641
[2]: 128.337357 115.487915
[2]: 130.467972 115.701958
[2]: 126.168427 126.823853
[2]: 124.901741 119.795769
[1]: 126.815483 124.435265
[1]: 126.087700 126.022057
[1]: 130.514923 136.218262
[1]: 198.644684 195.582352
[1]: 126.254288 128.496063
[1]: 126.247620 127.885963
[1]: 127.496017 126.182396
[1]: 124.110092 126.707695
[1]: 128.478806 139.348587
[1]: 125.483269 128.695145
[1]: 128.895416 120.969055
[1]: 128.544235 129.116302
[1]: 127.916183 129.162750
[1]: 128.892105 133.181931
[1]: 128.740402 133.151993
[1]: 123.988930 118.258011
[1]: 130.293503 134.611816
[1]: 186.004913 191.817841
[1]: 130.193512 132.786499
[1]: 124.443405 122.490532
[1]: 124.934830 125.744560
[1]: 128.723129 135.743011
[1]: 130.071899 140.021667
[1]: 127.503853 134.113419
[1]: 128.276688 129.365189
[1]: 126.384506 119.186768
[1]: 128.231506 122.164551
[1]: 131.432465 136.165558
[1]: 127.833084 127.482735
[1]: 138.076172 131.550781
[1]: 124.779106 119.676590
[1]: 123.889717 117.413986
[1]: 127.957741 126.122925
[1]: 130.813995 130.843796
[0]: 411.142639 124.891190
[0]: 426.273560 117.632103
[0]: 445.532043 117.247887
[0]: 366.729156 91.521843
[0]: 405.511902 115.437042
[0]: 455.374664 129.795883
[0]: 442.640076 121.578682
[0]: 443.038513 123.861870
[0]: 369.983154 103.972305
[0]: 396.115845 121.032570
[0]: 575.308167 151.454742
[0]: 465.217560 124.158813
[0]: 472.599152 131.248230
[0]: 397.724945 105.238052
[0]: 376.576874 117.011108
[0]: 461.415283 130.063766
[0]: 408.344879 116.268654
[0]: 568.294617 155.970764
[0]: 442.402344 124.307205
[0]: 454.759552 141.321823
[0]: 418.297607 127.129501
[0]: 323.300629 105.662453
[0]: 400.551605 105.882210
[0]: 386.801971 112.333275
[0]: 434.414398 126.447815
[0]: 515.368042 147.295670
[0]: 497.487518 128.576889
[0]: 440.644897 112.386185
[0]: 512.337646 138.924698
[0]: 610.761353 185.904358
[0]: 495.417694 143.981277
[0]: 498.436951 146.401062
[0]: 415.224792 127.767845
[0]: 522.525146 137.356873
