[4]: 132.177948 132.432159
[4]: 126.233643 126.836334
[4]: 117.792549 117.904129
[4]: 175.228577 173.930054
[4]: 123.797607 124.594322
[4]: 126.663506 126.765602
[4]: 121.702591 122.387993
[4]: 126.121765 126.389420
[4]: 110.916054 111.252876
[4]: 124.180634 123.659187
[4]: 134.350739 133.923080
[4]: 129.384521 128.397034
[4]: 127.050713 127.930695
[4]: 122.119392 122.162163
[4]: 122.917084 123.592026
[4]: 131.639694 132.753708
[4]: 118.252548 118.670052
[4]: 67.206345 67.263580
[4]: 126.068916 125.855522
[4]: 132.082993 131.628586
[4]: 130.782578 130.921097
[4]: 113.866760 113.843704
[4]: 117.477409 117.078583
[4]: 124.108871 123.219727
[4]: 129.602020 128.845459
[4]: 135.410233 137.093811
[4]: 132.377411 133.075012
[4]: 117.850304 118.086906
[4]: 129.400269 129.906662
[4]: 75.731865 74.227898
[4]: 133.686996 133.324158
[4]: 141.946121 140.945679
[4]: 131.309830 131.868683
[4]: 126.261887 128.115768
[3]: 130.203720 129.667557
[3]: 129.963776 129.926086
[3]: 127.569183 127.448074
[3]: 60.953648 60.540619
[3]: 131.094193 131.771637
[3]: 126.543549 126.479179
[3]: 135.621460 135.141663
[3]: 130.463547 130.633560
[3]: 135.049469 135.352875
[3]: 125.423187 125.978561
[3]: 119.913445 119.108917
[3]: 127.497581 127.657806
[3]: 128.279144 128.203644
[3]: 132.824081 132.660767
[3]: 129.425369 129.234131
[3]: 132.245163 131.750046
[3]: 132.379868 132.714172
[3]: 155.488388 155.685638
[3]: 124.663918 124.603302
[3]: 122.405815 122.442459
[3]: 125.308350 124.990410
[3]: 136.182922 136.959061
[3]: 132.106186 132.554504
[3]: 128.337250 128.384995
[3]: 128.991043 129.326920
[3]: 121.601669 120.673088
[3]: 128.268616 128.321609
[3]: 129.301346 128.891006
[3]: 126.387192 125.635117
[3]: 63.448193 64.354279
[3]: 129.446014 128.957504
[3]: 116.941338 117.774368
[3]: 125.322922 124.986511
[3]: 122.551811 121.671371
[2]: 128.885239 127.894775
[2]: 135.455368 136.264862
[2]: 138.216339 137.254089
[2]: 111.006950 113.327965
[2]: 141.339005 139.689117
[2]: 126.955643 126.364342
[2]: 131.797974 130.981094
[2]: 128.973709 128.233978
[2]: 144.920639 143.741364
[2]: 135.820190 136.178146
[2]: 113.231598 114.198883
[2]: 128.475586 130.096924
[2]: 123.819069 122.856323
[2]: 141.165421 141.394409
[2]: 131.453201 131.694214
[2]: 126.635582 125.654327
[2]: 136.531921 135.343277
[2]: 68.771118 68.268845
[2]: 129.848801 129.859833
[2]: 117.647163 117.726288
[2]: 129.599213 129.149658
[2]: 145.097900 144.983566
[2]: 141.588913 140.783249
[2]: 134.877167 136.607025
[2]: 121.059540 122.202629
[2]: 117.128265 115.770721
[2]: 127.915207 127.232552
[2]: 142.627670 141.488953
[2]: 117.297531 117.123810
[2]: 185.963882 187.028641
[2]: 114.338211 115.487915
[2]: 115.568367 115.701958
[2]: 127.088310 126.823853
[2]: 122.051674 119.795769
[1]: 123.722733 124.435265
[1]: 126.694946 126.022057
[1]: 137.257858 136.218262
[1]: 195.448105 195.582352
[1]: 129.439728 128.496063
[1]: 127.859428 127.885963
[1]: 126.741516 126.182396
[1]: 126.769234 126.707695
[1]: 139.971664 139.348587
[1]: 127.922607 128.695145
[1]: 120.978653 120.969055
[1]: 129.275009 129.116302
[1]: 129.670334 129.162750
[1]: 133.612122 133.181931
[1]: 133.747498 133.151993
[1]: 118.513077 118.258011
[1]: 135.064651 134.611816
[1]: 191.521225 191.817841
[1]: 132.363342 132.786499
[1]: 121.822166 122.490532
[1]: 124.995033 125.744560
[1]: 135.979660 135.743011
[1]: 139.274078 140.021667
[1]: 134.041687 134.113419
[1]: 129.415359 129.365189
[1]: 120.409767 119.186768
[1]: 122.511528 122.164551
[1]: 135.871536 136.165558
[1]: 128.167038 127.482735
[1]: 132.512848 131.550781
[1]: 120.258247 119.676590
[1]: 117.454704 117.413986
[1]: 126.246140 126.122925
[1]: 131.296204 130.843796
[0]: 124.284805 124.891190
[0]: 118.334679 117.632103
[0]: 114.987785 117.247887
[0]: 91.687073 91.521843
[0]: 114.179123 115.437042
[0]: 129.241470 129.795883
[0]: 120.278442 121.578682
[0]: 123.459457 123.861870
[0]: 102.580528 103.972305
[0]: 122.302345 121.032570
[0]: 151.273193 151.454742
[0]: 124.806175 124.158813
[0]: 130.527481 131.248230
[0]: 104.748390 105.238052
[0]: 117.059677 117.011108
[0]: 129.428146 130.063766
[0]: 115.241722 116.268654
[0]: 155.920288 155.970764
[0]: 124.456184 124.307205
[0]: 141.776337 141.321823
[0]: 127.278702 127.129501
[0]: 105.996994 105.662453
[0]: 105.762489 105.882210
[0]: 113.265198 112.333275
[0]: 127.140854 126.447815
[0]: 145.403214 147.295670
[0]: 128.291260 128.576889
[0]: 111.207588 112.386185
[0]: 137.744949 138.924698
[0]: 185.977722 185.904358
[0]: 143.737976 143.981277
[0]: 146.446121 146.401062
[0]: 127.581223 127.767845
[0]: 135.499435 137.356873
