[4]: 133.560867 132.432159
[4]: 126.135117 126.836334
[4]: 117.106003 117.904129
[4]: 172.768051 173.930054
[4]: 126.421013 124.594322
[4]: 126.187561 126.765602
[4]: 122.108536 122.387993
[4]: 127.707222 126.389420
[4]: 113.363655 111.252876
[4]: 123.193893 123.659187
[4]: 134.801117 133.923080
[4]: 129.159958 128.397034
[4]: 129.115173 127.930695
[4]: 122.636261 122.162163
[4]: 125.104660 123.592026
[4]: 134.341278 132.753708
[4]: 120.210823 118.670052
[4]: 67.264221 67.263580
[4]: 125.243813 125.855522
[4]: 130.651840 131.628586
[4]: 129.995575 130.921097
[4]: 113.579308 113.843704
[4]: 117.221344 117.078583
[4]: 121.956963 123.219727
[4]: 127.675026 128.845459
[4]: 136.696701 137.093811
[4]: 135.509842 133.075012
[4]: 117.852386 118.086906
[4]: 130.722641 129.906662
[4]: 73.049438 74.227898
[4]: 134.568390 133.324158
[4]: 139.360489 140.945679
[4]: 132.111069 131.868683
[4]: 130.081085 128.115768
[3]: 126.835243 129.667557
[3]: 129.173645 129.926086
[3]: 127.155464 127.448074
[3]: 60.799892 60.540619
[3]: 132.153275 131.771637
[3]: 127.613983 126.479179
[3]: 135.091080 135.141663
[3]: 129.632553 130.633560
[3]: 134.279800 135.352875
[3]: 126.195427 125.978561
[3]: 117.115746 119.108917
[3]: 126.268402 127.657806
[3]: 127.185043 128.203644
[3]: 132.164291 132.660767
[3]: 128.773743 129.234131
[3]: 130.595795 131.750046
[3]: 132.996170 132.714172
[3]: 158.546478 155.685638
[3]: 124.004913 124.603302
[3]: 124.090378 122.442459
[3]: 125.680717 124.990410
[3]: 137.889099 136.959061
[3]: 131.688522 132.554504
[3]: 130.794266 128.384995
[3]: 130.137756 129.326920
[3]: 120.876610 120.673088
[3]: 126.079140 128.321609
[3]: 129.725204 128.891006
[3]: 125.535393 125.635117
[3]: 65.230316 64.354279
[3]: 129.107620 128.957504
[3]: 121.384842 117.774368
[3]: 125.640442 124.986511
[3]: 121.406776 121.671371
[2]: 126.527473 127.894775
[2]: 137.149887 136.264862
[2]: 136.392960 137.254089
[2]: 111.737099 113.327965
[2]: 138.579407 139.689117
[2]: 126.347404 126.364342
[2]: 129.278671 130.981094
[2]: 127.957626 128.233978
[2]: 141.250397 143.741364
[2]: 137.685806 136.178146
[2]: 114.025085 114.198883
[2]: 128.367630 130.096924
[2]: 122.405380 122.856323
[2]: 140.301682 141.394409
[2]: 131.581390 131.694214
[2]: 125.364685 125.654327
[2]: 133.762665 135.343277
[2]: 67.176331 68.268845
[2]: 131.007172 129.859833
[2]: 117.210815 117.726288
[2]: 130.971573 129.149658
[2]: 145.231995 144.983566
[2]: 141.673935 140.783249
[2]: 138.069366 136.607025
[2]: 123.782890 122.202629
[2]: 115.964561 115.770721
[2]: 125.390572 127.232552
[2]: 140.769516 141.488953
[2]: 116.657295 117.123810
[2]: 185.890808 187.028641
[2]: 115.393677 115.487915
[2]: 116.550415 115.701958
[2]: 126.356247 126.823853
[2]: 118.524368 119.795769
[1]: 126.565979 124.435265
[1]: 126.744385 126.022057
[1]: 137.125275 136.218262
[1]: 196.283188 195.582352
[1]: 127.193398 128.496063
[1]: 127.810097 127.885963
[1]: 126.626793 126.182396
[1]: 126.516968 126.707695
[1]: 138.399841 139.348587
[1]: 128.740891 128.695145
[1]: 120.707886 120.969055
[1]: 130.221054 129.116302
[1]: 128.573898 129.162750
[1]: 133.564117 133.181931
[1]: 132.701279 133.151993
[1]: 118.371338 118.258011
[1]: 134.062057 134.611816
[1]: 190.578873 191.817841
[1]: 133.102219 132.786499
[1]: 123.386406 122.490532
[1]: 126.044426 125.744560
[1]: 136.653442 135.743011
[1]: 139.857941 140.021667
[1]: 133.620346 134.113419
[1]: 128.979813 129.365189
[1]: 119.456078 119.186768
[1]: 121.560387 122.164551
[1]: 135.105637 136.165558
[1]: 126.368309 127.482735
[1]: 132.673325 131.550781
[1]: 118.576233 119.676590
[1]: 115.882874 117.413986
[1]: 125.738564 126.122925
[1]: 129.259415 130.843796
[0]: 125.885666 124.891190
[0]: 117.390961 117.632103
[0]: 118.263191 117.247887
[0]: 92.744293 91.521843
[0]: 115.570641 115.437042
[0]: 129.293411 129.795883
[0]: 123.264229 121.578682
[0]: 124.023933 123.861870
[0]: 106.407578 103.972305
[0]: 119.560226 121.032570
[0]: 153.372452 151.454742
[0]: 125.468620 124.158813
[0]: 132.251572 131.248230
[0]: 105.838310 105.238052
[0]: 116.400520 117.011108
[0]: 129.846405 130.063766
[0]: 116.503830 116.268654
[0]: 155.613953 155.970764
[0]: 123.995522 124.307205
[0]: 140.252258 141.321823
[0]: 125.063019 127.129501
[0]: 103.470169 105.662453
[0]: 105.703400 105.882210
[0]: 109.875244 112.333275
[0]: 125.539215 126.447815
[0]: 147.160141 147.295670
[0]: 131.077576 128.576889
[0]: 113.530777 112.386185
[0]: 139.979416 138.924698
[0]: 186.571854 185.904358
[0]: 143.941620 143.981277
[0]: 145.075760 146.401062
[0]: 127.708740 127.767845
[0]: 138.704346 137.356873
