[19]: 1964  6 25 12  9 ISAAC       7.1   5.8  132  283 1962  1 15  0 20 OSCAR       7.2   4.7   94  108
[17]: 2003  3 16  0 15 BERYL      35.0  80.2  105  391 1990 11 26  6 15 TONY        7.2   5.6  132  735
[15]: 1976  8  7  6 14 BERYL       7.2   4.6   90   20 1964  6 25 12  9 ISAAC       7.1   5.8  132  283
[10]: 1978 12 14  0  5 JOYCE       7.1   4.3   43  618 2003 10 15 18  7 GORDON      7.0   5.5   96  195
[9]: 1975  9 11  6 10 ALBERTO     7.2   5.5   37  230 1978 12 14  0  5 JOYCE       7.1   4.3   43  618
[8]: 1999  8 27  6 15 FLORENCE    7.1   5.2  125  119 1976  8  7  6 14 BERYL       7.2   4.6   90   20
[7]: 1962  1 15  0 20 OSCAR       7.2   4.7   94  108 1975  9 11  6 10 ALBERTO     7.2   5.5   37  230
[6]: 1999  8 27  6 15 FLORENCE    7.1   5.2  125  119 1990 11 26  6 15 TONY        7.2   5.6  132  735
[4]: 1990 11 26  6 15 TONY        7.2   5.6  132  735 1975  9 11  6 10 ALBERTO     7.2   5.5   37  230
[2]: 1975  9 11  6 10 ALBERTO     7.2   5.5   37  230 1999  8 27  6 15 FLORENCE    7.1   5.2  125  119
[1]: 2003 10 15 18  7 GORDON      7.0   5.5   96  195 1999  8 27  6 15 FLORENCE    7.1   5.2  125  119
