[4]: 132.432159 109.067841
[4]: 126.836334 131.258118
[4]: 117.904129 122.780922
[4]: 173.930054 200.748825
[4]: 124.594322 130.166977
[4]: 126.765602 127.449631
[4]: 122.387993 124.285324
[4]: 126.389420 128.435410
[4]: 111.252876 125.989151
[4]: 123.659187 130.176849
[4]: 133.923080 129.459595
[4]: 128.397034 129.841385
[4]: 127.930695 125.304527
[4]: 122.162163 129.198105
[4]: 123.592026 125.360985
[4]: 132.753708 130.887253
[4]: 118.670052 125.756111
[4]: 67.263580 60.947186
[4]: 125.855522 125.567352
[4]: 131.628586 129.677780
[4]: 130.921097 130.510452
[4]: 113.843704 126.817192
[4]: 117.078583 127.934029
[4]: 123.219727 126.515335
[4]: 128.845459 126.107140
[4]: 137.093811 124.844315
[4]: 133.075012 128.819595
[4]: 118.086906 128.095047
[4]: 129.906662 125.586998
[4]: 74.227898 129.131409
[4]: 133.324158 126.347115
[4]: 140.945679 161.816833
[4]: 131.868683 126.664886
[4]: 128.115768 125.004265
[3]: 129.667557 170.402161
[3]: 129.926086 126.361221
[3]: 127.448074 124.902290
[3]: 60.540619 86.011406
[3]: 131.771637 128.796768
[3]: 126.479179 126.914337
[3]: 135.141663 128.164474
[3]: 130.633560 127.970978
[3]: 135.352875 127.197205
[3]: 125.978561 125.232254
[3]: 119.108917 126.174271
[3]: 127.657806 128.612885
[3]: 128.203644 127.616737
[3]: 132.660767 127.074387
[3]: 129.234131 127.162926
[3]: 131.750046 129.543823
[3]: 132.714172 126.596169
[3]: 155.685638 127.098221
[3]: 124.603302 126.412674
[3]: 122.442459 126.715469
[3]: 124.990410 126.487633
[3]: 136.959061 127.318039
[3]: 132.554504 127.020630
[3]: 128.384995 126.714508
[3]: 129.326920 128.030563
[3]: 120.673088 125.761536
[3]: 128.321609 128.876923
[3]: 128.891006 127.212006
[3]: 125.635117 128.527878
[3]: 64.354279 63.108536
[3]: 128.957504 128.853851
[3]: 117.774368 84.138969
[3]: 124.986511 127.805740
[3]: 121.671371 125.966621
[2]: 127.894775 168.667740
[2]: 136.264862 128.612244
[2]: 137.254089 128.746506
[2]: 113.327965 81.960129
[2]: 139.689117 127.585434
[2]: 126.364342 128.282730
[2]: 130.981094 127.051834
[2]: 128.233978 127.603355
[2]: 143.741364 126.577438
[2]: 136.178146 128.857101
[2]: 114.198883 127.779793
[2]: 130.096924 128.008774
[2]: 122.856323 128.498337
[2]: 141.394409 127.922119
[2]: 131.694214 127.442848
[2]: 125.654327 126.528732
[2]: 135.343277 128.801102
[2]: 68.268845 129.209137
[2]: 129.859833 128.758926
[2]: 117.726288 126.838478
[2]: 129.149658 129.214386
[2]: 144.983566 127.817932
[2]: 140.783249 128.004349
[2]: 136.607025 127.573982
[2]: 122.202629 125.977921
[2]: 115.770721 129.185135
[2]: 127.232552 126.699921
[2]: 141.488953 127.533661
[2]: 117.123810 126.851402
[2]: 187.028641 191.464233
[2]: 115.487915 127.479263
[2]: 115.701958 86.458336
[2]: 126.823853 127.152435
[2]: 119.795769 128.047424
[1]: 124.435265 95.655510
[1]: 126.022057 124.818428
[1]: 136.218262 133.415466
[1]: 195.582352 203.051239
[1]: 128.496063 127.912964
[1]: 127.885963 127.465546
[1]: 126.182396 128.353958
[1]: 126.707695 125.148369
[1]: 139.348587 129.039276
[1]: 128.695145 125.046776
[1]: 120.969055 125.416618
[1]: 129.116302 126.343422
[1]: 129.162750 129.709244
[1]: 133.181931 126.301193
[1]: 133.151993 128.486069
[1]: 118.258011 123.413406
[1]: 134.611816 131.937515
[1]: 191.817841 192.515350
[1]: 132.786499 129.926620
[1]: 122.490532 122.782715
[1]: 125.744560 124.211212
[1]: 135.743011 127.650955
[1]: 140.021667 129.174438
[1]: 134.113419 128.698532
[1]: 129.365189 128.237549
[1]: 119.186768 126.918137
[1]: 122.164551 125.807091
[1]: 136.165558 128.457245
[1]: 127.482735 128.568741
[1]: 131.550781 126.779411
[1]: 119.676590 127.950363
[1]: 117.413986 145.744415
[1]: 126.122925 129.777542
[1]: 130.843796 131.849319
[0]: 124.891190 45.412613
[0]: 117.632103 125.954750
[0]: 117.247887 127.542252
[0]: 91.521843 92.407280
[0]: 115.437042 125.956673
[0]: 129.795883 126.715553
[0]: 121.578682 129.113297
[0]: 123.861870 126.310875
[0]: 103.972305 126.939774
[0]: 121.032570 126.599861
[0]: 151.454742 129.850861
[0]: 124.158813 126.234093
[0]: 131.248230 127.948280
[0]: 105.238052 125.217079
[0]: 117.011108 126.876038
[0]: 130.063766 127.501869
[0]: 116.268654 124.932289
[0]: 155.970764 129.473404
[0]: 124.307205 126.820572
[0]: 141.321823 128.980148
[0]: 127.129501 127.134056
[0]: 105.662453 130.039581
[0]: 105.882210 125.640694
[0]: 112.333275 126.103775
[0]: 126.447815 128.466599
[0]: 147.295670 133.003738
[0]: 128.576889 129.402634
[0]: 112.386185 126.977318
[0]: 138.924698 129.024048
[0]: 185.904358 126.927299
[0]: 143.981277 129.896896
[0]: 146.401062 208.754898
[0]: 127.767845 125.729050
[0]: 137.356873 126.294998
