[4]: 134.661194 132.432159
[4]: 121.562637 126.836334
[4]: 127.147415 117.904129
[4]: 175.654465 173.930054
[4]: 126.895790 124.594322
[4]: 128.959900 126.765602
[4]: 124.982506 122.387993
[4]: 127.671646 126.389420
[4]: 127.748299 111.252876
[4]: 130.741562 123.659187
[4]: 132.643082 133.923080
[4]: 124.463066 128.397034
[4]: 125.948975 127.930695
[4]: 125.341049 122.162163
[4]: 121.382004 123.592026
[4]: 190.772369 132.753708
[4]: 119.712296 118.670052
[4]: 78.978554 67.263580
[4]: 129.707489 125.855522
[4]: 127.535149 131.628586
[4]: 130.939529 130.921097
[4]: 96.745125 113.843704
[4]: 131.341675 117.078583
[4]: 126.766876 123.219727
[4]: 125.650589 128.845459
[4]: 126.566742 137.093811
[4]: 129.434738 133.075012
[4]: 128.134323 118.086906
[4]: 125.354828 129.906662
[4]: 130.870010 74.227898
[4]: 135.269043 133.324158
[4]: 131.434113 140.945679
[4]: 131.479019 131.868683
[4]: 127.205711 128.115768
[3]: 127.839432 129.667557
[3]: 127.982269 129.926086
[3]: 124.087845 127.448074
[3]: 70.940781 60.540619
[3]: 128.356522 131.771637
[3]: 124.425407 126.479179
[3]: 132.608673 135.141663
[3]: 124.753540 130.633560
[3]: 126.420364 135.352875
[3]: 123.464859 125.978561
[3]: 124.296486 119.108917
[3]: 127.389862 127.657806
[3]: 133.452255 128.203644
[3]: 129.422638 132.660767
[3]: 125.940620 129.234131
[3]: 184.629501 131.750046
[3]: 133.482346 132.714172
[3]: 187.047821 155.685638
[3]: 124.381325 124.603302
[3]: 127.079391 122.442459
[3]: 125.518951 124.990410
[3]: 124.823738 136.959061
[3]: 126.102409 132.554504
[3]: 135.847733 128.384995
[3]: 129.668137 129.326920
[3]: 124.608261 120.673088
[3]: 127.039124 128.321609
[3]: 122.127625 128.891006
[3]: 130.605988 125.635117
[3]: 125.462257 64.354279
[3]: 124.895477 128.957504
[3]: 129.965759 117.774368
[3]: 121.942574 124.986511
[3]: 126.662521 121.671371
[2]: 118.960129 127.894775
[2]: 126.957344 136.264862
[2]: 125.640282 137.254089
[2]: 68.698814 113.327965
[2]: 126.770531 139.689117
[2]: 127.772247 126.364342
[2]: 124.121002 130.981094
[2]: 130.356201 128.233978
[2]: 131.965866 143.741364
[2]: 134.347763 136.178146
[2]: 131.252319 114.198883
[2]: 127.861397 130.096924
[2]: 123.354729 122.856323
[2]: 123.203682 141.394409
[2]: 126.788208 131.694214
[2]: 101.654198 125.654327
[2]: 127.142693 135.343277
[2]: 69.782974 68.268845
[2]: 126.810806 129.859833
[2]: 126.456078 117.726288
[2]: 130.056976 129.149658
[2]: 175.200897 144.983566
[2]: 124.966927 140.783249
[2]: 123.061729 136.607025
[2]: 123.545151 122.202629
[2]: 135.843475 115.770721
[2]: 126.424072 127.232552
[2]: 131.315018 141.488953
[2]: 128.119110 117.123810
[2]: 128.955963 187.028641
[2]: 125.272041 115.487915
[2]: 134.804749 115.701958
[2]: 126.474091 126.823853
[2]: 123.046173 119.795769
[1]: 134.385513 124.435265
[1]: 133.704910 126.022057
[1]: 131.151642 136.218262
[1]: 188.191467 195.582352
[1]: 130.769836 128.496063
[1]: 129.191635 127.885963
[1]: 128.586166 126.182396
[1]: 124.727028 126.707695
[1]: 127.818504 139.348587
[1]: 124.749718 128.695145
[1]: 121.615044 120.969055
[1]: 130.795502 129.116302
[1]: 130.069748 129.162750
[1]: 132.510620 133.181931
[1]: 132.907166 133.151993
[1]: 99.084793 118.258011
[1]: 133.283112 134.611816
[1]: 163.014236 191.817841
[1]: 125.161629 132.786499
[1]: 123.578598 122.490532
[1]: 126.641998 125.744560
[1]: 190.303055 135.743011
[1]: 133.452698 140.021667
[1]: 128.129608 134.113419
[1]: 132.063629 129.365189
[1]: 128.893890 119.186768
[1]: 125.801689 122.164551
[1]: 128.420593 136.165558
[1]: 127.349960 127.482735
[1]: 124.579407 131.550781
[1]: 122.633873 119.676590
[1]: 115.649315 117.413986
[1]: 134.306671 126.122925
[1]: 129.026871 130.843796
[0]: 123.322182 124.891190
[0]: 127.378967 117.632103
[0]: 128.790985 117.247887
[0]: 130.569946 91.521843
[0]: 128.142899 115.437042
[0]: 126.694267 129.795883
[0]: 126.589485 121.578682
[0]: 128.590271 123.861870
[0]: 121.784340 103.972305
[0]: 122.658600 121.032570
[0]: 127.767342 151.454742
[0]: 129.298141 124.158813
[0]: 126.470222 131.248230
[0]: 125.913559 105.238052
[0]: 128.686829 117.011108
[0]: 60.943218 130.063766
[0]: 125.380547 116.268654
[0]: 141.403641 155.970764
[0]: 131.412262 124.307205
[0]: 129.740448 141.321823
[0]: 124.664139 127.129501
[0]: 55.167419 105.662453
[0]: 122.134758 105.882210
[0]: 122.135551 112.333275
[0]: 125.477898 126.447815
[0]: 122.731438 147.295670
[0]: 130.392166 128.576889
[0]: 128.184021 112.386185
[0]: 126.995964 138.924698
[0]: 127.480507 185.904358
[0]: 131.722580 143.981277
[0]: 124.780624 146.401062
[0]: 123.126846 127.767845
[0]: 130.993042 137.356873
