[19]: 1990  6  5  6  7 CHRIS       7.2   2.3  128  747 1956  3  8 12  9 PATTY       7.2   3.0   40  779
[18]: 1993  3 22  6 20 SANDY       7.0   3.5  140  856 1956  3  8 12  9 PATTY       7.2   3.0   40  779
[17]: 1959  5 28  0 18 NADINE      7.1   1.9  130  805 1956  3  8 12  9 PATTY       7.2   3.0   40  779
[16]: 1956  3  8 12  9 PATTY       7.2   3.0   40  779 1960 12 17 12 18 ALBERTO     7.4   2.1  103  249
[15]: 1993  3 22  6 20 SANDY       7.0   3.5  140  856 2000  6  8  6  8 OSCAR       7.1   2.0   77  861
[14]: 1956  3  8 12  9 PATTY       7.2   3.0   40  779 2000  6  8  6  8 OSCAR       7.1   2.0   77  861
[13]: 1990  6  5  6  7 CHRIS       7.2   2.3  128  747 1951 12  3 18 26 OSCAR       7.1   1.9  108  643
[12]: 1956  3  8 12  9 PATTY       7.2   3.0   40  779 1985  2  1  0 15 TONY        8.6   3.3  164  492
[11]: 1995 12 10  0 24 ISAAC       7.0   1.7  120  155 1964  1 25 12 27 BERYL       7.3   3.0   46  865
[10]: 2000  6  8  6  8 OSCAR       7.1   2.0   77  861 2004  4  5 12  7 HELENE      7.2   2.0   44  843
[9]: 1959  5 28  0 18 NADINE      7.1   1.9  130  805 1993  3 22  6 20 SANDY       7.0   3.5  140  856
[8]: 2000  6  8  6  8 OSCAR       7.1   2.0   77  861 1987  3 21  6 17 CHRIS       7.2   3.3   99  677
[7]: 1951 12  3 18 26 OSCAR       7.1   1.9  108  643 1994  9  1 18 14 GORDON      7.1   3.5  114  335
[3]: 1973 10 26 12  9 ALBERTO     7.0   3.2  117  476 1993  3 22  6 20 SANDY       7.0   3.5  140  856
[2]: 2000  6  8  6  8 OSCAR       7.1   2.0   77  861 2004 12 28  0  1 PATTY       7.1   6.1   94  198
[1]: 1959  5 28  0 18 NADINE      7.1   1.9  130  805 1973 10 26 12  9 ALBERTO     7.0   3.2  117  476
[0]: 1990  6  5  6  7 CHRIS       7.2   2.3  128  747 2000  6  8  6  8 OSCAR       7.1   2.0   77  861
