[4]: 133.512985 132.432159
[4]: 125.999214 126.836334
[4]: 116.972618 117.904129
[4]: 172.853760 173.930054
[4]: 126.534843 124.594322
[4]: 126.411491 126.765602
[4]: 122.144821 122.387993
[4]: 128.017212 126.389420
[4]: 113.509590 111.252876
[4]: 123.156105 123.659187
[4]: 135.057846 133.923080
[4]: 129.032440 128.397034
[4]: 129.207870 127.930695
[4]: 122.903557 122.162163
[4]: 125.073471 123.592026
[4]: 134.293900 132.753708
[4]: 120.312447 118.670052
[4]: 67.384346 67.263580
[4]: 125.114517 125.855522
[4]: 130.988800 131.628586
[4]: 130.161789 130.921097
[4]: 113.506981 113.843704
[4]: 117.262253 117.078583
[4]: 122.262177 123.219727
[4]: 127.870651 128.845459
[4]: 136.907578 137.093811
[4]: 135.657166 133.075012
[4]: 118.086655 118.086906
[4]: 130.578415 129.906662
[4]: 73.162735 74.227898
[4]: 134.321991 133.324158
[4]: 139.369263 140.945679
[4]: 132.234558 131.868683
[4]: 130.221848 128.115768
[3]: 126.877113 129.667557
[3]: 129.178741 129.926086
[3]: 127.201973 127.448074
[3]: 60.807884 60.540619
[3]: 132.058670 131.771637
[3]: 127.455803 126.479179
[3]: 135.337448 135.141663
[3]: 129.587524 130.633560
[3]: 134.312424 135.352875
[3]: 126.073845 125.978561
[3]: 117.131729 119.108917
[3]: 126.240616 127.657806
[3]: 127.292473 128.203644
[3]: 132.239365 132.660767
[3]: 128.887360 129.234131
[3]: 130.675613 131.750046
[3]: 132.925613 132.714172
[3]: 158.349503 155.685638
[3]: 124.074471 124.603302
[3]: 124.044823 122.442459
[3]: 125.777611 124.990410
[3]: 137.934372 136.959061
[3]: 131.613266 132.554504
[3]: 130.477158 128.384995
[3]: 130.109283 129.326920
[3]: 120.779175 120.673088
[3]: 125.795288 128.321609
[3]: 129.753677 128.891006
[3]: 125.886574 125.635117
[3]: 65.015877 64.354279
[3]: 129.151123 128.957504
[3]: 121.444466 117.774368
[3]: 125.551865 124.986511
[3]: 121.267288 121.671371
[2]: 126.401672 127.894775
[2]: 137.354599 136.264862
[2]: 136.501953 137.254089
[2]: 111.791161 113.327965
[2]: 138.307281 139.689117
[2]: 126.246910 126.364342
[2]: 129.453690 130.981094
[2]: 127.860054 128.233978
[2]: 141.387497 143.741364
[2]: 137.704666 136.178146
[2]: 113.920990 114.198883
[2]: 128.500916 130.096924
[2]: 122.419037 122.856323
[2]: 140.247238 141.394409
[2]: 131.728317 131.694214
[2]: 125.418396 125.654327
[2]: 133.724655 135.343277
[2]: 67.185905 68.268845
[2]: 131.024139 129.859833
[2]: 117.102829 117.726288
[2]: 130.782562 129.149658
[2]: 145.187012 144.983566
[2]: 141.469925 140.783249
[2]: 137.995773 136.607025
[2]: 123.705536 122.202629
[2]: 115.960335 115.770721
[2]: 125.201118 127.232552
[2]: 140.716202 141.488953
[2]: 116.916527 117.123810
[2]: 185.867065 187.028641
[2]: 115.515335 115.487915
[2]: 116.297249 115.701958
[2]: 126.332855 126.823853
[2]: 118.314857 119.795769
[1]: 126.588348 124.435265
[1]: 126.686478 126.022057
[1]: 137.380569 136.218262
[1]: 196.196121 195.582352
[1]: 127.253845 128.496063
[1]: 127.541801 127.885963
[1]: 126.450584 126.182396
[1]: 126.049339 126.707695
[1]: 138.439941 139.348587
[1]: 128.547943 128.695145
[1]: 120.785240 120.969055
[1]: 130.154861 129.116302
[1]: 128.460144 129.162750
[1]: 133.456482 133.181931
[1]: 132.449646 133.151993
[1]: 118.353539 118.258011
[1]: 134.100006 134.611816
[1]: 190.676071 191.817841
[1]: 133.224472 132.786499
[1]: 123.165421 122.490532
[1]: 126.154312 125.744560
[1]: 136.749100 135.743011
[1]: 139.763947 140.021667
[1]: 133.751907 134.113419
[1]: 128.924011 129.365189
[1]: 119.366356 119.186768
[1]: 121.411186 122.164551
[1]: 135.163940 136.165558
[1]: 126.074280 127.482735
[1]: 132.825333 131.550781
[1]: 118.992851 119.676590
[1]: 115.925095 117.413986
[1]: 125.550270 126.122925
[1]: 129.253296 130.843796
[0]: 125.985886 124.891190
[0]: 117.389069 117.632103
[0]: 117.991821 117.247887
[0]: 92.439934 91.521843
[0]: 115.798019 115.437042
[0]: 129.631927 129.795883
[0]: 122.994148 121.578682
[0]: 124.364716 123.861870
[0]: 106.088379 103.972305
[0]: 119.941223 121.032570
[0]: 153.041733 151.454742
[0]: 125.562309 124.158813
[0]: 132.136581 131.248230
[0]: 105.679520 105.238052
[0]: 116.446213 117.011108
[0]: 129.756882 130.063766
[0]: 116.510330 116.268654
[0]: 155.824524 155.970764
[0]: 123.907570 124.307205
[0]: 140.271606 141.321823
[0]: 124.847420 127.129501
[0]: 103.519539 105.662453
[0]: 106.119019 105.882210
[0]: 109.858780 112.333275
[0]: 125.509895 126.447815
[0]: 147.088120 147.295670
[0]: 131.570648 128.576889
[0]: 113.277885 112.386185
[0]: 139.775909 138.924698
[0]: 186.508514 185.904358
[0]: 143.543381 143.981277
[0]: 145.167984 146.401062
[0]: 127.887863 127.767845
[0]: 138.910751 137.356873
