[4]: 133.609650 132.432159
[4]: 126.237961 126.836334
[4]: 116.806160 117.904129
[4]: 172.802856 173.930054
[4]: 126.710030 124.594322
[4]: 126.471275 126.765602
[4]: 122.220947 122.387993
[4]: 128.088257 126.389420
[4]: 113.641403 111.252876
[4]: 123.336304 123.659187
[4]: 135.085022 133.923080
[4]: 128.756287 128.397034
[4]: 129.197861 127.930695
[4]: 122.851471 122.162163
[4]: 125.024109 123.592026
[4]: 134.256409 132.753708
[4]: 120.310768 118.670052
[4]: 67.503586 67.263580
[4]: 125.166656 125.855522
[4]: 130.916550 131.628586
[4]: 129.964462 130.921097
[4]: 113.565910 113.843704
[4]: 117.124733 117.078583
[4]: 122.087860 123.219727
[4]: 127.844772 128.845459
[4]: 136.930969 137.093811
[4]: 135.500595 133.075012
[4]: 118.232132 118.086906
[4]: 130.628403 129.906662
[4]: 72.973289 74.227898
[4]: 134.052872 133.324158
[4]: 139.174301 140.945679
[4]: 132.067764 131.868683
[4]: 130.218979 128.115768
[3]: 126.908768 129.667557
[3]: 128.992355 129.926086
[3]: 127.285400 127.448074
[3]: 60.990253 60.540619
[3]: 131.910172 131.771637
[3]: 127.594742 126.479179
[3]: 135.174362 135.141663
[3]: 129.782211 130.633560
[3]: 134.505142 135.352875
[3]: 126.060196 125.978561
[3]: 117.303490 119.108917
[3]: 126.252029 127.657806
[3]: 127.214828 128.203644
[3]: 132.057388 132.660767
[3]: 128.705872 129.234131
[3]: 130.451492 131.750046
[3]: 132.928650 132.714172
[3]: 158.766922 155.685638
[3]: 124.099030 124.603302
[3]: 124.109406 122.442459
[3]: 126.028694 124.990410
[3]: 137.979889 136.959061
[3]: 131.940964 132.554504
[3]: 130.502182 128.384995
[3]: 130.236511 129.326920
[3]: 121.067917 120.673088
[3]: 125.938942 128.321609
[3]: 129.506622 128.891006
[3]: 125.538521 125.635117
[3]: 65.139114 64.354279
[3]: 129.240646 128.957504
[3]: 121.340614 117.774368
[3]: 125.691597 124.986511
[3]: 121.550919 121.671371
[2]: 126.756218 127.894775
[2]: 137.085220 136.264862
[2]: 136.590714 137.254089
[2]: 111.431046 113.327965
[2]: 138.118378 139.689117
[2]: 126.511955 126.364342
[2]: 129.005417 130.981094
[2]: 128.310822 128.233978
[2]: 141.513229 143.741364
[2]: 138.005661 136.178146
[2]: 113.894852 114.198883
[2]: 128.325012 130.096924
[2]: 122.352997 122.856323
[2]: 140.228790 141.394409
[2]: 131.594223 131.694214
[2]: 125.618385 125.654327
[2]: 133.563858 135.343277
[2]: 67.125641 68.268845
[2]: 130.863037 129.859833
[2]: 117.482140 117.726288
[2]: 131.129700 129.149658
[2]: 145.506058 144.983566
[2]: 142.071182 140.783249
[2]: 137.815536 136.607025
[2]: 123.659439 122.202629
[2]: 115.940208 115.770721
[2]: 125.199615 127.232552
[2]: 140.330841 141.488953
[2]: 116.746651 117.123810
[2]: 185.771210 187.028641
[2]: 115.751038 115.487915
[2]: 116.386398 115.701958
[2]: 126.058517 126.823853
[2]: 118.722496 119.795769
[1]: 126.373093 124.435265
[1]: 126.939629 126.022057
[1]: 137.412552 136.218262
[1]: 196.391891 195.582352
[1]: 127.525742 128.496063
[1]: 127.225822 127.885963
[1]: 126.582451 126.182396
[1]: 125.759438 126.707695
[1]: 137.833237 139.348587
[1]: 128.400620 128.695145
[1]: 120.300392 120.969055
[1]: 130.487137 129.116302
[1]: 128.523788 129.162750
[1]: 133.654449 133.181931
[1]: 132.815750 133.151993
[1]: 118.281670 118.258011
[1]: 134.136032 134.611816
[1]: 190.579956 191.817841
[1]: 133.351791 132.786499
[1]: 123.013107 122.490532
[1]: 125.648048 125.744560
[1]: 136.662018 135.743011
[1]: 139.552032 140.021667
[1]: 133.931900 134.113419
[1]: 128.826294 129.365189
[1]: 118.953117 119.186768
[1]: 121.631279 122.164551
[1]: 135.559052 136.165558
[1]: 126.378006 127.482735
[1]: 133.258041 131.550781
[1]: 118.740875 119.676590
[1]: 115.979248 117.413986
[1]: 125.784866 126.122925
[1]: 128.910065 130.843796
[0]: 125.687119 124.891190
[0]: 117.349022 117.632103
[0]: 118.021423 117.247887
[0]: 92.902245 91.521843
[0]: 115.670685 115.437042
[0]: 129.476639 129.795883
[0]: 123.409348 121.578682
[0]: 123.891830 123.861870
[0]: 106.328026 103.972305
[0]: 119.624298 121.032570
[0]: 153.364334 151.454742
[0]: 125.688843 124.158813
[0]: 132.230957 131.248230
[0]: 105.769897 105.238052
[0]: 116.466911 117.011108
[0]: 129.844421 130.063766
[0]: 116.671539 116.268654
[0]: 155.614319 155.970764
[0]: 123.901131 124.307205
[0]: 140.014114 141.321823
[0]: 124.968506 127.129501
[0]: 103.203423 105.662453
[0]: 105.563637 105.882210
[0]: 110.054642 112.333275
[0]: 125.548401 126.447815
[0]: 147.180878 147.295670
[0]: 131.305054 128.576889
[0]: 113.426903 112.386185
[0]: 139.936752 138.924698
[0]: 186.587219 185.904358
[0]: 143.695297 143.981277
[0]: 145.278030 146.401062
[0]: 127.942177 127.767845
[0]: 138.554169 137.356873
