[4]: 89.140450 132.432159
[4]: 128.869385 126.836334
[4]: 126.247665 117.904129
[4]: 174.673721 173.930054
[4]: 130.069550 124.594322
[4]: 128.864120 126.765602
[4]: 127.318283 122.387993
[4]: 128.400024 126.389420
[4]: 129.558807 111.252876
[4]: 129.842712 123.659187
[4]: 127.054642 133.923080
[4]: 129.679214 128.397034
[4]: 126.494400 127.930695
[4]: 131.413300 122.162163
[4]: 126.843498 123.592026
[4]: 131.330475 132.753708
[4]: 126.518723 118.670052
[4]: 61.188171 67.263580
[4]: 125.091301 125.855522
[4]: 127.201866 131.628586
[4]: 130.151871 130.921097
[4]: 129.681000 113.843704
[4]: 129.426071 117.078583
[4]: 130.612305 123.219727
[4]: 127.415009 128.845459
[4]: 125.898636 137.093811
[4]: 126.585777 133.075012
[4]: 128.763885 118.086906
[4]: 124.436554 129.906662
[4]: 124.843925 74.227898
[4]: 126.765747 133.324158
[4]: 170.219345 140.945679
[4]: 128.877594 131.868683
[4]: 122.546616 128.115768
[3]: 170.841492 129.667557
[3]: 127.547478 129.926086
[3]: 126.760246 127.448074
[3]: 87.978241 60.540619
[3]: 129.507294 131.771637
[3]: 128.863541 126.479179
[3]: 129.483276 135.141663
[3]: 127.510628 130.633560
[3]: 127.448097 135.352875
[3]: 126.107361 125.978561
[3]: 124.988686 119.108917
[3]: 128.054550 127.657806
[3]: 127.463547 128.203644
[3]: 128.437729 132.660767
[3]: 127.053101 129.234131
[3]: 130.600876 131.750046
[3]: 127.780342 132.714172
[3]: 126.371925 155.685638
[3]: 127.041641 124.603302
[3]: 126.629311 122.442459
[3]: 127.245850 124.990410
[3]: 127.934715 136.959061
[3]: 126.632133 132.554504
[3]: 127.455498 128.384995
[3]: 129.411606 129.326920
[3]: 124.020386 120.673088
[3]: 128.119690 128.321609
[3]: 128.174240 128.891006
[3]: 127.929703 125.635117
[3]: 58.627930 64.354279
[3]: 130.504318 128.957504
[3]: 82.610519 117.774368
[3]: 127.544724 124.986511
[3]: 126.210304 121.671371
[2]: 167.536926 127.894775
[2]: 130.971741 136.264862
[2]: 130.019226 137.254089
[2]: 94.238152 113.327965
[2]: 130.025955 139.689117
[2]: 126.923187 126.364342
[2]: 132.466522 130.981094
[2]: 135.823456 128.233978
[2]: 138.540207 143.741364
[2]: 134.617920 136.178146
[2]: 116.265099 114.198883
[2]: 133.631149 130.096924
[2]: 133.031464 122.856323
[2]: 139.647095 141.394409
[2]: 133.795700 131.694214
[2]: 128.895432 125.654327
[2]: 134.342896 135.343277
[2]: 125.527893 68.268845
[2]: 127.621864 129.859833
[2]: 119.202988 117.726288
[2]: 128.927048 129.149658
[2]: 133.587936 144.983566
[2]: 134.967392 140.783249
[2]: 143.411560 136.607025
[2]: 127.813278 122.202629
[2]: 120.911690 115.770721
[2]: 120.377884 127.232552
[2]: 129.295486 141.488953
[2]: 121.165451 117.123810
[2]: 186.829788 187.028641
[2]: 120.640762 115.487915
[2]: 73.365234 115.701958
[2]: 135.662857 126.823853
[2]: 116.132835 119.795769
[1]: 83.433258 124.435265
[1]: 128.419037 126.022057
[1]: 131.973175 136.218262
[1]: 176.899384 195.582352
[1]: 128.774231 128.496063
[1]: 126.214783 127.885963
[1]: 130.892242 126.182396
[1]: 129.540802 126.707695
[1]: 132.785217 139.348587
[1]: 130.150360 128.695145
[1]: 120.516472 120.969055
[1]: 127.939857 129.116302
[1]: 130.912872 129.162750
[1]: 130.940369 133.181931
[1]: 131.063385 133.151993
[1]: 124.749687 118.258011
[1]: 133.534897 134.611816
[1]: 191.605148 191.817841
[1]: 129.950836 132.786499
[1]: 121.604408 122.490532
[1]: 124.467903 125.744560
[1]: 130.363831 135.743011
[1]: 130.673767 140.021667
[1]: 134.835709 134.113419
[1]: 130.278610 129.365189
[1]: 123.671188 119.186768
[1]: 124.246407 122.164551
[1]: 129.590851 136.165558
[1]: 127.215889 127.482735
[1]: 118.966682 131.550781
[1]: 126.097298 119.676590
[1]: 162.279877 117.413986
[1]: 130.349014 126.122925
[1]: 125.836662 130.843796
[0]: 135.974213 124.891190
[0]: 118.972534 117.632103
[0]: 119.560631 117.247887
[0]: 85.043098 91.521843
[0]: 119.780037 115.437042
[0]: 125.463264 129.795883
[0]: 111.837982 121.578682
[0]: 109.733810 123.861870
[0]: 98.684120 103.972305
[0]: 110.109535 121.032570
[0]: 158.259155 151.454742
[0]: 117.310074 124.158813
[0]: 118.834633 131.248230
[0]: 96.589439 105.238052
[0]: 112.506142 117.011108
[0]: 120.012283 130.063766
[0]: 111.689148 116.268654
[0]: 140.573471 155.970764
[0]: 128.338440 124.307205
[0]: 145.285400 141.321823
[0]: 126.927315 127.129501
[0]: 112.873047 105.662453
[0]: 111.716949 105.882210
[0]: 87.605408 112.333275
[0]: 118.449646 126.447815
[0]: 151.383316 147.295670
[0]: 145.002792 128.576889
[0]: 119.862885 112.386185
[0]: 141.768646 138.924698
[0]: 169.918152 185.904358
[0]: 139.271545 143.981277
[0]: 149.352051 146.401062
[0]: 109.846916 127.767845
[0]: 154.611099 137.356873
