[4]: 128.816071 132.432159
[4]: 126.985718 126.836334
[4]: 118.835938 117.904129
[4]: 177.187912 173.930054
[4]: 123.413818 124.594322
[4]: 126.668686 126.765602
[4]: 121.709946 122.387993
[4]: 125.121132 126.389420
[4]: 111.912148 111.252876
[4]: 125.007660 123.659187
[4]: 134.579163 133.923080
[4]: 129.141724 128.397034
[4]: 126.911270 127.930695
[4]: 121.859398 122.162163
[4]: 124.028404 123.592026
[4]: 131.831238 132.753708
[4]: 117.068863 118.670052
[4]: 67.012924 67.263580
[4]: 126.143150 125.855522
[4]: 130.909439 131.628586
[4]: 130.494659 130.921097
[4]: 115.293251 113.843704
[4]: 117.487473 117.078583
[4]: 125.209145 123.219727
[4]: 130.457382 128.845459
[4]: 134.867615 137.093811
[4]: 131.760132 133.075012
[4]: 117.620171 118.086906
[4]: 128.874954 129.906662
[4]: 76.961861 74.227898
[4]: 134.156158 133.324158
[4]: 144.356613 140.945679
[4]: 131.423553 131.868683
[4]: 128.334656 128.115768
[3]: 132.931885 129.667557
[3]: 129.039810 129.926086
[3]: 126.922546 127.448074
[3]: 61.056164 60.540619
[3]: 130.910583 131.771637
[3]: 126.049911 126.479179
[3]: 135.603226 135.141663
[3]: 130.906036 130.633560
[3]: 134.424088 135.352875
[3]: 125.121819 125.978561
[3]: 120.971146 119.108917
[3]: 128.202972 127.657806
[3]: 128.323029 128.203644
[3]: 133.126907 132.660767
[3]: 128.711227 129.234131
[3]: 132.209610 131.750046
[3]: 131.906952 132.714172
[3]: 153.121124 155.685638
[3]: 124.822327 124.603302
[3]: 123.899246 122.442459
[3]: 126.215782 124.990410
[3]: 135.250809 136.959061
[3]: 132.408508 132.554504
[3]: 127.232834 128.384995
[3]: 128.909500 129.326920
[3]: 122.354111 120.673088
[3]: 128.584244 128.321609
[3]: 129.049377 128.891006
[3]: 126.782829 125.635117
[3]: 62.726662 64.354279
[3]: 129.125900 128.957504
[3]: 116.236534 117.774368
[3]: 125.425705 124.986511
[3]: 122.083397 121.671371
[2]: 131.328156 127.894775
[2]: 135.612442 136.264862
[2]: 137.078995 137.254089
[2]: 111.692070 113.327965
[2]: 141.694305 139.689117
[2]: 126.772415 126.364342
[2]: 133.157913 130.981094
[2]: 130.819473 128.233978
[2]: 145.102402 143.741364
[2]: 135.350296 136.178146
[2]: 111.932152 114.198883
[2]: 129.801315 130.096924
[2]: 124.098427 122.856323
[2]: 140.577408 141.394409
[2]: 131.373474 131.694214
[2]: 127.228539 125.654327
[2]: 136.674637 135.343277
[2]: 70.666824 68.268845
[2]: 128.468628 129.859833
[2]: 116.722725 117.726288
[2]: 128.755142 129.149658
[2]: 144.801636 144.983566
[2]: 140.042358 140.783249
[2]: 134.781418 136.607025
[2]: 120.598579 122.202629
[2]: 117.326561 115.770721
[2]: 128.802200 127.232552
[2]: 143.710297 141.488953
[2]: 117.941231 117.123810
[2]: 186.349426 187.028641
[2]: 113.344719 115.487915
[2]: 112.674309 115.701958
[2]: 127.656792 126.823853
[2]: 120.213806 119.795769
[1]: 122.819351 124.435265
[1]: 126.677513 126.022057
[1]: 137.240555 136.218262
[1]: 195.093613 195.582352
[1]: 129.652023 128.496063
[1]: 128.820053 127.885963
[1]: 125.760155 126.182396
[1]: 126.376823 126.707695
[1]: 139.317551 139.348587
[1]: 127.873924 128.695145
[1]: 121.100594 120.969055
[1]: 128.977814 129.116302
[1]: 129.760544 129.162750
[1]: 133.419861 133.181931
[1]: 133.234436 133.151993
[1]: 117.705582 118.258011
[1]: 135.811508 134.611816
[1]: 192.717270 191.817841
[1]: 133.078491 132.786499
[1]: 122.896423 122.490532
[1]: 125.410065 125.744560
[1]: 135.177277 135.743011
[1]: 139.758270 140.021667
[1]: 133.767838 134.113419
[1]: 129.216721 129.365189
[1]: 120.101692 119.186768
[1]: 122.168022 122.164551
[1]: 136.020309 136.165558
[1]: 127.641838 127.482735
[1]: 131.177048 131.550781
[1]: 119.968246 119.676590
[1]: 118.159012 117.413986
[1]: 125.717575 126.122925
[1]: 131.131012 130.843796
[0]: 123.210022 124.891190
[0]: 118.376518 117.632103
[0]: 115.873009 117.247887
[0]: 91.290405 91.521843
[0]: 114.150421 115.437042
[0]: 128.931168 129.795883
[0]: 119.775352 121.578682
[0]: 122.451340 123.861870
[0]: 102.700447 103.972305
[0]: 122.301353 121.032570
[0]: 151.113739 151.454742
[0]: 123.233025 124.158813
[0]: 130.238663 131.248230
[0]: 105.567215 105.238052
[0]: 117.354538 117.011108
[0]: 129.386444 130.063766
[0]: 116.046265 116.268654
[0]: 155.332306 155.970764
[0]: 124.982216 124.307205
[0]: 141.192490 141.321823
[0]: 127.054390 127.129501
[0]: 106.621773 105.662453
[0]: 106.604500 105.882210
[0]: 113.794594 112.333275
[0]: 127.077301 126.447815
[0]: 145.271851 147.295670
[0]: 128.000336 128.576889
[0]: 110.425606 112.386185
[0]: 137.769974 138.924698
[0]: 186.223969 185.904358
[0]: 144.889343 143.981277
[0]: 147.059601 146.401062
[0]: 127.357018 127.767845
[0]: 136.016159 137.356873
