[4]: 87.304436 132.432159
[4]: 127.648216 126.836334
[4]: 83.921585 117.904129
[4]: 170.941208 173.930054
[4]: 128.907074 124.594322
[4]: 169.471405 126.765602
[4]: 126.491486 122.387993
[4]: 126.475769 126.389420
[4]: 129.182953 111.252876
[4]: 125.589806 123.659187
[4]: 126.536133 133.923080
[4]: 128.684402 128.397034
[4]: 127.140915 127.930695
[4]: 126.987907 122.162163
[4]: 127.503304 123.592026
[4]: 128.682999 132.753708
[4]: 125.442467 118.670052
[4]: 125.551109 67.263580
[4]: 124.206589 125.855522
[4]: 125.711189 131.628586
[4]: 126.818527 130.921097
[4]: 129.200348 113.843704
[4]: 125.408989 117.078583
[4]: 127.641983 123.219727
[4]: 129.199524 128.845459
[4]: 130.432983 137.093811
[4]: 129.206024 133.075012
[4]: 127.031067 118.086906
[4]: 127.930428 129.906662
[4]: 89.167892 74.227898
[4]: 127.270485 133.324158
[4]: 172.110229 140.945679
[4]: 128.695847 131.868683
[4]: 170.198395 128.115768
[3]: 170.780121 129.667557
[3]: 127.233757 129.926086
[3]: 81.430412 127.448074
[3]: 85.901085 60.540619
[3]: 129.077072 131.771637
[3]: 169.280899 126.479179
[3]: 129.011810 135.141663
[3]: 126.781296 130.633560
[3]: 127.807877 135.352875
[3]: 123.726868 125.978561
[3]: 127.030510 119.108917
[3]: 127.559746 127.657806
[3]: 126.752655 128.203644
[3]: 128.549011 132.660767
[3]: 127.056496 129.234131
[3]: 130.282684 131.750046
[3]: 125.824608 132.714172
[3]: 127.123032 155.685638
[3]: 123.294487 124.603302
[3]: 127.818306 122.442459
[3]: 127.645370 124.990410
[3]: 129.500000 136.959061
[3]: 128.204041 132.554504
[3]: 126.591537 128.384995
[3]: 129.062103 129.326920
[3]: 127.818108 120.673088
[3]: 129.424210 128.321609
[3]: 127.085533 128.891006
[3]: 128.312408 125.635117
[3]: 82.247932 64.354279
[3]: 127.203842 128.957504
[3]: 84.628151 117.774368
[3]: 128.298920 124.986511
[3]: 167.897247 121.671371
[2]: 170.112244 127.894775
[2]: 128.417358 136.264862
[2]: 169.627853 137.254089
[2]: 84.703804 113.327965
[2]: 128.445755 139.689117
[2]: 85.415894 126.364342
[2]: 127.918182 130.981094
[2]: 127.847954 128.233978
[2]: 127.627342 143.741364
[2]: 127.239204 136.178146
[2]: 126.804787 114.198883
[2]: 128.496689 130.096924
[2]: 128.267792 122.856323
[2]: 127.586525 141.394409
[2]: 127.407555 131.694214
[2]: 128.148987 125.654327
[2]: 127.295303 135.343277
[2]: 127.850121 68.268845
[2]: 128.235001 129.859833
[2]: 126.206291 117.726288
[2]: 127.868713 129.149658
[2]: 127.393288 144.983566
[2]: 126.339615 140.783249
[2]: 127.358337 136.607025
[2]: 126.687187 122.202629
[2]: 127.247612 115.770721
[2]: 127.456131 127.232552
[2]: 126.863617 141.488953
[2]: 127.231819 117.123810
[2]: 127.455620 187.028641
[2]: 128.293259 115.487915
[2]: 85.160255 115.701958
[2]: 127.964157 126.823853
[2]: 83.961922 119.795769
[1]: 84.988152 124.435265
[1]: 127.733589 126.022057
[1]: 170.039963 136.218262
[1]: 170.905212 195.582352
[1]: 128.050339 128.496063
[1]: 84.904961 127.885963
[1]: 127.712776 126.182396
[1]: 125.872940 126.707695
[1]: 127.500610 139.348587
[1]: 127.250275 128.695145
[1]: 128.461227 120.969055
[1]: 127.249054 129.116302
[1]: 127.211594 129.162750
[1]: 128.102341 133.181931
[1]: 126.811844 133.151993
[1]: 126.879669 118.258011
[1]: 128.110733 134.611816
[1]: 127.500031 191.817841
[1]: 128.254623 132.786499
[1]: 127.496254 122.490532
[1]: 127.625359 125.744560
[1]: 128.134674 135.743011
[1]: 128.429459 140.021667
[1]: 127.263275 134.113419
[1]: 127.127823 129.365189
[1]: 127.586807 119.186768
[1]: 127.417870 122.164551
[1]: 128.248032 136.165558
[1]: 127.555618 127.482735
[1]: 127.706818 131.550781
[1]: 127.557602 119.676590
[1]: 169.831635 117.413986
[1]: 127.324371 126.122925
[1]: 84.885750 130.843796
[0]: 128.676666 124.891190
[0]: 125.675499 117.632103
[0]: 88.850990 117.247887
[0]: 122.783890 91.521843
[0]: 126.330444 115.437042
[0]: 170.895691 129.795883
[0]: 125.220589 121.578682
[0]: 129.536819 123.861870
[0]: 122.916634 103.972305
[0]: 132.113068 121.032570
[0]: 128.878159 151.454742
[0]: 127.739578 124.158813
[0]: 129.966690 131.248230
[0]: 124.537109 105.238052
[0]: 126.720978 117.011108
[0]: 124.340767 130.063766
[0]: 132.028732 116.268654
[0]: 131.093781 155.970764
[0]: 133.047821 124.307205
[0]: 127.353333 141.321823
[0]: 127.780479 127.129501
[0]: 124.743477 105.662453
[0]: 130.098663 105.882210
[0]: 126.775612 112.333275
[0]: 124.583267 126.447815
[0]: 125.472534 147.295670
[0]: 126.109467 128.576889
[0]: 129.097687 112.386185
[0]: 127.525711 138.924698
[0]: 212.136444 185.904358
[0]: 130.045486 143.981277
[0]: 122.495811 146.401062
[0]: 124.999611 127.767845
[0]: 176.209290 137.356873
