[4]: 138.237152 132.432159
[4]: 128.497452 126.836334
[4]: 122.246239 117.904129
[4]: 138.116898 173.930054
[4]: 123.174637 124.594322
[4]: 127.922005 126.765602
[4]: 117.563385 122.387993
[4]: 129.532745 126.389420
[4]: 113.362686 111.252876
[4]: 127.917747 123.659187
[4]: 144.931488 133.923080
[4]: 132.984070 128.397034
[4]: 121.029480 127.930695
[4]: 119.441330 122.162163
[4]: 130.152771 123.592026
[4]: 125.115410 132.753708
[4]: 121.839432 118.670052
[4]: 70.865685 67.263580
[4]: 124.124763 125.855522
[4]: 134.593903 131.628586
[4]: 125.981804 130.921097
[4]: 115.489838 113.843704
[4]: 118.633636 117.078583
[4]: 118.449387 123.219727
[4]: 121.308365 128.845459
[4]: 131.280762 137.093811
[4]: 132.945877 133.075012
[4]: 115.325401 118.086906
[4]: 137.780075 129.906662
[4]: 69.441650 74.227898
[4]: 133.893814 133.324158
[4]: 139.258560 140.945679
[4]: 134.417969 131.868683
[4]: 130.159088 128.115768
[3]: 120.255348 129.667557
[3]: 125.912506 129.926086
[3]: 128.307739 127.448074
[3]: 117.721359 60.540619
[3]: 133.383057 131.771637
[3]: 125.947670 126.479179
[3]: 138.112076 135.141663
[3]: 126.814857 130.633560
[3]: 140.757858 135.352875
[3]: 125.902290 125.978561
[3]: 107.240479 119.108917
[3]: 119.354774 127.657806
[3]: 135.359940 128.203644
[3]: 136.121902 132.660767
[3]: 126.026802 129.234131
[3]: 131.567810 131.750046
[3]: 134.391479 132.714172
[3]: 185.114563 155.685638
[3]: 127.549171 124.603302
[3]: 120.229431 122.442459
[3]: 127.862213 124.990410
[3]: 141.923096 136.959061
[3]: 134.516312 132.554504
[3]: 136.868088 128.384995
[3]: 133.650772 129.326920
[3]: 124.989662 120.673088
[3]: 122.934326 128.321609
[3]: 138.498245 128.891006
[3]: 118.506989 125.635117
[3]: 70.325546 64.354279
[3]: 125.318527 128.957504
[3]: 117.512283 117.774368
[3]: 120.943520 124.986511
[3]: 123.406090 121.671371
[2]: 119.546021 127.894775
[2]: 127.131828 136.264862
[2]: 130.101929 137.254089
[2]: 117.145050 113.327965
[2]: 133.964233 139.689117
[2]: 125.171745 126.364342
[2]: 135.018646 130.981094
[2]: 126.201057 128.233978
[2]: 140.090317 143.741364
[2]: 131.121231 136.178146
[2]: 108.444595 114.198883
[2]: 122.550301 130.096924
[2]: 130.627319 122.856323
[2]: 135.103973 141.394409
[2]: 121.678421 131.694214
[2]: 132.803162 125.654327
[2]: 132.418213 135.343277
[2]: 71.128571 68.268845
[2]: 129.198120 129.859833
[2]: 116.681168 117.726288
[2]: 131.806213 129.149658
[2]: 141.276932 144.983566
[2]: 135.309387 140.783249
[2]: 136.173920 136.607025
[2]: 130.106720 122.202629
[2]: 124.665009 115.770721
[2]: 125.498566 127.232552
[2]: 140.856552 141.488953
[2]: 116.853737 117.123810
[2]: 184.258224 187.028641
[2]: 122.351982 115.487915
[2]: 117.424217 115.701958
[2]: 122.638245 126.823853
[2]: 121.532669 119.795769
[1]: 22.000000 124.435265
[1]: 19.000000 126.022057
[1]: 63.000000 136.218262
[1]: 173.000000 195.582352
[1]: 55.000000 128.496063
[1]: 100.000000 127.885963
[1]: 5.000000 126.182396
[1]: 175.000000 126.707695
[1]: 228.000000 139.348587
[1]: 66.000000 128.695145
[1]: 145.000000 120.969055
[1]: 253.000000 129.116302
[1]: 8.000000 129.162750
[1]: 220.000000 133.181931
[1]: 212.000000 133.151993
[1]: 197.000000 118.258011
[1]: 38.000000 134.611816
[1]: 160.000000 191.817841
[1]: 176.000000 132.786499
[1]: 191.000000 122.490532
[1]: 215.000000 125.744560
[1]: 166.000000 135.743011
[1]: 21.000000 140.021667
[1]: 16.000000 134.113419
[1]: 238.000000 129.365189
[1]: 117.000000 119.186768
[1]: 160.000000 122.164551
[1]: 168.000000 136.165558
[1]: 120.000000 127.482735
[1]: 35.000000 131.550781
[1]: 126.000000 119.676590
[1]: 105.000000 117.413986
[1]: 220.000000 126.122925
[1]: 14352384.000000 130.843796
[0]: 133.678665 124.891190
[0]: 128.361160 117.632103
[0]: 128.814636 117.247887
[0]: 137.218796 91.521843
[0]: 122.160347 115.437042
[0]: 130.657471 129.795883
[0]: 118.640442 121.578682
[0]: 126.362617 123.861870
[0]: 114.122444 103.972305
[0]: 123.826126 121.032570
[0]: 149.748795 151.454742
[0]: 136.913406 124.158813
[0]: 124.292175 131.248230
[0]: 118.322296 105.238052
[0]: 130.585754 117.011108
[0]: 121.067001 130.063766
[0]: 122.173752 116.268654
[0]: 183.352417 155.970764
[0]: 129.227280 124.307205
[0]: 136.139999 141.321823
[0]: 124.636742 127.129501
[0]: 112.375000 105.662453
[0]: 121.947296 105.882210
[0]: 117.083076 112.333275
[0]: 123.945381 126.447815
[0]: 129.826767 147.295670
[0]: 130.056732 128.576889
[0]: 115.763206 112.386185
[0]: 137.585373 138.924698
[0]: 185.371872 185.904358
[0]: 130.670883 143.981277
[0]: 135.199783 146.401062
[0]: 132.054169 127.767845
[0]: 134.577332 137.356873
