[4]: 133.466782 132.432159
[4]: 128.980576 126.836334
[4]: 123.370560 117.904129
[4]: 138.436050 173.930054
[4]: 127.811142 124.594322
[4]: 127.008369 126.765602
[4]: 127.773125 122.387993
[4]: 128.804306 126.389420
[4]: 124.831841 111.252876
[4]: 126.322517 123.659187
[4]: 121.881935 133.923080
[4]: 127.960258 128.397034
[4]: 126.951637 127.930695
[4]: 127.515846 122.162163
[4]: 130.821304 123.592026
[4]: 129.436752 132.753708
[4]: 122.655952 118.670052
[4]: 67.859505 67.263580
[4]: 126.740738 125.855522
[4]: 128.778946 131.628586
[4]: 126.863403 130.921097
[4]: 128.276901 113.843704
[4]: 125.873177 117.078583
[4]: 126.320023 123.219727
[4]: 128.799774 128.845459
[4]: 128.322189 137.093811
[4]: 131.450485 133.075012
[4]: 124.691986 118.086906
[4]: 127.161255 129.906662
[4]: 58.605610 74.227898
[4]: 128.333496 133.324158
[4]: 128.782333 140.945679
[4]: 128.490860 131.868683
[4]: 127.283287 128.115768
[3]: 128.697876 129.667557
[3]: 126.506897 129.926086
[3]: 128.185822 127.448074
[3]: 58.766563 60.540619
[3]: 130.927612 131.771637
[3]: 129.431961 126.479179
[3]: 127.360657 135.141663
[3]: 129.692581 130.633560
[3]: 128.344498 135.352875
[3]: 123.992722 125.978561
[3]: 126.955574 119.108917
[3]: 127.047302 127.657806
[3]: 126.720543 128.203644
[3]: 125.447784 132.660767
[3]: 125.823120 129.234131
[3]: 128.892441 131.750046
[3]: 128.084518 132.714172
[3]: 188.959076 155.685638
[3]: 126.099197 124.603302
[3]: 130.103989 122.442459
[3]: 127.038940 124.990410
[3]: 129.516922 136.959061
[3]: 126.311310 132.554504
[3]: 129.399460 128.384995
[3]: 129.225967 129.326920
[3]: 129.647644 120.673088
[3]: 125.110619 128.321609
[3]: 126.694946 128.891006
[3]: 129.152435 125.635117
[3]: 116.722710 64.354279
[3]: 130.624725 128.957504
[3]: 126.104240 117.774368
[3]: 127.366081 124.986511
[3]: 126.555153 121.671371
[2]: 122.634125 127.894775
[2]: 128.305878 136.264862
[2]: 127.507370 137.254089
[2]: 115.268242 113.327965
[2]: 127.789604 139.689117
[2]: 127.151344 126.364342
[2]: 126.709190 130.981094
[2]: 126.118103 128.233978
[2]: 126.763474 143.741364
[2]: 133.039536 136.178146
[2]: 132.648300 114.198883
[2]: 128.175690 130.096924
[2]: 129.812042 122.856323
[2]: 127.207924 141.394409
[2]: 123.011948 131.694214
[2]: 128.276443 125.654327
[2]: 129.821320 135.343277
[2]: 69.345413 68.268845
[2]: 127.166603 129.859833
[2]: 124.169975 117.726288
[2]: 131.492630 129.149658
[2]: 124.662346 144.983566
[2]: 128.279495 140.783249
[2]: 125.337151 136.607025
[2]: 122.944191 122.202629
[2]: 126.408279 115.770721
[2]: 126.718979 127.232552
[2]: 127.822144 141.488953
[2]: 126.443871 117.123810
[2]: 196.432297 187.028641
[2]: 128.294876 115.487915
[2]: 130.530640 115.701958
[2]: 126.196350 126.823853
[2]: 124.864609 119.795769
[1]: 126.820580 124.435265
[1]: 126.070618 126.022057
[1]: 130.494751 136.218262
[1]: 198.672745 195.582352
[1]: 126.170937 128.496063
[1]: 126.084793 127.885963
[1]: 127.587509 126.182396
[1]: 124.240128 126.707695
[1]: 128.554245 139.348587
[1]: 125.346405 128.695145
[1]: 128.702530 120.969055
[1]: 128.586990 129.116302
[1]: 127.878708 129.162750
[1]: 128.923370 133.181931
[1]: 128.808990 133.151993
[1]: 123.921684 118.258011
[1]: 130.336441 134.611816
[1]: 185.958313 191.817841
[1]: 130.168671 132.786499
[1]: 124.502914 122.490532
[1]: 124.856247 125.744560
[1]: 128.756699 135.743011
[1]: 130.054428 140.021667
[1]: 127.608414 134.113419
[1]: 128.141098 129.365189
[1]: 126.334885 119.186768
[1]: 128.116699 122.164551
[1]: 131.405045 136.165558
[1]: 127.877472 127.482735
[1]: 138.013855 131.550781
[1]: 124.879677 119.676590
[1]: 123.796501 117.413986
[1]: 127.949516 126.122925
[1]: 131.014694 130.843796
[0]: 0.736557 124.891190
[0]: 0.792537 117.632103
[0]: 0.842603 117.247887
[0]: 0.673657 91.521843
[0]: 0.793954 115.437042
[0]: 0.838995 129.795883
[0]: 0.844119 121.578682
[0]: 0.838418 123.861870
[0]: 0.688830 103.972305
[0]: 0.773921 121.032570
[0]: 1.109769 151.454742
[0]: 0.864909 124.158813
[0]: 0.902372 131.248230
[0]: 0.800840 105.238052
[0]: 0.691812 117.011108
[0]: 0.818007 130.063766
[0]: 0.766277 116.268654
[0]: 1.082208 155.970764
[0]: 0.881087 124.307205
[0]: 0.822455 141.321823
[0]: 0.785255 127.129501
[0]: 0.586491 105.662453
[0]: 0.751812 105.882210
[0]: 0.760873 112.333275
[0]: 0.786771 126.447815
[0]: 0.961186 147.295670
[0]: 0.884843 128.576889
[0]: 0.852949 112.386185
[0]: 0.990214 138.924698
[0]: 1.107842 185.904358
[0]: 0.871450 143.981277
[0]: 0.942685 146.401062
[0]: 0.751862 127.767845
[0]: 0.984580 137.356873
