[4]: 133.475662 132.432159
[4]: 126.435951 126.836334
[4]: 116.888237 117.904129
[4]: 173.090912 173.930054
[4]: 125.926445 124.594322
[4]: 126.450859 126.765602
[4]: 121.453949 122.387993
[4]: 127.569038 126.389420
[4]: 112.184448 111.252876
[4]: 123.146324 123.659187
[4]: 134.339569 133.923080
[4]: 128.694916 128.397034
[4]: 128.606766 127.930695
[4]: 122.476456 122.162163
[4]: 125.410507 123.592026
[4]: 134.037491 132.753708
[4]: 119.346230 118.670052
[4]: 67.124680 67.263580
[4]: 125.556274 125.855522
[4]: 131.597656 131.628586
[4]: 130.294144 130.921097
[4]: 114.326172 113.843704
[4]: 117.387917 117.078583
[4]: 123.005547 123.219727
[4]: 127.288918 128.845459
[4]: 137.356216 137.093811
[4]: 134.595200 133.075012
[4]: 117.780281 118.086906
[4]: 130.917648 129.906662
[4]: 73.433495 74.227898
[4]: 133.987152 133.324158
[4]: 139.408295 140.945679
[4]: 131.769501 131.868683
[4]: 128.861206 128.115768
[3]: 128.034332 129.667557
[3]: 129.622635 129.926086
[3]: 127.356171 127.448074
[3]: 60.889568 60.540619
[3]: 132.400909 131.771637
[3]: 127.501724 126.479179
[3]: 135.601593 135.141663
[3]: 129.695450 130.633560
[3]: 134.666504 135.352875
[3]: 125.982246 125.978561
[3]: 117.458549 119.108917
[3]: 126.939232 127.657806
[3]: 127.571091 128.203644
[3]: 132.578751 132.660767
[3]: 128.242996 129.234131
[3]: 131.305954 131.750046
[3]: 133.012115 132.714172
[3]: 157.695221 155.685638
[3]: 124.049118 124.603302
[3]: 123.144379 122.442459
[3]: 125.464020 124.990410
[3]: 136.994919 136.959061
[3]: 131.654541 132.554504
[3]: 129.409897 128.384995
[3]: 130.362747 129.326920
[3]: 120.525185 120.673088
[3]: 127.323715 128.321609
[3]: 129.008362 128.891006
[3]: 125.105743 125.635117
[3]: 64.598549 64.354279
[3]: 129.345612 128.957504
[3]: 120.107933 117.774368
[3]: 125.412949 124.986511
[3]: 122.257706 121.671371
[2]: 126.503067 127.894775
[2]: 137.238937 136.264862
[2]: 137.426880 137.254089
[2]: 112.197418 113.327965
[2]: 139.157486 139.689117
[2]: 126.383919 126.364342
[2]: 130.221649 130.981094
[2]: 127.921974 128.233978
[2]: 142.699448 143.741364
[2]: 137.270111 136.178146
[2]: 114.542282 114.198883
[2]: 129.072052 130.096924
[2]: 122.697136 122.856323
[2]: 140.682556 141.394409
[2]: 131.441376 131.694214
[2]: 125.156448 125.654327
[2]: 134.198853 135.343277
[2]: 67.723999 68.268845
[2]: 130.626053 129.859833
[2]: 116.751175 117.726288
[2]: 130.482666 129.149658
[2]: 144.589386 144.983566
[2]: 141.491196 140.783249
[2]: 137.951218 136.607025
[2]: 123.492073 122.202629
[2]: 115.077393 115.770721
[2]: 126.218460 127.232552
[2]: 140.692276 141.488953
[2]: 116.478683 117.123810
[2]: 186.075714 187.028641
[2]: 114.771103 115.487915
[2]: 116.894318 115.701958
[2]: 126.755241 126.823853
[2]: 119.477486 119.795769
[1]: 125.777176 124.435265
[1]: 126.058693 126.022057
[1]: 136.694336 136.218262
[1]: 196.018784 195.582352
[1]: 127.270264 128.496063
[1]: 127.582298 127.885963
[1]: 126.655670 126.182396
[1]: 127.122124 126.707695
[1]: 138.605438 139.348587
[1]: 129.432526 128.695145
[1]: 120.860947 120.969055
[1]: 129.821274 129.116302
[1]: 128.928101 129.162750
[1]: 133.416931 133.181931
[1]: 132.913269 133.151993
[1]: 117.852951 118.258011
[1]: 134.323685 134.611816
[1]: 191.063583 191.817841
[1]: 133.021500 132.786499
[1]: 123.128647 122.490532
[1]: 125.847359 125.744560
[1]: 136.086563 135.743011
[1]: 139.623520 140.021667
[1]: 133.347290 134.113419
[1]: 129.570496 129.365189
[1]: 119.510796 119.186768
[1]: 121.442238 122.164551
[1]: 135.583923 136.165558
[1]: 126.550385 127.482735
[1]: 132.221588 131.550781
[1]: 119.258774 119.676590
[1]: 116.618866 117.413986
[1]: 126.040062 126.122925
[1]: 129.466843 130.843796
[0]: 125.579727 124.891190
[0]: 117.292091 117.632103
[0]: 117.666779 117.247887
[0]: 92.161766 91.521843
[0]: 115.202042 115.437042
[0]: 129.331757 129.795883
[0]: 122.394997 121.578682
[0]: 123.497726 123.861870
[0]: 105.566444 103.972305
[0]: 119.561989 121.032570
[0]: 152.630875 151.454742
[0]: 124.930252 124.158813
[0]: 131.649216 131.248230
[0]: 105.421555 105.238052
[0]: 116.619911 117.011108
[0]: 130.205551 130.063766
[0]: 116.715195 116.268654
[0]: 155.308029 155.970764
[0]: 124.112328 124.307205
[0]: 140.976349 141.321823
[0]: 125.736870 127.129501
[0]: 105.078140 105.662453
[0]: 106.113617 105.882210
[0]: 110.772598 112.333275
[0]: 125.383255 126.447815
[0]: 147.630188 147.295670
[0]: 129.940796 128.576889
[0]: 114.007713 112.386185
[0]: 140.165024 138.924698
[0]: 186.647247 185.904358
[0]: 144.159714 143.981277
[0]: 145.164505 146.401062
[0]: 127.569962 127.767845
[0]: 137.779114 137.356873
