[4]: 133.831116 132.432159
[4]: 125.399811 126.836334
[4]: 116.370445 117.904129
[4]: 172.409332 173.930054
[4]: 127.480042 124.594322
[4]: 127.352257 126.765602
[4]: 122.722305 122.387993
[4]: 128.507751 126.389420
[4]: 115.432724 111.252876
[4]: 122.886856 123.659187
[4]: 136.108810 133.923080
[4]: 128.638687 128.397034
[4]: 129.130386 127.930695
[4]: 122.350052 122.162163
[4]: 124.151245 123.592026
[4]: 135.121414 132.753708
[4]: 121.165344 118.670052
[4]: 68.387215 67.263580
[4]: 125.559090 125.855522
[4]: 129.799225 131.628586
[4]: 129.209595 130.921097
[4]: 112.208092 113.843704
[4]: 116.919533 117.078583
[4]: 122.423119 123.219727
[4]: 127.653259 128.845459
[4]: 136.794983 137.093811
[4]: 135.574371 133.075012
[4]: 119.285645 118.086906
[4]: 131.185425 129.906662
[4]: 71.519958 74.227898
[4]: 134.029373 133.324158
[4]: 138.298721 140.945679
[4]: 131.605621 131.868683
[4]: 131.692551 128.115768
[3]: 126.057060 129.667557
[3]: 129.883759 129.926086
[3]: 127.941765 127.448074
[3]: 61.027828 60.540619
[3]: 131.041824 131.771637
[3]: 127.396622 126.479179
[3]: 135.359253 135.141663
[3]: 128.996399 130.633560
[3]: 134.468765 135.352875
[3]: 126.667320 125.978561
[3]: 116.257561 119.108917
[3]: 126.285782 127.657806
[3]: 126.992805 128.203644
[3]: 132.042908 132.660767
[3]: 128.637772 129.234131
[3]: 131.000153 131.750046
[3]: 133.487930 132.714172
[3]: 159.672714 155.685638
[3]: 123.248734 124.603302
[3]: 123.789413 122.442459
[3]: 126.739861 124.990410
[3]: 139.197998 136.959061
[3]: 131.656372 132.554504
[3]: 130.876968 128.384995
[3]: 130.948959 129.326920
[3]: 121.097862 120.673088
[3]: 126.141563 128.321609
[3]: 129.082855 128.891006
[3]: 125.388962 125.635117
[3]: 66.110687 64.354279
[3]: 129.463058 128.957504
[3]: 121.846794 117.774368
[3]: 125.342529 124.986511
[3]: 120.259987 121.671371
[2]: 127.076775 127.894775
[2]: 136.582642 136.264862
[2]: 136.505630 137.254089
[2]: 112.257217 113.327965
[2]: 137.192978 139.689117
[2]: 125.771492 126.364342
[2]: 128.334473 130.981094
[2]: 128.061630 128.233978
[2]: 139.718109 143.741364
[2]: 138.340652 136.178146
[2]: 113.912277 114.198883
[2]: 128.208038 130.096924
[2]: 123.120079 122.856323
[2]: 140.490326 141.394409
[2]: 132.397522 131.694214
[2]: 125.192177 125.654327
[2]: 132.817184 135.343277
[2]: 66.028076 68.268845
[2]: 130.816620 129.859833
[2]: 119.233185 117.726288
[2]: 131.710815 129.149658
[2]: 146.467010 144.983566
[2]: 142.012299 140.783249
[2]: 137.748093 136.607025
[2]: 124.124603 122.202629
[2]: 115.935440 115.770721
[2]: 124.922432 127.232552
[2]: 138.716293 141.488953
[2]: 115.870399 117.123810
[2]: 185.322342 187.028641
[2]: 116.408310 115.487915
[2]: 117.397522 115.701958
[2]: 127.256897 126.823853
[2]: 117.709549 119.795769
[1]: 126.760895 124.435265
[1]: 127.404022 126.022057
[1]: 137.903122 136.218262
[1]: 195.824951 195.582352
[1]: 127.061882 128.496063
[1]: 127.192032 127.885963
[1]: 126.264671 126.182396
[1]: 125.607826 126.707695
[1]: 137.361160 139.348587
[1]: 128.131943 128.695145
[1]: 119.991112 120.969055
[1]: 130.715759 129.116302
[1]: 128.588654 129.162750
[1]: 133.675781 133.181931
[1]: 133.151749 133.151993
[1]: 117.582420 118.258011
[1]: 133.529892 134.611816
[1]: 190.745377 191.817841
[1]: 133.881927 132.786499
[1]: 123.355003 122.490532
[1]: 125.888863 125.744560
[1]: 136.927292 135.743011
[1]: 139.854263 140.021667
[1]: 133.406754 134.113419
[1]: 128.365524 129.365189
[1]: 119.068817 119.186768
[1]: 121.274025 122.164551
[1]: 135.423355 136.165558
[1]: 126.073341 127.482735
[1]: 134.224609 131.550781
[1]: 118.685997 119.676590
[1]: 115.536667 117.413986
[1]: 126.124077 126.122925
[1]: 128.574936 130.843796
[0]: 125.596176 124.891190
[0]: 117.221321 117.632103
[0]: 117.227196 117.247887
[0]: 92.665604 91.521843
[0]: 117.207314 115.437042
[0]: 129.589096 129.795883
[0]: 123.736748 121.578682
[0]: 124.726028 123.861870
[0]: 106.726204 103.972305
[0]: 119.283218 121.032570
[0]: 153.890030 151.454742
[0]: 125.634216 124.158813
[0]: 131.689896 131.248230
[0]: 105.866257 105.238052
[0]: 116.178528 117.011108
[0]: 129.560211 130.063766
[0]: 116.531250 116.268654
[0]: 155.196075 155.970764
[0]: 123.825104 124.307205
[0]: 139.413071 141.321823
[0]: 124.074089 127.129501
[0]: 101.823807 105.662453
[0]: 105.659027 105.882210
[0]: 109.796143 112.333275
[0]: 124.992737 126.447815
[0]: 147.312531 147.295670
[0]: 131.723358 128.576889
[0]: 114.518196 112.386185
[0]: 140.894272 138.924698
[0]: 186.353500 185.904358
[0]: 142.967499 143.981277
[0]: 145.197281 146.401062
[0]: 127.156044 127.767845
[0]: 139.920288 137.356873
