[4]: 133.682343 132.432159
[4]: 126.035065 126.836334
[4]: 116.883369 117.904129
[4]: 172.785416 173.930054
[4]: 126.520409 124.594322
[4]: 126.462097 126.765602
[4]: 122.265015 122.387993
[4]: 128.078171 126.389420
[4]: 113.718437 111.252876
[4]: 123.324432 123.659187
[4]: 135.141220 133.923080
[4]: 128.857208 128.397034
[4]: 129.251938 127.930695
[4]: 122.838455 122.162163
[4]: 124.840347 123.592026
[4]: 134.227112 132.753708
[4]: 120.197319 118.670052
[4]: 67.447990 67.263580
[4]: 125.057602 125.855522
[4]: 130.845947 131.628586
[4]: 130.185654 130.921097
[4]: 113.400391 113.843704
[4]: 117.254532 117.078583
[4]: 122.126083 123.219727
[4]: 127.826241 128.845459
[4]: 136.750595 137.093811
[4]: 135.595108 133.075012
[4]: 118.174942 118.086906
[4]: 130.431763 129.906662
[4]: 73.053505 74.227898
[4]: 133.940353 133.324158
[4]: 139.197708 140.945679
[4]: 132.367615 131.868683
[4]: 130.296692 128.115768
[3]: 126.921791 129.667557
[3]: 129.185898 129.926086
[3]: 127.153305 127.448074
[3]: 61.010372 60.540619
[3]: 131.789062 131.771637
[3]: 127.617043 126.479179
[3]: 135.067459 135.141663
[3]: 129.924667 130.633560
[3]: 134.604416 135.352875
[3]: 126.107841 125.978561
[3]: 117.358704 119.108917
[3]: 126.085388 127.657806
[3]: 127.295387 128.203644
[3]: 132.050537 132.660767
[3]: 128.865799 129.234131
[3]: 130.510910 131.750046
[3]: 132.859085 132.714172
[3]: 158.790787 155.685638
[3]: 124.260757 124.603302
[3]: 124.082817 122.442459
[3]: 125.957504 124.990410
[3]: 138.111588 136.959061
[3]: 131.778152 132.554504
[3]: 130.699463 128.384995
[3]: 130.236984 129.326920
[3]: 121.043045 120.673088
[3]: 125.922569 128.321609
[3]: 129.566513 128.891006
[3]: 125.594353 125.635117
[3]: 65.171318 64.354279
[3]: 129.322525 128.957504
[3]: 121.393478 117.774368
[3]: 125.586792 124.986511
[3]: 121.555992 121.671371
[2]: 126.777283 127.894775
[2]: 137.160828 136.264862
[2]: 136.379089 137.254089
[2]: 111.367691 113.327965
[2]: 138.162338 139.689117
[2]: 126.481361 126.364342
[2]: 128.808502 130.981094
[2]: 128.476578 128.233978
[2]: 141.720642 143.741364
[2]: 138.019592 136.178146
[2]: 113.986382 114.198883
[2]: 128.291779 130.096924
[2]: 122.207985 122.856323
[2]: 140.288910 141.394409
[2]: 131.622833 131.694214
[2]: 125.704315 125.654327
[2]: 133.527481 135.343277
[2]: 67.254021 68.268845
[2]: 130.943848 129.859833
[2]: 117.453163 117.726288
[2]: 130.956833 129.149658
[2]: 145.590576 144.983566
[2]: 142.075195 140.783249
[2]: 137.743515 136.607025
[2]: 123.482956 122.202629
[2]: 115.989960 115.770721
[2]: 125.144653 127.232552
[2]: 140.311615 141.488953
[2]: 116.749245 117.123810
[2]: 185.800537 187.028641
[2]: 115.840691 115.487915
[2]: 116.410629 115.701958
[2]: 125.886414 126.823853
[2]: 118.618210 119.795769
[1]: 126.369621 124.435265
[1]: 126.965088 126.022057
[1]: 137.496109 136.218262
[1]: 196.388870 195.582352
[1]: 127.590164 128.496063
[1]: 127.332375 127.885963
[1]: 126.542236 126.182396
[1]: 125.602631 126.707695
[1]: 137.732773 139.348587
[1]: 128.283127 128.695145
[1]: 120.343597 120.969055
[1]: 130.748825 129.116302
[1]: 128.455658 129.162750
[1]: 133.593674 133.181931
[1]: 132.788651 133.151993
[1]: 118.248909 118.258011
[1]: 134.124695 134.611816
[1]: 190.560715 191.817841
[1]: 133.517456 132.786499
[1]: 123.160461 122.490532
[1]: 125.758492 125.744560
[1]: 136.711349 135.743011
[1]: 139.331436 140.021667
[1]: 133.893707 134.113419
[1]: 128.624924 129.365189
[1]: 118.939293 119.186768
[1]: 121.450127 122.164551
[1]: 135.521118 136.165558
[1]: 126.320374 127.482735
[1]: 133.202621 131.550781
[1]: 118.823723 119.676590
[1]: 115.984024 117.413986
[1]: 125.886765 126.122925
[1]: 128.595932 130.843796
[0]: 125.573273 124.891190
[0]: 117.220863 117.632103
[0]: 118.183449 117.247887
[0]: 92.854828 91.521843
[0]: 115.862503 115.437042
[0]: 129.381897 129.795883
[0]: 123.728706 121.578682
[0]: 123.734055 123.861870
[0]: 105.958359 103.972305
[0]: 119.674911 121.032570
[0]: 153.161636 151.454742
[0]: 125.502151 124.158813
[0]: 132.327148 131.248230
[0]: 105.736809 105.238052
[0]: 116.460945 117.011108
[0]: 129.770004 130.063766
[0]: 116.892159 116.268654
[0]: 155.563614 155.970764
[0]: 123.555260 124.307205
[0]: 140.025345 141.321823
[0]: 124.864571 127.129501
[0]: 103.022675 105.662453
[0]: 105.775688 105.882210
[0]: 109.867325 112.333275
[0]: 125.980347 126.447815
[0]: 147.422409 147.295670
[0]: 131.495255 128.576889
[0]: 113.440346 112.386185
[0]: 140.184311 138.924698
[0]: 186.539490 185.904358
[0]: 143.588272 143.981277
[0]: 145.217148 146.401062
[0]: 127.807762 127.767845
[0]: 138.950256 137.356873
