[4]: 135.053726 132.432159
[4]: 126.721825 126.836334
[4]: 117.896782 117.904129
[4]: 170.856689 173.930054
[4]: 128.625977 124.594322
[4]: 126.831543 126.765602
[4]: 122.951759 122.387993
[4]: 128.767639 126.389420
[4]: 116.621033 111.252876
[4]: 122.429794 123.659187
[4]: 135.793793 133.923080
[4]: 128.001404 128.397034
[4]: 128.668579 127.930695
[4]: 122.986137 122.162163
[4]: 123.505287 123.592026
[4]: 134.240112 132.753708
[4]: 120.048241 118.670052
[4]: 67.947685 67.263580
[4]: 126.820427 125.855522
[4]: 131.271988 131.628586
[4]: 127.936646 130.921097
[4]: 111.619469 113.843704
[4]: 117.104706 117.078583
[4]: 121.754639 123.219727
[4]: 126.728325 128.845459
[4]: 136.514053 137.093811
[4]: 135.787766 133.075012
[4]: 121.574440 118.086906
[4]: 131.829971 129.906662
[4]: 70.262512 74.227898
[4]: 133.545929 133.324158
[4]: 136.562927 140.945679
[4]: 130.187180 131.868683
[4]: 132.337387 128.115768
[3]: 125.310921 129.667557
[3]: 129.415817 129.926086
[3]: 127.379410 127.448074
[3]: 61.350307 60.540619
[3]: 131.292648 131.771637
[3]: 127.806763 126.479179
[3]: 135.471527 135.141663
[3]: 129.442810 130.633560
[3]: 134.716858 135.352875
[3]: 127.593597 125.978561
[3]: 116.403267 119.108917
[3]: 126.418877 127.657806
[3]: 127.810295 128.203644
[3]: 131.797501 132.660767
[3]: 128.478027 129.234131
[3]: 132.195663 131.750046
[3]: 133.986343 132.714172
[3]: 161.703354 155.685638
[3]: 123.130394 124.603302
[3]: 123.341911 122.442459
[3]: 127.149147 124.990410
[3]: 140.557907 136.959061
[3]: 131.774353 132.554504
[3]: 132.429855 128.384995
[3]: 131.491913 129.326920
[3]: 121.671112 120.673088
[3]: 125.346382 128.321609
[3]: 127.699905 128.891006
[3]: 123.665703 125.635117
[3]: 67.353600 64.354279
[3]: 129.610229 128.957504
[3]: 122.936920 117.774368
[3]: 125.893692 124.986511
[3]: 119.790520 121.671371
[2]: 126.011971 127.894775
[2]: 135.147263 136.264862
[2]: 135.182236 137.254089
[2]: 111.605453 113.327965
[2]: 135.116089 139.689117
[2]: 126.696487 126.364342
[2]: 128.562454 130.981094
[2]: 127.282486 128.233978
[2]: 138.660812 143.741364
[2]: 139.392654 136.178146
[2]: 113.953461 114.198883
[2]: 128.042679 130.096924
[2]: 123.897148 122.856323
[2]: 140.051819 141.394409
[2]: 133.312180 131.694214
[2]: 124.829025 125.654327
[2]: 134.227432 135.343277
[2]: 66.278702 68.268845
[2]: 129.022675 129.859833
[2]: 119.497009 117.726288
[2]: 132.028976 129.149658
[2]: 147.298004 144.983566
[2]: 141.535202 140.783249
[2]: 138.083481 136.607025
[2]: 125.286499 122.202629
[2]: 116.622459 115.770721
[2]: 124.260986 127.232552
[2]: 136.204910 141.488953
[2]: 115.457947 117.123810
[2]: 185.766266 187.028641
[2]: 116.827377 115.487915
[2]: 118.271065 115.701958
[2]: 128.964325 126.823853
[2]: 116.576706 119.795769
[1]: 127.558731 124.435265
[1]: 126.480240 126.022057
[1]: 138.279984 136.218262
[1]: 196.217087 195.582352
[1]: 126.391693 128.496063
[1]: 126.762650 127.885963
[1]: 127.153404 126.182396
[1]: 126.126198 126.707695
[1]: 136.020889 139.348587
[1]: 128.571213 128.695145
[1]: 120.205086 120.969055
[1]: 129.418655 129.116302
[1]: 127.554993 129.162750
[1]: 133.765610 133.181931
[1]: 134.027206 133.151993
[1]: 117.099541 118.258011
[1]: 133.565903 134.611816
[1]: 190.373367 191.817841
[1]: 134.134933 132.786499
[1]: 121.911682 122.490532
[1]: 126.860313 125.744560
[1]: 137.486862 135.743011
[1]: 139.382416 140.021667
[1]: 133.825012 134.113419
[1]: 127.690231 129.365189
[1]: 119.520073 119.186768
[1]: 121.405563 122.164551
[1]: 134.186218 136.165558
[1]: 125.270172 127.482735
[1]: 134.793518 131.550781
[1]: 118.989944 119.676590
[1]: 115.213654 117.413986
[1]: 127.926025 126.122925
[1]: 128.080994 130.843796
[0]: 125.292023 124.891190
[0]: 118.746727 117.632103
[0]: 117.097664 117.247887
[0]: 93.581512 91.521843
[0]: 118.543816 115.437042
[0]: 129.202652 129.795883
[0]: 122.126465 121.578682
[0]: 124.191917 123.861870
[0]: 107.606651 103.972305
[0]: 116.965263 121.032570
[0]: 154.053070 151.454742
[0]: 127.797432 124.158813
[0]: 131.654037 131.248230
[0]: 105.558212 105.238052
[0]: 114.961601 117.011108
[0]: 130.160675 130.063766
[0]: 115.535606 116.268654
[0]: 154.805893 155.970764
[0]: 124.190086 124.307205
[0]: 139.741928 141.321823
[0]: 123.517891 127.129501
[0]: 99.166695 105.662453
[0]: 106.138680 105.882210
[0]: 107.769768 112.333275
[0]: 124.903999 126.447815
[0]: 145.917694 147.295670
[0]: 132.961685 128.576889
[0]: 117.519287 112.386185
[0]: 143.637283 138.924698
[0]: 185.430527 185.904358
[0]: 142.739838 143.981277
[0]: 145.470932 146.401062
[0]: 124.179092 127.767845
[0]: 141.673065 137.356873
