[4]: 87.487831 132.432159
[4]: 128.076752 126.836334
[4]: 126.104103 117.904129
[4]: 170.670868 173.930054
[4]: 128.133255 124.594322
[4]: 127.127609 126.765602
[4]: 127.273392 122.387993
[4]: 127.041359 126.389420
[4]: 127.325409 111.252876
[4]: 129.088760 123.659187
[4]: 129.184891 133.923080
[4]: 128.032425 128.397034
[4]: 125.710678 127.930695
[4]: 128.072891 122.162163
[4]: 125.657120 123.592026
[4]: 130.411530 132.753708
[4]: 126.106155 118.670052
[4]: 63.909641 67.263580
[4]: 125.499969 125.855522
[4]: 128.328751 131.628586
[4]: 130.574783 130.921097
[4]: 128.537918 113.843704
[4]: 127.936806 117.078583
[4]: 126.651405 123.219727
[4]: 127.552055 128.845459
[4]: 127.361183 137.093811
[4]: 128.687820 133.075012
[4]: 128.028702 118.086906
[4]: 125.907074 129.906662
[4]: 127.467728 74.227898
[4]: 127.160042 133.324158
[4]: 172.568497 140.945679
[4]: 127.140198 131.868683
[4]: 125.812408 128.115768
[3]: 170.908508 129.667557
[3]: 126.230629 129.926086
[3]: 124.667282 127.448074
[3]: 86.856987 60.540619
[3]: 128.750580 131.771637
[3]: 126.983948 126.479179
[3]: 128.354996 135.141663
[3]: 128.275803 130.633560
[3]: 127.234505 135.352875
[3]: 125.397377 125.978561
[3]: 126.329483 119.108917
[3]: 128.736252 127.657806
[3]: 127.808517 128.203644
[3]: 127.205063 132.660767
[3]: 127.061668 129.234131
[3]: 129.686691 131.750046
[3]: 126.790367 132.714172
[3]: 127.358864 155.685638
[3]: 126.529472 124.603302
[3]: 126.927162 122.442459
[3]: 126.160522 124.990410
[3]: 127.319458 136.959061
[3]: 126.948730 132.554504
[3]: 126.789162 128.384995
[3]: 127.785233 129.326920
[3]: 125.706932 120.673088
[3]: 128.685745 128.321609
[3]: 126.899117 128.891006
[3]: 128.829773 125.635117
[3]: 63.674641 64.354279
[3]: 128.917969 128.957504
[3]: 83.800079 117.774368
[3]: 127.997337 124.986511
[3]: 125.878815 121.671371
[2]: 95.000000 127.894775
[2]: 38.000000 136.264862
[2]: 123.000000 137.254089
[2]: 67.000000 113.327965
[2]: 110.000000 139.689117
[2]: 83.000000 126.364342
[2]: 221.000000 130.981094
[2]: 104.000000 128.233978
[2]: 98.000000 143.741364
[2]: 219.000000 136.178146
[2]: 225.000000 114.198883
[2]: 21.000000 130.096924
[2]: 44.000000 122.856323
[2]: 76.000000 141.394409
[2]: 254.000000 131.694214
[2]: 200.000000 125.654327
[2]: 184.000000 135.343277
[2]: 0.000000 68.268845
[2]: 227.000000 129.859833
[2]: 162.000000 117.726288
[2]: 27.000000 129.149658
[2]: 78.000000 144.983566
[2]: 59.000000 140.783249
[2]: 102.000000 136.607025
[2]: 56.000000 122.202629
[2]: 165.000000 115.770721
[2]: 173.000000 127.232552
[2]: 109.000000 141.488953
[2]: 16.000000 117.123810
[2]: 162.000000 187.028641
[2]: 208.000000 115.487915
[2]: 28.000000 115.701958
[2]: 184.000000 126.823853
[2]: -691253411840.000000 119.795769
[1]: 83.110580 124.435265
[1]: 126.812813 126.022057
[1]: 129.712112 136.218262
[1]: 170.836517 195.582352
[1]: 128.111938 128.496063
[1]: 127.214767 127.885963
[1]: 126.953491 126.182396
[1]: 126.425591 126.707695
[1]: 127.374115 139.348587
[1]: 125.550636 128.695145
[1]: 126.968224 120.969055
[1]: 127.149208 129.116302
[1]: 129.561935 129.162750
[1]: 125.878571 133.181931
[1]: 128.158371 133.151993
[1]: 124.164711 118.258011
[1]: 129.260239 134.611816
[1]: 191.184082 191.817841
[1]: 129.436890 132.786499
[1]: 125.733429 122.490532
[1]: 124.029068 125.744560
[1]: 127.414093 135.743011
[1]: 127.364296 140.021667
[1]: 127.846786 134.113419
[1]: 127.547859 129.365189
[1]: 128.494965 119.186768
[1]: 127.034103 122.164551
[1]: 127.837746 136.165558
[1]: 129.391235 127.482735
[1]: 127.774704 131.550781
[1]: 128.727173 119.676590
[1]: 168.019180 117.413986
[1]: 127.775742 126.122925
[1]: 129.702103 130.843796
[0]: 169.020462 124.891190
[0]: 128.772842 117.632103
[0]: 129.070511 117.247887
[0]: 82.811920 91.521843
[0]: 127.727066 115.437042
[0]: 128.367935 129.795883
[0]: 126.825691 121.578682
[0]: 127.132164 123.861870
[0]: 126.546890 103.972305
[0]: 128.710678 121.032570
[0]: 127.720436 151.454742
[0]: 127.837807 124.158813
[0]: 128.302643 131.248230
[0]: 127.906532 105.238052
[0]: 127.539368 117.011108
[0]: 126.277336 130.063766
[0]: 128.727890 116.268654
[0]: 129.041504 155.970764
[0]: 128.680069 124.307205
[0]: 126.579277 141.321823
[0]: 129.530640 127.129501
[0]: 127.920433 105.662453
[0]: 128.245972 105.882210
[0]: 127.373161 112.333275
[0]: 126.201973 126.447815
[0]: 129.177948 147.295670
[0]: 126.966080 128.576889
[0]: 127.810204 112.386185
[0]: 126.510422 138.924698
[0]: 191.374817 185.904358
[0]: 127.365128 143.981277
[0]: 85.959579 146.401062
[0]: 127.071915 127.767845
[0]: 128.295181 137.356873
