[4]: 137.388947 132.432159
[4]: 126.896912 126.836334
[4]: 120.379761 117.904129
[4]: 164.420181 173.930054
[4]: 129.356033 124.594322
[4]: 123.803459 126.765602
[4]: 123.756241 122.387993
[4]: 127.321060 126.389420
[4]: 118.314789 111.252876
[4]: 123.535896 123.659187
[4]: 136.249878 133.923080
[4]: 130.341797 128.397034
[4]: 127.519058 127.930695
[4]: 126.941986 122.162163
[4]: 123.803535 123.592026
[4]: 133.524567 132.753708
[4]: 117.554184 118.670052
[4]: 66.104469 67.263580
[4]: 127.528702 125.855522
[4]: 131.002213 131.628586
[4]: 126.080055 130.921097
[4]: 112.271393 113.843704
[4]: 118.575157 117.078583
[4]: 121.973518 123.219727
[4]: 126.037811 128.845459
[4]: 133.260223 137.093811
[4]: 136.931274 133.075012
[4]: 124.751877 118.086906
[4]: 131.440079 129.906662
[4]: 67.537270 74.227898
[4]: 133.672119 133.324158
[4]: 134.105469 140.945679
[4]: 128.465714 131.868683
[4]: 16941751902142464.000000 128.115768
[3]: 125.108948 129.667557
[3]: 129.990280 129.926086
[3]: 124.649635 127.448074
[3]: 73.018005 60.540619
[3]: 133.735931 131.771637
[3]: 128.091949 126.479179
[3]: 134.458694 135.141663
[3]: 130.017151 130.633560
[3]: 133.542114 135.352875
[3]: 129.691391 125.978561
[3]: 112.946747 119.108917
[3]: 125.298210 127.657806
[3]: 126.973663 128.203644
[3]: 131.786499 132.660767
[3]: 131.600922 129.234131
[3]: 132.768021 131.750046
[3]: 133.759399 132.714172
[3]: 124.942772 155.685638
[3]: 123.635025 124.603302
[3]: 123.880127 122.442459
[3]: 129.344421 124.990410
[3]: 141.149994 136.959061
[3]: 131.533157 132.554504
[3]: 134.489960 128.384995
[3]: 131.913849 129.326920
[3]: 123.090752 120.673088
[3]: 125.465881 128.321609
[3]: 126.096024 128.891006
[3]: 121.500793 125.635117
[3]: 79.697861 64.354279
[3]: 126.969254 128.957504
[3]: 126.047798 117.774368
[3]: 127.971695 124.986511
[3]: 10601069134479360.000000 121.671371
[2]: 126.950348 127.894775
[2]: 133.533691 136.264862
[2]: 131.145996 137.254089
[2]: 121.583107 113.327965
[2]: 135.781601 139.689117
[2]: 129.272339 126.364342
[2]: 126.786003 130.981094
[2]: 128.752640 128.233978
[2]: 135.571518 143.741364
[2]: 138.032089 136.178146
[2]: 115.474205 114.198883
[2]: 125.370857 130.096924
[2]: 125.820877 122.856323
[2]: 135.194382 141.394409
[2]: 131.466782 131.694214
[2]: 126.345459 125.654327
[2]: 132.378098 135.343277
[2]: 58.292007 68.268845
[2]: 129.884827 129.859833
[2]: 121.938103 117.726288
[2]: 132.667267 129.149658
[2]: 143.300400 144.983566
[2]: 136.732605 140.783249
[2]: 135.614594 136.607025
[2]: 126.424492 122.202629
[2]: 121.968323 115.770721
[2]: 123.996140 127.232552
[2]: 131.960068 141.488953
[2]: 117.579491 117.123810
[2]: 165.089233 187.028641
[2]: 118.414780 115.487915
[2]: 123.458282 115.701958
[2]: 130.851410 126.823853
[2]: 13355108465115136.000000 119.795769
[1]: 127.901779 124.435265
[1]: 127.471359 126.022057
[1]: 127.379921 136.218262
[1]: 127.525314 195.582352
[1]: 128.181427 128.496063
[1]: 127.423538 127.885963
[1]: 127.356049 126.182396
[1]: 127.222542 126.707695
[1]: 127.118706 139.348587
[1]: 127.188004 128.695145
[1]: 127.549744 120.969055
[1]: 127.940575 129.116302
[1]: 127.842880 129.162750
[1]: 127.267906 133.181931
[1]: 127.105331 133.151993
[1]: 127.644928 118.258011
[1]: 127.718880 134.611816
[1]: 127.781891 191.817841
[1]: 127.534515 132.786499
[1]: 126.893906 122.490532
[1]: 127.576462 125.744560
[1]: 127.796494 135.743011
[1]: 127.622307 140.021667
[1]: 127.162994 134.113419
[1]: 127.269859 129.365189
[1]: 127.681412 119.186768
[1]: 127.846275 122.164551
[1]: 127.641411 136.165558
[1]: 127.656830 127.482735
[1]: 127.495361 131.550781
[1]: 128.044312 119.676590
[1]: 127.318626 117.413986
[1]: 127.497551 126.122925
[1]: 3541774987427840.000000 130.843796
[0]: 124.136299 124.891190
[0]: 124.501846 117.632103
[0]: 120.905319 117.247887
[0]: 84.855614 91.521843
[0]: 124.601250 115.437042
[0]: 126.952995 129.795883
[0]: 124.559464 121.578682
[0]: 126.849861 123.861870
[0]: 117.240395 103.972305
[0]: 122.577362 121.032570
[0]: 140.955215 151.454742
[0]: 126.849228 124.158813
[0]: 128.888779 131.248230
[0]: 116.782097 105.238052
[0]: 117.613258 117.011108
[0]: 133.147278 130.063766
[0]: 119.802025 116.268654
[0]: 118.998306 155.970764
[0]: 124.102699 124.307205
[0]: 132.531128 141.321823
[0]: 124.807678 127.129501
[0]: 112.568619 105.662453
[0]: 117.014236 105.882210
[0]: 117.781860 112.333275
[0]: 126.336075 126.447815
[0]: 136.496826 147.295670
[0]: 134.728470 128.576889
[0]: 123.081970 112.386185
[0]: 135.279388 138.924698
[0]: 147.777878 185.904358
[0]: 137.211914 143.981277
[0]: 137.874054 146.401062
[0]: 122.987656 127.767845
[0]: 7364214813360128.000000 137.356873
