[4]: 133.555588 132.432159
[4]: 126.232582 126.836334
[4]: 116.631165 117.904129
[4]: 172.874161 173.930054
[4]: 126.420830 124.594322
[4]: 126.580826 126.765602
[4]: 121.986900 122.387993
[4]: 128.316772 126.389420
[4]: 113.084023 111.252876
[4]: 122.921890 123.659187
[4]: 134.819885 133.923080
[4]: 128.564102 128.397034
[4]: 129.008514 127.930695
[4]: 123.052307 122.162163
[4]: 125.026588 123.592026
[4]: 134.402206 132.753708
[4]: 119.731995 118.670052
[4]: 67.622406 67.263580
[4]: 125.009071 125.855522
[4]: 131.186356 131.628586
[4]: 129.941620 130.921097
[4]: 113.776649 113.843704
[4]: 117.266907 117.078583
[4]: 122.366783 123.219727
[4]: 127.403389 128.845459
[4]: 137.314789 137.093811
[4]: 135.587448 133.075012
[4]: 118.151321 118.086906
[4]: 130.844101 129.906662
[4]: 73.027534 74.227898
[4]: 134.099167 133.324158
[4]: 139.031479 140.945679
[4]: 131.933655 131.868683
[4]: 129.828171 128.115768
[3]: 127.220520 129.667557
[3]: 129.271408 129.926086
[3]: 127.833244 127.448074
[3]: 60.923450 60.540619
[3]: 131.866486 131.771637
[3]: 127.288254 126.479179
[3]: 135.253296 135.141663
[3]: 129.365738 130.633560
[3]: 134.712219 135.352875
[3]: 126.547096 125.978561
[3]: 117.357864 119.108917
[3]: 126.478111 127.657806
[3]: 127.192589 128.203644
[3]: 131.758804 132.660767
[3]: 128.842453 129.234131
[3]: 130.454544 131.750046
[3]: 133.017014 132.714172
[3]: 158.516739 155.685638
[3]: 124.094109 124.603302
[3]: 123.982597 122.442459
[3]: 126.158249 124.990410
[3]: 137.514633 136.959061
[3]: 131.883652 132.554504
[3]: 129.986664 128.384995
[3]: 130.355988 129.326920
[3]: 120.872650 120.673088
[3]: 126.083107 128.321609
[3]: 129.282867 128.891006
[3]: 125.488174 125.635117
[3]: 64.944054 64.354279
[3]: 129.295364 128.957504
[3]: 121.138741 117.774368
[3]: 125.606087 124.986511
[3]: 121.832306 121.671371
[2]: 126.693504 127.894775
[2]: 137.091995 136.264862
[2]: 136.666794 137.254089
[2]: 111.503311 113.327965
[2]: 138.609482 139.689117
[2]: 126.759987 126.364342
[2]: 129.317902 130.981094
[2]: 128.006927 128.233978
[2]: 141.736786 143.741364
[2]: 137.968750 136.178146
[2]: 114.194740 114.198883
[2]: 128.545563 130.096924
[2]: 122.529053 122.856323
[2]: 140.326584 141.394409
[2]: 131.744278 131.694214
[2]: 125.307610 125.654327
[2]: 134.243362 135.343277
[2]: 67.066719 68.268845
[2]: 130.816177 129.859833
[2]: 117.331131 117.726288
[2]: 130.968994 129.149658
[2]: 145.004547 144.983566
[2]: 141.726501 140.783249
[2]: 138.018341 136.607025
[2]: 123.871979 122.202629
[2]: 115.455719 115.770721
[2]: 125.213707 127.232552
[2]: 140.465530 141.488953
[2]: 116.551697 117.123810
[2]: 185.635147 187.028641
[2]: 115.566124 115.487915
[2]: 116.570030 115.701958
[2]: 126.278122 126.823853
[2]: 119.101730 119.795769
[1]: 125.801727 124.435265
[1]: 127.084526 126.022057
[1]: 137.344894 136.218262
[1]: 196.442902 195.582352
[1]: 127.044327 128.496063
[1]: 127.599564 127.885963
[1]: 127.163368 126.182396
[1]: 126.083908 126.707695
[1]: 137.854156 139.348587
[1]: 128.653549 128.695145
[1]: 120.182922 120.969055
[1]: 130.269318 129.116302
[1]: 128.673035 129.162750
[1]: 133.482468 133.181931
[1]: 132.725693 133.151993
[1]: 118.059128 118.258011
[1]: 134.126831 134.611816
[1]: 190.633224 191.817841
[1]: 133.654404 132.786499
[1]: 122.805939 122.490532
[1]: 125.655113 125.744560
[1]: 136.628616 135.743011
[1]: 139.207230 140.021667
[1]: 133.830948 134.113419
[1]: 129.141479 129.365189
[1]: 119.096214 119.186768
[1]: 121.552505 122.164551
[1]: 135.494781 136.165558
[1]: 126.340370 127.482735
[1]: 133.085938 131.550781
[1]: 118.774307 119.676590
[1]: 116.481773 117.413986
[1]: 125.874413 126.122925
[1]: 128.778275 130.843796
[0]: 126.111618 124.891190
[0]: 116.886490 117.632103
[0]: 117.578293 117.247887
[0]: 92.705132 91.521843
[0]: 116.045143 115.437042
[0]: 129.012634 129.795883
[0]: 122.601768 121.578682
[0]: 124.078766 123.861870
[0]: 106.428581 103.972305
[0]: 119.296501 121.032570
[0]: 153.395386 151.454742
[0]: 125.649498 124.158813
[0]: 132.105087 131.248230
[0]: 105.966896 105.238052
[0]: 116.248688 117.011108
[0]: 130.285843 130.063766
[0]: 116.474243 116.268654
[0]: 155.605988 155.970764
[0]: 123.783127 124.307205
[0]: 140.251877 141.321823
[0]: 125.022446 127.129501
[0]: 104.055809 105.662453
[0]: 106.210678 105.882210
[0]: 110.208527 112.333275
[0]: 125.323074 126.447815
[0]: 147.349640 147.295670
[0]: 131.138702 128.576889
[0]: 113.673492 112.386185
[0]: 140.005676 138.924698
[0]: 186.902908 185.904358
[0]: 143.759399 143.981277
[0]: 144.919250 146.401062
[0]: 127.853897 127.767845
[0]: 138.383789 137.356873
