[4]: 133.350342 132.432159
[4]: 126.356979 126.836334
[4]: 117.247849 117.904129
[4]: 173.269745 173.930054
[4]: 125.652824 124.594322
[4]: 126.486832 126.765602
[4]: 121.918938 122.387993
[4]: 127.538391 126.389420
[4]: 111.864609 111.252876
[4]: 122.910400 123.659187
[4]: 134.126617 133.923080
[4]: 128.876785 128.397034
[4]: 128.682877 127.930695
[4]: 122.503441 122.162163
[4]: 125.131592 123.592026
[4]: 133.783554 132.753708
[4]: 119.177544 118.670052
[4]: 67.295532 67.263580
[4]: 125.305733 125.855522
[4]: 131.802933 131.628586
[4]: 130.341553 130.921097
[4]: 114.005379 113.843704
[4]: 117.416847 117.078583
[4]: 122.631317 123.219727
[4]: 128.004745 128.845459
[4]: 136.979202 137.093811
[4]: 134.642303 133.075012
[4]: 117.566071 118.086906
[4]: 130.746933 129.906662
[4]: 73.753265 74.227898
[4]: 133.551605 133.324158
[4]: 139.664841 140.945679
[4]: 131.925827 131.868683
[4]: 128.603714 128.115768
[3]: 128.068390 129.667557
[3]: 129.602142 129.926086
[3]: 127.030357 127.448074
[3]: 60.712387 60.540619
[3]: 132.205933 131.771637
[3]: 127.568497 126.479179
[3]: 135.253036 135.141663
[3]: 129.850174 130.633560
[3]: 134.748917 135.352875
[3]: 126.212425 125.978561
[3]: 117.668259 119.108917
[3]: 126.817383 127.657806
[3]: 127.875046 128.203644
[3]: 132.402939 132.660767
[3]: 128.453568 129.234131
[3]: 131.428833 131.750046
[3]: 132.950623 132.714172
[3]: 157.275253 155.685638
[3]: 123.943588 124.603302
[3]: 122.825760 122.442459
[3]: 125.412491 124.990410
[3]: 137.256393 136.959061
[3]: 131.808853 132.554504
[3]: 129.516159 128.384995
[3]: 129.592758 129.326920
[3]: 120.922935 120.673088
[3]: 127.101166 128.321609
[3]: 128.990143 128.891006
[3]: 125.418434 125.635117
[3]: 64.442451 64.354279
[3]: 129.416550 128.957504
[3]: 119.880135 117.774368
[3]: 125.157425 124.986511
[3]: 122.333931 121.671371
[2]: 126.609077 127.894775
[2]: 137.178986 136.264862
[2]: 137.348389 137.254089
[2]: 111.996811 113.327965
[2]: 139.439590 139.689117
[2]: 126.421242 126.364342
[2]: 129.951324 130.981094
[2]: 128.027283 128.233978
[2]: 142.840652 143.741364
[2]: 137.271072 136.178146
[2]: 114.695740 114.198883
[2]: 128.891800 130.096924
[2]: 122.436005 122.856323
[2]: 140.727020 141.394409
[2]: 131.442474 131.694214
[2]: 125.261887 125.654327
[2]: 134.500397 135.343277
[2]: 67.772820 68.268845
[2]: 130.721909 129.859833
[2]: 116.787346 117.726288
[2]: 130.727097 129.149658
[2]: 144.687759 144.983566
[2]: 141.630539 140.783249
[2]: 138.039902 136.607025
[2]: 123.050591 122.202629
[2]: 115.241783 115.770721
[2]: 126.171165 127.232552
[2]: 140.838730 141.488953
[2]: 116.522659 117.123810
[2]: 186.051544 187.028641
[2]: 115.077881 115.487915
[2]: 116.873123 115.701958
[2]: 126.342560 126.823853
[2]: 119.736511 119.795769
[1]: 125.532204 124.435265
[1]: 126.277161 126.022057
[1]: 136.540573 136.218262
[1]: 195.922714 195.582352
[1]: 127.602890 128.496063
[1]: 127.551598 127.885963
[1]: 126.798805 126.182396
[1]: 126.976334 126.707695
[1]: 138.880737 139.348587
[1]: 129.342957 128.695145
[1]: 120.967415 120.969055
[1]: 129.915894 129.116302
[1]: 128.649048 129.162750
[1]: 133.508072 133.181931
[1]: 132.845276 133.151993
[1]: 117.960892 118.258011
[1]: 134.333496 134.611816
[1]: 191.083649 191.817841
[1]: 133.244873 132.786499
[1]: 123.091019 122.490532
[1]: 125.601486 125.744560
[1]: 136.069839 135.743011
[1]: 139.563385 140.021667
[1]: 133.439941 134.113419
[1]: 129.670929 129.365189
[1]: 119.395332 119.186768
[1]: 121.522575 122.164551
[1]: 135.871658 136.165558
[1]: 126.691422 127.482735
[1]: 132.212296 131.550781
[1]: 119.235100 119.676590
[1]: 116.751549 117.413986
[1]: 126.184204 126.122925
[1]: 129.586365 130.843796
[0]: 125.817741 124.891190
[0]: 117.225334 117.632103
[0]: 117.906815 117.247887
[0]: 92.223701 91.521843
[0]: 115.044792 115.437042
[0]: 129.217087 129.795883
[0]: 122.420288 121.578682
[0]: 123.405014 123.861870
[0]: 105.387932 103.972305
[0]: 119.673416 121.032570
[0]: 152.352417 151.454742
[0]: 124.949203 124.158813
[0]: 131.818863 131.248230
[0]: 105.431870 105.238052
[0]: 116.756653 117.011108
[0]: 130.106491 130.063766
[0]: 116.641411 116.268654
[0]: 155.591721 155.970764
[0]: 124.148445 124.307205
[0]: 141.102539 141.321823
[0]: 125.745583 127.129501
[0]: 105.072418 105.662453
[0]: 105.835075 105.882210
[0]: 110.861336 112.333275
[0]: 125.806763 126.447815
[0]: 147.545303 147.295670
[0]: 130.084091 128.576889
[0]: 113.801010 112.386185
[0]: 139.799469 138.924698
[0]: 186.773727 185.904358
[0]: 144.249008 143.981277
[0]: 144.998795 146.401062
[0]: 127.953575 127.767845
[0]: 137.549942 137.356873
