[4]: 132.467163 132.432159
[4]: 126.769432 126.836334
[4]: 117.997467 117.904129
[4]: 174.003967 173.930054
[4]: 124.507965 124.594322
[4]: 126.830360 126.765602
[4]: 122.460266 122.387993
[4]: 126.338402 126.389420
[4]: 111.398224 111.252876
[4]: 123.657875 123.659187
[4]: 133.923141 133.923080
[4]: 128.331741 128.397034
[4]: 127.758263 127.930695
[4]: 122.054039 122.162163
[4]: 123.473656 123.592026
[4]: 132.573486 132.753708
[4]: 118.617386 118.670052
[4]: 67.340858 67.263580
[4]: 125.927345 125.855522
[4]: 131.687897 131.628586
[4]: 130.875122 130.921097
[4]: 113.820930 113.843704
[4]: 117.055229 117.078583
[4]: 123.335945 123.219727
[4]: 128.859283 128.845459
[4]: 137.073853 137.093811
[4]: 133.070602 133.075012
[4]: 118.050156 118.086906
[4]: 129.846283 129.906662
[4]: 74.227081 74.227898
[4]: 133.251877 133.324158
[4]: 141.025833 140.945679
[4]: 131.866333 131.868683
[4]: 128.075989 128.115768
[3]: 129.709778 129.667557
[3]: 129.980423 129.926086
[3]: 127.420715 127.448074
[3]: 60.528664 60.540619
[3]: 131.772018 131.771637
[3]: 126.472038 126.479179
[3]: 135.149368 135.141663
[3]: 130.663986 130.633560
[3]: 135.335693 135.352875
[3]: 126.002960 125.978561
[3]: 119.112938 119.108917
[3]: 127.680214 127.657806
[3]: 128.250061 128.203644
[3]: 132.711487 132.660767
[3]: 129.261520 129.234131
[3]: 131.775131 131.750046
[3]: 132.750717 132.714172
[3]: 155.663605 155.685638
[3]: 124.609077 124.603302
[3]: 122.429062 122.442459
[3]: 125.037598 124.990410
[3]: 136.944153 136.959061
[3]: 132.559006 132.554504
[3]: 128.319321 128.384995
[3]: 129.349197 129.326920
[3]: 120.678337 120.673088
[3]: 128.319870 128.321609
[3]: 128.920837 128.891006
[3]: 125.681458 125.635117
[3]: 64.333519 64.354279
[3]: 129.012634 128.957504
[3]: 117.767723 117.774368
[3]: 124.990097 124.986511
[3]: 121.658447 121.671371
[2]: 127.904228 127.894775
[2]: 136.180069 136.264862
[2]: 137.262833 137.254089
[2]: 113.267143 113.327965
[2]: 139.691620 139.689117
[2]: 126.326157 126.364342
[2]: 130.994736 130.981094
[2]: 128.256943 128.233978
[2]: 143.666031 143.741364
[2]: 136.148727 136.178146
[2]: 114.135330 114.198883
[2]: 130.151199 130.096924
[2]: 122.961639 122.856323
[2]: 141.381424 141.394409
[2]: 131.681427 131.694214
[2]: 125.785484 125.654327
[2]: 135.404465 135.343277
[2]: 68.280701 68.268845
[2]: 129.883011 129.859833
[2]: 117.699280 117.726288
[2]: 129.161240 129.149658
[2]: 144.998398 144.983566
[2]: 140.789871 140.783249
[2]: 136.564438 136.607025
[2]: 122.166748 122.202629
[2]: 115.853348 115.770721
[2]: 127.273285 127.232552
[2]: 141.485733 141.488953
[2]: 117.145851 117.123810
[2]: 187.024078 187.028641
[2]: 115.524086 115.487915
[2]: 115.609253 115.701958
[2]: 126.847771 126.823853
[2]: 119.819534 119.795769
[1]: 124.332008 124.435265
[1]: 126.113449 126.022057
[1]: 136.171967 136.218262
[1]: 195.552124 195.582352
[1]: 128.578659 128.496063
[1]: 127.836922 127.885963
[1]: 126.115166 126.182396
[1]: 126.660034 126.707695
[1]: 139.326706 139.348587
[1]: 128.766693 128.695145
[1]: 120.954514 120.969055
[1]: 129.106277 129.116302
[1]: 129.253357 129.162750
[1]: 133.301804 133.181931
[1]: 133.260452 133.151993
[1]: 118.316948 118.258011
[1]: 134.648560 134.611816
[1]: 191.848862 191.817841
[1]: 132.768967 132.786499
[1]: 122.455292 122.490532
[1]: 125.716759 125.744560
[1]: 135.745010 135.743011
[1]: 140.062195 140.021667
[1]: 134.090820 134.113419
[1]: 129.407150 129.365189
[1]: 119.131165 119.186768
[1]: 122.124535 122.164551
[1]: 136.233536 136.165558
[1]: 127.544319 127.482735
[1]: 131.602448 131.550781
[1]: 119.708954 119.676590
[1]: 117.332710 117.413986
[1]: 126.082863 126.122925
[1]: 130.891388 130.843796
[0]: 124.903946 124.891190
[0]: 117.634247 117.632103
[0]: 117.234833 117.247887
[0]: 91.576141 91.521843
[0]: 115.439926 115.437042
[0]: 129.829010 129.795883
[0]: 121.557510 121.578682
[0]: 123.913177 123.861870
[0]: 103.968552 103.972305
[0]: 120.962311 121.032570
[0]: 151.517517 151.454742
[0]: 124.158348 124.158813
[0]: 131.174072 131.248230
[0]: 105.194580 105.238052
[0]: 117.014954 117.011108
[0]: 130.012726 130.063766
[0]: 116.196800 116.268654
[0]: 156.017853 155.970764
[0]: 124.223640 124.307205
[0]: 141.329437 141.321823
[0]: 127.138863 127.129501
[0]: 105.708252 105.662453
[0]: 105.875832 105.882210
[0]: 112.361649 112.333275
[0]: 126.405228 126.447815
[0]: 147.263367 147.295670
[0]: 128.573242 128.576889
[0]: 112.338318 112.386185
[0]: 138.846603 138.924698
[0]: 185.858917 185.904358
[0]: 143.912491 143.981277
[0]: 146.483597 146.401062
[0]: 127.778587 127.767845
[0]: 137.337799 137.356873
