[4]: 132.915924 132.432159
[4]: 126.576752 126.836334
[4]: 117.837387 117.904129
[4]: 173.830170 173.930054
[4]: 124.679214 124.594322
[4]: 126.802597 126.765602
[4]: 122.264839 122.387993
[4]: 126.421669 126.389420
[4]: 111.485931 111.252876
[4]: 123.762344 123.659187
[4]: 133.759094 133.923080
[4]: 128.564392 128.397034
[4]: 127.996437 127.930695
[4]: 121.984627 122.162163
[4]: 123.676834 123.592026
[4]: 132.801575 132.753708
[4]: 118.718994 118.670052
[4]: 67.298363 67.263580
[4]: 125.802048 125.855522
[4]: 131.768204 131.628586
[4]: 130.810135 130.921097
[4]: 113.678345 113.843704
[4]: 117.133453 117.078583
[4]: 123.186150 123.219727
[4]: 128.709808 128.845459
[4]: 137.090897 137.093811
[4]: 133.311356 133.075012
[4]: 118.201439 118.086906
[4]: 130.064667 129.906662
[4]: 74.083443 74.227898
[4]: 133.488785 133.324158
[4]: 140.683731 140.945679
[4]: 131.949280 131.868683
[4]: 128.086929 128.115768
[3]: 129.402191 129.667557
[3]: 130.009430 129.926086
[3]: 127.356438 127.448074
[3]: 60.681919 60.540619
[3]: 131.644882 131.771637
[3]: 126.799721 126.479179
[3]: 135.162781 135.141663
[3]: 130.653854 130.633560
[3]: 135.386765 135.352875
[3]: 125.562408 125.978561
[3]: 118.919624 119.108917
[3]: 127.785217 127.657806
[3]: 128.143753 128.203644
[3]: 132.795898 132.660767
[3]: 128.976852 129.234131
[3]: 131.694473 131.750046
[3]: 132.738831 132.714172
[3]: 155.737900 155.685638
[3]: 124.491074 124.603302
[3]: 122.440552 122.442459
[3]: 125.234352 124.990410
[3]: 137.248154 136.959061
[3]: 132.603180 132.554504
[3]: 128.539169 128.384995
[3]: 129.319489 129.326920
[3]: 120.641068 120.673088
[3]: 128.221176 128.321609
[3]: 128.953842 128.891006
[3]: 125.466125 125.635117
[3]: 64.301628 64.354279
[3]: 128.771027 128.957504
[3]: 117.842133 117.774368
[3]: 125.026894 124.986511
[3]: 122.047943 121.671371
[2]: 127.614853 127.894775
[2]: 136.530396 136.264862
[2]: 137.358063 137.254089
[2]: 113.340691 113.327965
[2]: 139.411118 139.689117
[2]: 126.658112 126.364342
[2]: 130.973785 130.981094
[2]: 128.119827 128.233978
[2]: 143.495743 143.741364
[2]: 136.306274 136.178146
[2]: 114.613815 114.198883
[2]: 129.896271 130.096924
[2]: 122.745674 122.856323
[2]: 141.227158 141.394409
[2]: 131.750931 131.694214
[2]: 125.162697 125.654327
[2]: 134.927490 135.343277
[2]: 68.207634 68.268845
[2]: 129.984863 129.859833
[2]: 117.497810 117.726288
[2]: 129.607758 129.149658
[2]: 144.857773 144.983566
[2]: 140.807114 140.783249
[2]: 136.703445 136.607025
[2]: 122.216873 122.202629
[2]: 115.749260 115.770721
[2]: 126.814041 127.232552
[2]: 141.404755 141.488953
[2]: 117.163895 117.123810
[2]: 187.066772 187.028641
[2]: 115.382523 115.487915
[2]: 116.075768 115.701958
[2]: 126.528084 126.823853
[2]: 119.650948 119.795769
[1]: 124.214729 124.435265
[1]: 125.984558 126.022057
[1]: 136.241714 136.218262
[1]: 195.737854 195.582352
[1]: 128.652679 128.496063
[1]: 127.505424 127.885963
[1]: 126.316048 126.182396
[1]: 126.731224 126.707695
[1]: 139.166763 139.348587
[1]: 128.868652 128.695145
[1]: 121.101242 120.969055
[1]: 128.858429 129.116302
[1]: 128.987289 129.162750
[1]: 133.370102 133.181931
[1]: 133.250916 133.151993
[1]: 118.339836 118.258011
[1]: 134.821152 134.611816
[1]: 191.776535 191.817841
[1]: 132.885971 132.786499
[1]: 122.664146 122.490532
[1]: 125.498482 125.744560
[1]: 135.886597 135.743011
[1]: 139.773346 140.021667
[1]: 134.088364 134.113419
[1]: 129.373764 129.365189
[1]: 119.220810 119.186768
[1]: 122.188599 122.164551
[1]: 136.030182 136.165558
[1]: 127.275795 127.482735
[1]: 131.758987 131.550781
[1]: 119.822014 119.676590
[1]: 117.635132 117.413986
[1]: 126.128616 126.122925
[1]: 130.546173 130.843796
[0]: 125.192772 124.891190
[0]: 117.549736 117.632103
[0]: 117.267418 117.247887
[0]: 91.277863 91.521843
[0]: 115.579353 115.437042
[0]: 129.511734 129.795883
[0]: 121.538261 121.578682
[0]: 123.895226 123.861870
[0]: 104.108887 103.972305
[0]: 121.032272 121.032570
[0]: 151.293793 151.454742
[0]: 124.328796 124.158813
[0]: 131.567032 131.248230
[0]: 105.210327 105.238052
[0]: 117.017891 117.011108
[0]: 130.507446 130.063766
[0]: 116.389061 116.268654
[0]: 156.192352 155.970764
[0]: 124.241821 124.307205
[0]: 141.255692 141.321823
[0]: 126.753296 127.129501
[0]: 105.459679 105.662453
[0]: 105.982025 105.882210
[0]: 112.096985 112.333275
[0]: 126.583717 126.447815
[0]: 147.352844 147.295670
[0]: 128.849518 128.576889
[0]: 112.403610 112.386185
[0]: 139.152969 138.924698
[0]: 185.896851 185.904358
[0]: 143.992813 143.981277
[0]: 145.993668 146.401062
[0]: 127.945557 127.767845
[0]: 137.484161 137.356873
