[4]: 133.883606 132.432159
[4]: 126.632256 126.836334
[4]: 117.054787 117.904129
[4]: 172.680695 173.930054
[4]: 126.489532 124.594322
[4]: 126.368141 126.765602
[4]: 122.062325 122.387993
[4]: 127.453140 126.389420
[4]: 112.776405 111.252876
[4]: 123.337143 123.659187
[4]: 134.608780 133.923080
[4]: 129.019501 128.397034
[4]: 128.580399 127.930695
[4]: 122.492943 122.162163
[4]: 125.205994 123.592026
[4]: 134.323425 132.753708
[4]: 119.317711 118.670052
[4]: 67.086983 67.263580
[4]: 125.890343 125.855522
[4]: 130.923889 131.628586
[4]: 129.874008 130.921097
[4]: 113.965111 113.843704
[4]: 116.871155 117.078583
[4]: 122.527672 123.219727
[4]: 127.387093 128.845459
[4]: 136.856796 137.093811
[4]: 135.097763 133.075012
[4]: 117.536156 118.086906
[4]: 130.927368 129.906662
[4]: 73.158661 74.227898
[4]: 134.358307 133.324158
[4]: 139.247467 140.945679
[4]: 131.992554 131.868683
[4]: 129.844666 128.115768
[3]: 126.973763 129.667557
[3]: 128.913101 129.926086
[3]: 126.965645 127.448074
[3]: 60.689934 60.540619
[3]: 131.879990 131.771637
[3]: 127.498474 126.479179
[3]: 135.108688 135.141663
[3]: 129.928558 130.633560
[3]: 134.531189 135.352875
[3]: 126.159760 125.978561
[3]: 117.547279 119.108917
[3]: 126.544937 127.657806
[3]: 127.643631 128.203644
[3]: 132.819946 132.660767
[3]: 128.801590 129.234131
[3]: 130.842194 131.750046
[3]: 133.242523 132.714172
[3]: 158.180832 155.685638
[3]: 123.818146 124.603302
[3]: 123.914970 122.442459
[3]: 125.578041 124.990410
[3]: 137.326691 136.959061
[3]: 132.138748 132.554504
[3]: 130.333023 128.384995
[3]: 130.211060 129.326920
[3]: 120.934570 120.673088
[3]: 126.863281 128.321609
[3]: 129.625900 128.891006
[3]: 125.503868 125.635117
[3]: 65.154526 64.354279
[3]: 128.885849 128.957504
[3]: 120.799721 117.774368
[3]: 125.353401 124.986511
[3]: 121.129227 121.671371
[2]: 126.529465 127.894775
[2]: 137.138107 136.264862
[2]: 137.111877 137.254089
[2]: 111.954948 113.327965
[2]: 138.917389 139.689117
[2]: 126.477074 126.364342
[2]: 129.411453 130.981094
[2]: 128.058762 128.233978
[2]: 141.863174 143.741364
[2]: 137.659119 136.178146
[2]: 114.266243 114.198883
[2]: 128.573883 130.096924
[2]: 122.669006 122.856323
[2]: 140.291199 141.394409
[2]: 131.496216 131.694214
[2]: 125.178299 125.654327
[2]: 134.369980 135.343277
[2]: 67.517426 68.268845
[2]: 130.863892 129.859833
[2]: 117.071045 117.726288
[2]: 130.775696 129.149658
[2]: 145.023758 144.983566
[2]: 141.948410 140.783249
[2]: 138.190414 136.607025
[2]: 123.760307 122.202629
[2]: 115.287460 115.770721
[2]: 125.513672 127.232552
[2]: 140.965790 141.488953
[2]: 116.501877 117.123810
[2]: 185.902802 187.028641
[2]: 114.963005 115.487915
[2]: 117.110519 115.701958
[2]: 126.281319 126.823853
[2]: 119.141457 119.795769
[1]: 126.044273 124.435265
[1]: 126.314415 126.022057
[1]: 136.729935 136.218262
[1]: 196.390091 195.582352
[1]: 127.349617 128.496063
[1]: 127.513992 127.885963
[1]: 126.356049 126.182396
[1]: 126.984261 126.707695
[1]: 138.308212 139.348587
[1]: 129.000000 128.695145
[1]: 120.743355 120.969055
[1]: 130.080170 129.116302
[1]: 129.002014 129.162750
[1]: 133.253159 133.181931
[1]: 132.735291 133.151993
[1]: 118.249748 118.258011
[1]: 134.049927 134.611816
[1]: 190.704422 191.817841
[1]: 132.661469 132.786499
[1]: 123.143753 122.490532
[1]: 125.889198 125.744560
[1]: 136.293472 135.743011
[1]: 139.767853 140.021667
[1]: 133.225006 134.113419
[1]: 129.318604 129.365189
[1]: 119.543076 119.186768
[1]: 121.556023 122.164551
[1]: 135.176559 136.165558
[1]: 126.274635 127.482735
[1]: 132.257431 131.550781
[1]: 118.912308 119.676590
[1]: 116.247192 117.413986
[1]: 125.949753 126.122925
[1]: 129.490967 130.843796
[0]: 125.978615 124.891190
[0]: 117.663658 117.632103
[0]: 118.180450 117.247887
[0]: 92.618484 91.521843
[0]: 115.303185 115.437042
[0]: 129.403595 129.795883
[0]: 123.456413 121.578682
[0]: 123.359444 123.861870
[0]: 106.224770 103.972305
[0]: 119.204498 121.032570
[0]: 152.753159 151.454742
[0]: 125.254829 124.158813
[0]: 131.552094 131.248230
[0]: 105.675514 105.238052
[0]: 116.331017 117.011108
[0]: 129.957657 130.063766
[0]: 116.566345 116.268654
[0]: 155.303101 155.970764
[0]: 124.138107 124.307205
[0]: 140.539810 141.321823
[0]: 125.708923 127.129501
[0]: 104.327919 105.662453
[0]: 105.415527 105.882210
[0]: 110.104271 112.333275
[0]: 125.418449 126.447815
[0]: 147.528473 147.295670
[0]: 130.552780 128.576889
[0]: 113.706001 112.386185
[0]: 140.028687 138.924698
[0]: 186.740356 185.904358
[0]: 144.484924 143.981277
[0]: 144.826935 146.401062
[0]: 128.011505 127.767845
[0]: 138.306015 137.356873
