[4]: 90.089676 132.432159
[4]: 128.521729 126.836334
[4]: 126.079834 117.904129
[4]: 174.551331 173.930054
[4]: 130.296219 124.594322
[4]: 128.913101 126.765602
[4]: 127.174904 122.387993
[4]: 127.614395 126.389420
[4]: 129.277115 111.252876
[4]: 129.907913 123.659187
[4]: 127.514580 133.923080
[4]: 128.596741 128.397034
[4]: 125.518661 127.930695
[4]: 131.182556 122.162163
[4]: 126.325310 123.592026
[4]: 132.776321 132.753708
[4]: 127.328522 118.670052
[4]: 60.293015 67.263580
[4]: 126.086029 125.855522
[4]: 127.734474 131.628586
[4]: 130.094635 130.921097
[4]: 129.613586 113.843704
[4]: 130.510864 117.078583
[4]: 130.250870 123.219727
[4]: 126.888016 128.845459
[4]: 125.863373 137.093811
[4]: 127.781639 133.075012
[4]: 129.196777 118.086906
[4]: 123.260719 129.906662
[4]: 124.759697 74.227898
[4]: 126.372337 133.324158
[4]: 171.290604 140.945679
[4]: 128.495117 131.868683
[4]: 123.402885 128.115768
[3]: 169.902481 129.667557
[3]: 126.792000 129.926086
[3]: 126.280609 127.448074
[3]: 86.135246 60.540619
[3]: 128.955200 131.771637
[3]: 128.507782 126.479179
[3]: 129.856964 135.141663
[3]: 127.917267 130.633560
[3]: 126.617477 135.352875
[3]: 125.954071 125.978561
[3]: 125.103470 119.108917
[3]: 128.673889 127.657806
[3]: 127.252090 128.203644
[3]: 128.110046 132.660767
[3]: 127.487190 129.234131
[3]: 130.558670 131.750046
[3]: 128.080826 132.714172
[3]: 126.725410 155.685638
[3]: 126.576508 124.603302
[3]: 127.015144 122.442459
[3]: 127.747986 124.990410
[3]: 127.825546 136.959061
[3]: 126.611038 132.554504
[3]: 127.246712 128.384995
[3]: 127.730713 129.326920
[3]: 125.033195 120.673088
[3]: 127.790939 128.321609
[3]: 126.875374 128.891006
[3]: 128.521225 125.635117
[3]: 59.317268 64.354279
[3]: 128.544662 128.957504
[3]: 83.514931 117.774368
[3]: 127.576996 124.986511
[3]: 126.462135 121.671371
[2]: 169.295670 127.894775
[2]: 129.453323 136.264862
[2]: 131.432602 137.254089
[2]: 95.494308 113.327965
[2]: 132.016174 139.689117
[2]: 127.222893 126.364342
[2]: 130.632874 130.981094
[2]: 131.383759 128.233978
[2]: 136.114319 143.741364
[2]: 131.069717 136.178146
[2]: 117.118080 114.198883
[2]: 129.192123 130.096924
[2]: 131.474289 122.856323
[2]: 137.857498 141.394409
[2]: 131.762970 131.694214
[2]: 130.155380 125.654327
[2]: 136.533646 135.343277
[2]: 121.767212 68.268845
[2]: 129.559937 129.859833
[2]: 121.163071 117.726288
[2]: 128.071609 129.149658
[2]: 133.556015 144.983566
[2]: 137.718536 140.783249
[2]: 138.783936 136.607025
[2]: 127.141167 122.202629
[2]: 122.359741 115.770721
[2]: 123.433067 127.232552
[2]: 131.180649 141.488953
[2]: 119.608231 117.123810
[2]: 187.547928 187.028641
[2]: 123.005814 115.487915
[2]: 73.633507 115.701958
[2]: 134.538742 126.823853
[2]: 121.315224 119.795769
[1]: 83.884453 124.435265
[1]: 128.091843 126.022057
[1]: 134.263275 136.218262
[1]: 181.202759 195.582352
[1]: 130.260040 128.496063
[1]: 126.578651 127.885963
[1]: 131.356354 126.182396
[1]: 128.681152 126.707695
[1]: 133.709015 139.348587
[1]: 128.501160 128.695145
[1]: 117.585442 120.969055
[1]: 126.849953 129.116302
[1]: 131.916412 129.162750
[1]: 133.054642 133.181931
[1]: 132.438248 133.151993
[1]: 124.374809 118.258011
[1]: 137.283569 134.611816
[1]: 189.824799 191.817841
[1]: 130.276398 132.786499
[1]: 121.100029 122.490532
[1]: 124.876274 125.744560
[1]: 132.083435 135.743011
[1]: 133.493668 140.021667
[1]: 135.231247 134.113419
[1]: 129.141098 129.365189
[1]: 123.086136 119.186768
[1]: 123.613380 122.164551
[1]: 130.386078 136.165558
[1]: 126.145416 127.482735
[1]: 116.242439 131.550781
[1]: 125.730934 119.676590
[1]: 158.408310 117.413986
[1]: 131.708557 126.122925
[1]: 126.758797 130.843796
[0]: 124.354759 124.891190
[0]: 123.220619 117.632103
[0]: 115.390808 117.247887
[0]: 88.731277 91.521843
[0]: 115.268387 115.437042
[0]: 124.940628 129.795883
[0]: 113.248413 121.578682
[0]: 117.503738 123.861870
[0]: 102.290703 103.972305
[0]: 117.554512 121.032570
[0]: 160.694901 151.454742
[0]: 125.577835 124.158813
[0]: 121.280769 131.248230
[0]: 96.529625 105.238052
[0]: 113.366364 117.011108
[0]: 116.355873 130.063766
[0]: 101.387680 116.268654
[0]: 151.594681 155.970764
[0]: 124.419037 124.307205
[0]: 141.938736 141.321823
[0]: 126.651825 127.129501
[0]: 110.584755 105.662453
[0]: 101.956032 105.882210
[0]: 94.121529 112.333275
[0]: 124.605064 126.447815
[0]: 148.848007 147.295670
[0]: 140.425293 128.576889
[0]: 117.469704 112.386185
[0]: 146.648026 138.924698
[0]: 170.100204 185.904358
[0]: 140.320831 143.981277
[0]: 160.441696 146.401062
[0]: 109.748802 127.767845
[0]: 144.673035 137.356873
