[4]: 95.515305 132.432159
[4]: 131.715042 126.836334
[4]: 126.187737 117.904129
[4]: 185.249908 173.930054
[4]: 135.466614 124.594322
[4]: 128.099396 126.765602
[4]: 125.968697 122.387993
[4]: 133.247391 126.389420
[4]: 130.224258 111.252876
[4]: 131.307907 123.659187
[4]: 126.096870 133.923080
[4]: 125.047218 128.397034
[4]: 124.588608 127.930695
[4]: 139.562958 122.162163
[4]: 127.020958 123.592026
[4]: 130.649399 132.753708
[4]: 131.355301 118.670052
[4]: 58.475044 67.263580
[4]: 130.459137 125.855522
[4]: 127.970177 131.628586
[4]: 134.917648 130.921097
[4]: 133.533310 113.843704
[4]: 134.233215 117.078583
[4]: 135.561646 123.219727
[4]: 125.430695 128.845459
[4]: 120.667656 137.093811
[4]: 127.673393 133.075012
[4]: 129.784515 118.086906
[4]: 120.963829 129.906662
[4]: 126.620003 74.227898
[4]: 126.281303 133.324158
[4]: 165.437042 140.945679
[4]: 130.942429 131.868683
[4]: 120.472694 128.115768
[3]: 170.737488 129.667557
[3]: 126.572411 129.926086
[3]: 125.018135 127.448074
[3]: 86.858841 60.540619
[3]: 129.257935 131.771637
[3]: 127.066628 126.479179
[3]: 128.506042 135.141663
[3]: 128.480713 130.633560
[3]: 127.036331 135.352875
[3]: 125.140320 125.978561
[3]: 126.275238 119.108917
[3]: 128.627014 127.657806
[3]: 127.446815 128.203644
[3]: 127.285660 132.660767
[3]: 127.177299 129.234131
[3]: 129.631256 131.750046
[3]: 126.629196 132.714172
[3]: 127.045723 155.685638
[3]: 126.504311 124.603302
[3]: 126.475952 122.442459
[3]: 126.438133 124.990410
[3]: 127.661926 136.959061
[3]: 127.077171 132.554504
[3]: 127.006943 128.384995
[3]: 127.758072 129.326920
[3]: 125.495888 120.673088
[3]: 128.981415 128.321609
[3]: 127.195496 128.891006
[3]: 128.566177 125.635117
[3]: 63.115307 64.354279
[3]: 129.091187 128.957504
[3]: 83.626366 117.774368
[3]: 128.008484 124.986511
[3]: 125.782768 121.671371
[2]: 169.481476 127.894775
[2]: 128.868149 136.264862
[2]: 129.084747 137.254089
[2]: 83.776779 113.327965
[2]: 128.314514 139.689117
[2]: 128.302505 126.364342
[2]: 126.751801 130.981094
[2]: 127.890274 128.233978
[2]: 127.153984 143.741364
[2]: 129.282394 136.178146
[2]: 126.933296 114.198883
[2]: 127.607033 130.096924
[2]: 128.692032 122.856323
[2]: 129.219391 141.394409
[2]: 127.643173 131.694214
[2]: 126.342934 125.654327
[2]: 129.886581 135.343277
[2]: 128.864258 68.268845
[2]: 129.632141 129.859833
[2]: 126.727142 117.726288
[2]: 129.597046 129.149658
[2]: 127.824738 144.983566
[2]: 129.069748 140.783249
[2]: 128.317307 136.607025
[2]: 125.862305 122.202629
[2]: 128.212250 115.770721
[2]: 126.290115 127.232552
[2]: 127.814156 141.488953
[2]: 126.047630 117.123810
[2]: 191.875870 187.028641
[2]: 127.036140 115.487915
[2]: 85.456039 115.701958
[2]: 127.546684 126.823853
[2]: 127.624947 119.795769
[1]: 90.023140 124.435265
[1]: 128.672577 126.022057
[1]: 135.603531 136.218262
[1]: 187.816727 195.582352
[1]: 138.394913 128.496063
[1]: 125.259018 127.885963
[1]: 125.959419 126.182396
[1]: 133.807724 126.707695
[1]: 129.181335 139.348587
[1]: 126.586266 128.695145
[1]: 116.786888 120.969055
[1]: 123.987968 129.116302
[1]: 134.301620 129.162750
[1]: 139.896790 133.181931
[1]: 130.535126 133.151993
[1]: 123.576530 118.258011
[1]: 140.349274 134.611816
[1]: 193.073181 191.817841
[1]: 139.163437 132.786499
[1]: 122.980354 122.490532
[1]: 127.204849 125.744560
[1]: 128.786057 135.743011
[1]: 139.560928 140.021667
[1]: 137.733627 134.113419
[1]: 125.167938 129.365189
[1]: 117.717010 119.186768
[1]: 121.285187 122.164551
[1]: 134.669266 136.165558
[1]: 122.749336 127.482735
[1]: 123.329720 131.550781
[1]: 127.752548 119.676590
[1]: 156.687180 117.413986
[1]: 129.228714 126.122925
[1]: 124.742813 130.843796
[0]: 70.851112 124.891190
[0]: 119.881508 117.632103
[0]: 120.230759 117.247887
[0]: 126.006447 91.521843
[0]: 104.809578 115.437042
[0]: 128.276779 129.795883
[0]: 129.825974 121.578682
[0]: 108.545258 123.861870
[0]: 120.839638 103.972305
[0]: 122.677635 121.032570
[0]: 145.394623 151.454742
[0]: 135.678619 124.158813
[0]: 123.487213 131.248230
[0]: 93.458900 105.238052
[0]: 122.099693 117.011108
[0]: 127.528534 130.063766
[0]: 106.311104 116.268654
[0]: 136.604401 155.970764
[0]: 108.230759 124.307205
[0]: 131.191513 141.321823
[0]: 117.321274 127.129501
[0]: 119.587776 105.662453
[0]: 103.586578 105.882210
[0]: 102.340950 112.333275
[0]: 133.625595 126.447815
[0]: 151.182114 147.295670
[0]: 136.566788 128.576889
[0]: 117.047333 112.386185
[0]: 143.078384 138.924698
[0]: 134.532578 185.904358
[0]: 130.526779 143.981277
[0]: 189.227707 146.401062
[0]: 120.154678 127.767845
[0]: 141.729126 137.356873
