[16]: 1999  8 27  6 15 FLORENCE    7.1   5.2  125  119 1975  9 11  6 10 ALBERTO     7.2   5.5   37  230
[15]: 1976  8  7  6 14 BERYL       7.2   4.6   90   20 1978 12 14  0  5 JOYCE       7.1   4.3   43  618
[13]: 1964  6 25 12  9 ISAAC       7.1   5.8  132  283 2003 10 15 18  7 GORDON      7.0   5.5   96  195
[12]: 1975  9 11  6 10 ALBERTO     7.2   5.5   37  230 1999  8 27  6 15 FLORENCE    7.1   5.2  125  119
[10]: 1970  1 28 12 11 ISAAC       7.0   6.0   78   92 1962  1 15  0 20 OSCAR       7.2   4.7   94  108
[9]: 2003 10 15 18  7 GORDON      7.0   5.5   96  195 1975  9 11  6 10 ALBERTO     7.2   5.5   37  230
[8]: 1978 12 14  0  5 JOYCE       7.1   4.3   43  618 1976  8  7  6 14 BERYL       7.2   4.6   90   20
[7]: 1964  6 25 12  9 ISAAC       7.1   5.8  132  283 2003 10 15 18  7 GORDON      7.0   5.5   96  195
[6]: 1962  1 15  0 20 OSCAR       7.2   4.7   94  108 1970  1 28 12 11 ISAAC       7.0   6.0   78   92
[5]: 2003 10 15 18  7 GORDON      7.0   5.5   96  195 1964  6 25 12  9 ISAAC       7.1   5.8  132  283
[4]: 1978 12 14  0  5 JOYCE       7.1   4.3   43  618 1962  1 15  0 20 OSCAR       7.2   4.7   94  108
[2]: 1962  1 15  0 20 OSCAR       7.2   4.7   94  108 1978 12 14  0  5 JOYCE       7.1   4.3   43  618
[1]: 1999  8 27  6 15 FLORENCE    7.1   5.2  125  119 1964  6 25 12  9 ISAAC       7.1   5.8  132  283
