[4]: 132.356506 132.432159
[4]: 127.624672 126.836334
[4]: 124.206329 117.904129
[4]: 129.947388 173.930054
[4]: 128.433487 124.594322
[4]: 126.594299 126.765602
[4]: 128.439423 122.387993
[4]: 129.239929 126.389420
[4]: 125.595078 111.252876
[4]: 129.889999 123.659187
[4]: 138.679214 133.923080
[4]: 127.733444 128.397034
[4]: 125.193176 127.930695
[4]: 125.947128 122.162163
[4]: 127.651619 123.592026
[4]: 129.177643 132.753708
[4]: 124.715714 118.670052
[4]: 57.960796 67.263580
[4]: 126.907921 125.855522
[4]: 126.795410 131.628586
[4]: 127.374367 130.921097
[4]: 128.924500 113.843704
[4]: 122.497192 117.078583
[4]: 126.692955 123.219727
[4]: 125.762009 128.845459
[4]: 127.168869 137.093811
[4]: 128.468887 133.075012
[4]: 127.446388 118.086906
[4]: 127.322716 129.906662
[4]: 68.111938 74.227898
[4]: 126.772652 133.324158
[4]: 131.866394 140.945679
[4]: 129.965759 131.868683
[4]: 126.159904 128.115768
[3]: 126.500000 129.667557
[3]: 128.502182 129.926086
[3]: 128.002884 127.448074
[3]: 126.689705 60.540619
[3]: 129.385330 131.771637
[3]: 127.408066 126.479179
[3]: 127.481560 135.141663
[3]: 127.260956 130.633560
[3]: 129.335022 135.352875
[3]: 122.232170 125.978561
[3]: 114.597649 119.108917
[3]: 126.596939 127.657806
[3]: 131.563477 128.203644
[3]: 131.031998 132.660767
[3]: 127.301300 129.234131
[3]: 127.925865 131.750046
[3]: 130.322052 132.714172
[3]: 196.137100 155.685638
[3]: 127.619171 124.603302
[3]: 125.356094 122.442459
[3]: 126.276756 124.990410
[3]: 127.502762 136.959061
[3]: 131.082489 132.554504
[3]: 129.849091 128.384995
[3]: 129.562836 129.326920
[3]: 129.371643 120.673088
[3]: 127.371704 128.321609
[3]: 127.444496 128.891006
[3]: 126.257355 125.635117
[3]: 66.579147 64.354279
[3]: 130.931900 128.957504
[3]: 124.315750 117.774368
[3]: 125.423805 124.986511
[3]: 129.826035 121.671371
[2]: 125.842888 127.894775
[2]: 129.510056 136.264862
[2]: 130.589600 137.254089
[2]: 123.630058 113.327965
[2]: 132.735641 139.689117
[2]: 130.722885 126.364342
[2]: 128.897324 130.981094
[2]: 125.451813 128.233978
[2]: 127.626640 143.741364
[2]: 124.717339 136.178146
[2]: 58.455616 114.198883
[2]: 127.279503 130.096924
[2]: 126.408463 122.856323
[2]: 123.475266 141.394409
[2]: 128.191833 131.694214
[2]: 127.371880 125.654327
[2]: 129.134628 135.343277
[2]: 116.705040 68.268845
[2]: 127.399063 129.859833
[2]: 125.560936 117.726288
[2]: 130.774612 129.149658
[2]: 129.257599 144.983566
[2]: 127.871040 140.783249
[2]: 126.396286 136.607025
[2]: 125.795929 122.202629
[2]: 128.514877 115.770721
[2]: 129.665802 127.232552
[2]: 128.260956 141.488953
[2]: 126.752640 117.123810
[2]: 187.399963 187.028641
[2]: 123.944344 115.487915
[2]: 124.163872 115.701958
[2]: 125.480934 126.823853
[2]: 126.692734 119.795769
[1]: 218.000000 124.435265
[1]: 131.000000 126.022057
[1]: 15.000000 136.218262
[1]: 125.000000 195.582352
[1]: 193.000000 128.496063
[1]: 82.000000 127.885963
[1]: 196.000000 126.182396
[1]: 33.000000 126.707695
[1]: 75.000000 139.348587
[1]: 33.000000 128.695145
[1]: 32.000000 120.969055
[1]: 250.000000 129.116302
[1]: 3.000000 129.162750
[1]: 211.000000 133.181931
[1]: 141.000000 133.151993
[1]: 6.000000 118.258011
[1]: 203.000000 134.611816
[1]: 233.000000 191.817841
[1]: 98.000000 132.786499
[1]: 109.000000 122.490532
[1]: 170.000000 125.744560
[1]: 4.000000 135.743011
[1]: 18.000000 140.021667
[1]: 140.000000 134.113419
[1]: 214.000000 129.365189
[1]: 138.000000 119.186768
[1]: 209.000000 122.164551
[1]: 141.000000 136.165558
[1]: 19.000000 127.482735
[1]: 141.000000 131.550781
[1]: 145.000000 119.676590
[1]: 93.000000 117.413986
[1]: 194.000000 126.122925
[1]: 811748818944.000000 130.843796
[0]: 126.933456 124.891190
[0]: 124.321953 117.632103
[0]: 126.738869 117.247887
[0]: 129.784149 91.521843
[0]: 122.306351 115.437042
[0]: 125.029060 129.795883
[0]: 124.667297 121.578682
[0]: 126.951950 123.861870
[0]: 125.942451 103.972305
[0]: 131.822327 121.032570
[0]: 196.840195 151.454742
[0]: 130.095779 124.158813
[0]: 128.193329 131.248230
[0]: 128.568863 105.238052
[0]: 125.318932 117.011108
[0]: 126.149117 130.063766
[0]: 126.712708 116.268654
[0]: 139.774963 155.970764
[0]: 128.196915 124.307205
[0]: 129.798050 141.321823
[0]: 125.920815 127.129501
[0]: 125.565033 105.662453
[0]: 128.997925 105.882210
[0]: 125.739563 112.333275
[0]: 127.929436 126.447815
[0]: 125.712204 147.295670
[0]: 125.921951 128.576889
[0]: 127.418678 112.386185
[0]: 130.242447 138.924698
[0]: 186.566223 185.904358
[0]: 130.459686 143.981277
[0]: 128.904785 146.401062
[0]: 129.084961 127.767845
[0]: 126.977676 137.356873
