[19]: 2000 10 11  0 20 OSCAR       7.1   4.6   65  547 1973  7  1  6 24 BERYL       7.2   4.1  123   28
[18]: 2000 10 11  0 20 OSCAR       7.1   4.6   65  547 1970  5  4 18 28 WILLIAM     7.1   5.9  156  335
[17]: 1994  7  1 18 28 RAFAEL      7.0   5.1   47  135 2003 11  1  0  6 KIRK       13.1   2.9  121  542
[16]: 1989  9  9  6 13 CHRIS       7.0   4.6   21  602 1970  5  4 18 28 WILLIAM     7.1   5.9  156  335
[15]: 1985  9 28  0  6 FLORENCE    7.1   5.4   48  753 1964  2 21  0  1 OSCAR       7.4   5.1  110  629
[14]: 1978 12  1  6  4 ALBERTO     7.1   4.7   21  674 1973  7  1  6 24 BERYL       7.2   4.1  123   28
[13]: 1994  7  1 18 28 RAFAEL      7.0   5.1   47  135 2004 12 28  0  1 PATTY       7.1   6.1   94  198
[12]: 1994  7  1 18 28 RAFAEL      7.0   5.1   47  135 1995  1 14  0 16 MICHAEL     7.0   6.4   23  493
[11]: 1952  3 21 18 10 DEBBY       7.1   5.7   77  178 1950  2  7 12 25 SANDY       7.4   5.1   15  258
[10]: 1995  5 22  6 14 ERNESTO     7.1   4.9   53  190 1988  7 22  6 25 GORDON      7.2   5.9   21  869
[9]: 1989  9  9  6 13 CHRIS       7.0   4.6   21  602 1985  9 28  0  6 FLORENCE    7.1   5.4   48  753
[8]: 1978 12  1  6  4 ALBERTO     7.1   4.7   21  674 2000  7 28  0 28 PATTY       7.0   6.2   37  236
[7]: 1978 12  1  6  4 ALBERTO     7.1   4.7   21  674 1988  7 21  6  8 NADINE      7.3   4.6   80  714
[6]: 1989  9  9  6 13 CHRIS       7.0   4.6   21  602 1970  5  4 18 28 WILLIAM     7.1   5.9  156  335
[3]: 1987  5  9  6  7 PATTY       7.0   4.3   52  385 1988  7 21  6  8 NADINE      7.3   4.6   80  714
[2]: 1995  5 22  6 14 ERNESTO     7.1   4.9   53  190 1988  7 21  6  8 NADINE      7.3   4.6   80  714
[1]: 2000 10 11  0 20 OSCAR       7.1   4.6   65  547 1987  5  9  6  7 PATTY       7.0   4.3   52  385
[0]: 1995  5 22  6 14 ERNESTO     7.1   4.9   53  190 1973  7  1  6 24 BERYL       7.2   4.1  123   28
