[4]: 130.934082 132.432159
[4]: 130.504837 126.836334
[4]: 123.616478 117.904129
[4]: 142.857422 173.930054
[4]: 123.767357 124.594322
[4]: 129.192566 126.765602
[4]: 122.334526 122.387993
[4]: 130.251694 126.389420
[4]: 119.443039 111.252876
[4]: 127.020805 123.659187
[4]: 123.932411 133.923080
[4]: 134.350067 128.397034
[4]: 124.155525 127.930695
[4]: 118.760422 122.162163
[4]: 137.817490 123.592026
[4]: 119.871979 132.753708
[4]: 119.436180 118.670052
[4]: 62.490360 67.263580
[4]: 126.963272 125.855522
[4]: 127.488228 131.628586
[4]: 125.719574 130.921097
[4]: 127.480377 113.843704
[4]: 122.648407 117.078583
[4]: 121.294296 123.219727
[4]: 126.807053 128.845459
[4]: 129.933624 137.093811
[4]: 131.952682 133.075012
[4]: 124.730171 118.086906
[4]: 127.893623 129.906662
[4]: 59.718891 74.227898
[4]: 125.390686 133.324158
[4]: 127.618530 140.945679
[4]: 123.432373 131.868683
[4]: 130.234924 128.115768
[3]: 131.326065 129.667557
[3]: 123.304764 129.926086
[3]: 123.495178 127.448074
[3]: 67.707863 60.540619
[3]: 140.101807 131.771637
[3]: 122.312401 126.479179
[3]: 142.227005 135.141663
[3]: 124.774284 130.633560
[3]: 135.218552 135.352875
[3]: 125.466873 125.978561
[3]: 125.147156 119.108917
[3]: 120.521553 127.657806
[3]: 135.653748 128.203644
[3]: 137.296875 132.660767
[3]: 114.603088 129.234131
[3]: 150.068344 131.750046
[3]: 136.002579 132.714172
[3]: 180.438965 155.685638
[3]: 121.364586 124.603302
[3]: 129.426819 122.442459
[3]: 127.872627 124.990410
[3]: 129.755066 136.959061
[3]: 125.231743 132.554504
[3]: 142.176819 128.384995
[3]: 134.983032 129.326920
[3]: 121.716713 120.673088
[3]: 126.865952 128.321609
[3]: 127.049698 128.891006
[3]: 128.483673 125.635117
[3]: 84.881714 64.354279
[3]: 137.333862 128.957504
[3]: 129.050583 117.774368
[3]: 134.646423 124.986511
[3]: 118.725716 121.671371
[2]: 132.124603 127.894775
[2]: 126.138809 136.264862
[2]: 127.668137 137.254089
[2]: 156.601425 113.327965
[2]: 140.584229 139.689117
[2]: 119.162903 126.364342
[2]: 142.232178 130.981094
[2]: 122.710999 128.233978
[2]: 140.194550 143.741364
[2]: 131.146866 136.178146
[2]: 132.961121 114.198883
[2]: 115.109406 130.096924
[2]: 136.682007 122.856323
[2]: 146.960037 141.394409
[2]: 105.501831 131.694214
[2]: 153.928802 125.654327
[2]: 137.924988 135.343277
[2]: 78.697212 68.268845
[2]: 126.069283 129.859833
[2]: 125.822144 117.726288
[2]: 133.210999 129.149658
[2]: 128.690308 144.983566
[2]: 128.895828 140.783249
[2]: 146.112976 136.607025
[2]: 134.177277 122.202629
[2]: 123.416512 115.770721
[2]: 124.194885 127.232552
[2]: 132.648453 141.488953
[2]: 129.160904 117.123810
[2]: 185.884781 187.028641
[2]: 131.877640 115.487915
[2]: 130.964615 115.701958
[2]: 143.244644 126.823853
[2]: 111.579834 119.795769
[1]: 126.084259 124.435265
[1]: 128.248215 126.022057
[1]: 136.615051 136.218262
[1]: 197.288071 195.582352
[1]: 122.074127 128.496063
[1]: 128.810349 127.885963
[1]: 121.819946 126.182396
[1]: 125.852989 126.707695
[1]: 126.070724 139.348587
[1]: 122.886101 128.695145
[1]: 127.715874 120.969055
[1]: 131.329926 129.116302
[1]: 125.133705 129.162750
[1]: 125.490021 133.181931
[1]: 136.813065 133.151993
[1]: 111.988007 118.258011
[1]: 127.823120 134.611816
[1]: 192.922699 191.817841
[1]: 131.976395 132.786499
[1]: 124.924789 122.490532
[1]: 126.842621 125.744560
[1]: 129.371872 135.743011
[1]: 134.151505 140.021667
[1]: 122.993111 134.113419
[1]: 125.320564 129.365189
[1]: 126.005959 119.186768
[1]: 127.316620 122.164551
[1]: 129.651962 136.165558
[1]: 126.606544 127.482735
[1]: 129.253632 131.550781
[1]: 122.750618 119.676590
[1]: 121.575516 117.413986
[1]: 124.515167 126.122925
[1]: 135.952576 130.843796
[0]: 118.742218 124.891190
[0]: 128.974701 117.632103
[0]: 125.282410 117.247887
[0]: 68.342934 91.521843
[0]: 114.767090 115.437042
[0]: 137.596802 129.795883
[0]: 108.442276 121.578682
[0]: 132.457138 123.861870
[0]: 115.108940 103.972305
[0]: 129.820847 121.032570
[0]: 128.389511 151.454742
[0]: 137.858673 124.158813
[0]: 117.813759 131.248230
[0]: 108.305283 105.238052
[0]: 139.585693 117.011108
[0]: 103.360046 130.063766
[0]: 117.824028 116.268654
[0]: 123.689621 155.970764
[0]: 131.245758 124.307205
[0]: 126.814758 141.321823
[0]: 124.432671 127.129501
[0]: 123.511642 105.662453
[0]: 127.228897 105.882210
[0]: 103.461060 112.333275
[0]: 114.931046 126.447815
[0]: 137.499878 147.295670
[0]: 128.606232 128.576889
[0]: 124.244095 112.386185
[0]: 126.160698 138.924698
[0]: 185.409882 185.904358
[0]: 123.166458 143.981277
[0]: 127.724266 146.401062
[0]: 111.922363 127.767845
[0]: 140.045334 137.356873
