[4]: 88.673584 132.432159
[4]: 128.517136 126.836334
[4]: 126.187164 117.904129
[4]: 173.783661 173.930054
[4]: 129.674973 124.594322
[4]: 128.523041 126.765602
[4]: 127.364922 122.387993
[4]: 128.424240 126.389420
[4]: 128.775864 111.252876
[4]: 129.088776 123.659187
[4]: 128.312149 133.923080
[4]: 129.117813 128.397034
[4]: 126.011276 127.930695
[4]: 129.844452 122.162163
[4]: 126.400017 123.592026
[4]: 131.100754 132.753708
[4]: 126.154297 118.670052
[4]: 61.552082 67.263580
[4]: 125.323425 125.855522
[4]: 127.591560 131.628586
[4]: 129.858856 130.921097
[4]: 128.999100 113.843704
[4]: 128.367783 117.078583
[4]: 129.401062 123.219727
[4]: 127.630417 128.845459
[4]: 126.259644 137.093811
[4]: 126.558769 133.075012
[4]: 128.347717 118.086906
[4]: 125.393051 129.906662
[4]: 125.835541 74.227898
[4]: 127.146568 133.324158
[4]: 170.641968 140.945679
[4]: 129.247253 131.868683
[4]: 123.058487 128.115768
[3]: 170.231033 129.667557
[3]: 127.327538 129.926086
[3]: 127.296158 127.448074
[3]: 88.556427 60.540619
[3]: 129.444687 131.771637
[3]: 128.418701 126.479179
[3]: 129.493744 135.141663
[3]: 128.093460 130.633560
[3]: 127.989120 135.352875
[3]: 125.522606 125.978561
[3]: 124.424332 119.108917
[3]: 128.093323 127.657806
[3]: 127.943092 128.203644
[3]: 128.511734 132.660767
[3]: 127.521797 129.234131
[3]: 131.494629 131.750046
[3]: 128.229263 132.714172
[3]: 126.316734 155.685638
[3]: 127.181976 124.603302
[3]: 126.524239 122.442459
[3]: 127.316513 124.990410
[3]: 127.636871 136.959061
[3]: 126.442314 132.554504
[3]: 128.224976 128.384995
[3]: 130.241760 129.326920
[3]: 123.761047 120.673088
[3]: 127.361282 128.321609
[3]: 128.220383 128.891006
[3]: 127.734184 125.635117
[3]: 57.973064 64.354279
[3]: 130.018494 128.957504
[3]: 81.422554 117.774368
[3]: 128.861313 124.986511
[3]: 125.951675 121.671371
[2]: 166.601135 127.894775
[2]: 131.530151 136.264862
[2]: 129.132874 137.254089
[2]: 94.960594 113.327965
[2]: 130.569641 139.689117
[2]: 126.832687 126.364342
[2]: 132.831345 130.981094
[2]: 136.887085 128.233978
[2]: 138.904770 143.741364
[2]: 134.292526 136.178146
[2]: 117.148537 114.198883
[2]: 132.136658 130.096924
[2]: 132.107605 122.856323
[2]: 138.417053 141.394409
[2]: 133.415543 131.694214
[2]: 129.534103 125.654327
[2]: 133.797485 135.343277
[2]: 123.670258 68.268845
[2]: 128.061127 129.859833
[2]: 118.636238 117.726288
[2]: 128.987793 129.149658
[2]: 133.810379 144.983566
[2]: 133.018265 140.783249
[2]: 144.297409 136.607025
[2]: 129.043625 122.202629
[2]: 120.727432 115.770721
[2]: 118.038483 127.232552
[2]: 130.115692 141.488953
[2]: 122.516922 117.123810
[2]: 186.901993 187.028641
[2]: 121.399040 115.487915
[2]: 71.866623 115.701958
[2]: 138.084030 126.823853
[2]: 114.205292 119.795769
[1]: 83.396507 124.435265
[1]: 128.273163 126.022057
[1]: 131.675369 136.218262
[1]: 176.413467 195.582352
[1]: 128.711823 128.496063
[1]: 125.906464 127.885963
[1]: 130.110855 126.182396
[1]: 129.541214 126.707695
[1]: 132.355087 139.348587
[1]: 129.275330 128.695145
[1]: 121.506424 120.969055
[1]: 127.377815 129.116302
[1]: 130.765884 129.162750
[1]: 130.390228 133.181931
[1]: 130.339783 133.151993
[1]: 125.378250 118.258011
[1]: 133.136688 134.611816
[1]: 191.448318 191.817841
[1]: 129.852188 132.786499
[1]: 121.952225 122.490532
[1]: 124.609772 125.744560
[1]: 130.310913 135.743011
[1]: 129.818207 140.021667
[1]: 134.313583 134.113419
[1]: 130.572525 129.365189
[1]: 124.403580 119.186768
[1]: 123.945801 122.164551
[1]: 129.908920 136.165558
[1]: 127.845047 127.482735
[1]: 120.101974 131.550781
[1]: 126.534927 119.676590
[1]: 162.728134 117.413986
[1]: 130.620377 126.122925
[1]: 125.979645 130.843796
[0]: 144.597092 124.891190
[0]: 119.331497 117.632103
[0]: 120.399864 117.247887
[0]: 79.349037 91.521843
[0]: 119.834137 115.437042
[0]: 127.288429 129.795883
[0]: 112.489372 121.578682
[0]: 107.439445 123.861870
[0]: 99.221634 103.972305
[0]: 113.909027 121.032570
[0]: 154.373657 151.454742
[0]: 121.080513 124.158813
[0]: 120.399078 131.248230
[0]: 101.463058 105.238052
[0]: 114.145172 117.011108
[0]: 117.222984 130.063766
[0]: 112.911163 116.268654
[0]: 143.261322 155.970764
[0]: 127.326660 124.307205
[0]: 145.056000 141.321823
[0]: 127.023048 127.129501
[0]: 114.148094 105.662453
[0]: 117.584053 105.882210
[0]: 87.911842 112.333275
[0]: 114.657143 126.447815
[0]: 150.328232 147.295670
[0]: 149.837402 128.576889
[0]: 118.783760 112.386185
[0]: 137.765991 138.924698
[0]: 168.001694 185.904358
[0]: 137.720337 143.981277
[0]: 145.973465 146.401062
[0]: 103.596428 127.767845
[0]: 156.529404 137.356873
