[4]: 133.187088 132.432159
[4]: 126.728844 126.836334
[4]: 117.597343 117.904129
[4]: 173.565796 173.930054
[4]: 124.978096 124.594322
[4]: 126.815750 126.765602
[4]: 121.891510 122.387993
[4]: 126.788078 126.389420
[4]: 111.458405 111.252876
[4]: 123.251068 123.659187
[4]: 133.834579 133.923080
[4]: 128.802231 128.397034
[4]: 128.447021 127.930695
[4]: 122.414124 122.162163
[4]: 124.815201 123.592026
[4]: 133.327301 132.753708
[4]: 118.819550 118.670052
[4]: 67.330147 67.263580
[4]: 125.137596 125.855522
[4]: 131.900757 131.628586
[4]: 130.556534 130.921097
[4]: 113.998970 113.843704
[4]: 117.251541 117.078583
[4]: 123.330620 123.219727
[4]: 128.430573 128.845459
[4]: 137.281433 137.093811
[4]: 133.949387 133.075012
[4]: 117.952003 118.086906
[4]: 130.880829 129.906662
[4]: 74.002373 74.227898
[4]: 133.403214 133.324158
[4]: 139.798279 140.945679
[4]: 132.031158 131.868683
[4]: 128.350143 128.115768
[3]: 128.381332 129.667557
[3]: 129.861389 129.926086
[3]: 127.073051 127.448074
[3]: 60.758450 60.540619
[3]: 132.228668 131.771637
[3]: 127.355026 126.479179
[3]: 135.531723 135.141663
[3]: 130.145477 130.633560
[3]: 134.955902 135.352875
[3]: 126.073364 125.978561
[3]: 117.810349 119.108917
[3]: 126.962463 127.657806
[3]: 127.743935 128.203644
[3]: 132.409897 132.660767
[3]: 128.602676 129.234131
[3]: 131.766495 131.750046
[3]: 132.963943 132.714172
[3]: 156.889328 155.685638
[3]: 124.404671 124.603302
[3]: 122.630531 122.442459
[3]: 125.256065 124.990410
[3]: 137.000626 136.959061
[3]: 132.083511 132.554504
[3]: 128.862411 128.384995
[3]: 129.354172 129.326920
[3]: 120.842194 120.673088
[3]: 127.686882 128.321609
[3]: 128.933823 128.891006
[3]: 125.503159 125.635117
[3]: 64.358383 64.354279
[3]: 129.352768 128.957504
[3]: 119.395691 117.774368
[3]: 125.073906 124.986511
[3]: 122.442207 121.671371
[2]: 126.842140 127.894775
[2]: 136.691467 136.264862
[2]: 137.618912 137.254089
[2]: 112.448685 113.327965
[2]: 139.710617 139.689117
[2]: 126.050682 126.364342
[2]: 130.416840 130.981094
[2]: 128.241028 128.233978
[2]: 143.334564 143.741364
[2]: 136.830414 136.178146
[2]: 114.826897 114.198883
[2]: 129.357864 130.096924
[2]: 122.519234 122.856323
[2]: 141.055542 141.394409
[2]: 131.835678 131.694214
[2]: 125.272308 125.654327
[2]: 134.847885 135.343277
[2]: 67.896568 68.268845
[2]: 130.382355 129.859833
[2]: 116.935432 117.726288
[2]: 130.228973 129.149658
[2]: 144.621704 144.983566
[2]: 141.177734 140.783249
[2]: 137.335831 136.607025
[2]: 122.616920 122.202629
[2]: 115.149643 115.770721
[2]: 126.656822 127.232552
[2]: 141.155304 141.488953
[2]: 116.591377 117.123810
[2]: 186.375412 187.028641
[2]: 115.247887 115.487915
[2]: 116.733124 115.701958
[2]: 126.258896 126.823853
[2]: 119.700638 119.795769
[1]: 125.365967 124.435265
[1]: 126.121155 126.022057
[1]: 136.357254 136.218262
[1]: 195.751617 195.582352
[1]: 127.888023 128.496063
[1]: 127.685005 127.885963
[1]: 126.711540 126.182396
[1]: 127.249634 126.707695
[1]: 139.158035 139.348587
[1]: 129.169098 128.695145
[1]: 121.072525 120.969055
[1]: 129.618622 129.116302
[1]: 128.846466 129.162750
[1]: 133.359192 133.181931
[1]: 132.816742 133.151993
[1]: 117.944519 118.258011
[1]: 134.580963 134.611816
[1]: 191.416779 191.817841
[1]: 133.295776 132.786499
[1]: 122.948486 122.490532
[1]: 125.757065 125.744560
[1]: 135.984909 135.743011
[1]: 139.752853 140.021667
[1]: 133.560028 134.113419
[1]: 129.483704 129.365189
[1]: 119.275543 119.186768
[1]: 121.525795 122.164551
[1]: 135.835190 136.165558
[1]: 126.834641 127.482735
[1]: 132.168152 131.550781
[1]: 119.406036 119.676590
[1]: 117.036499 117.413986
[1]: 126.230331 126.122925
[1]: 129.617691 130.843796
[0]: 125.576073 124.891190
[0]: 117.230362 117.632103
[0]: 117.429672 117.247887
[0]: 91.966980 91.521843
[0]: 115.142113 115.437042
[0]: 129.345108 129.795883
[0]: 121.719727 121.578682
[0]: 123.357460 123.861870
[0]: 104.796227 103.972305
[0]: 120.137390 121.032570
[0]: 152.246918 151.454742
[0]: 124.708405 124.158813
[0]: 131.911148 131.248230
[0]: 105.351799 105.238052
[0]: 116.565605 117.011108
[0]: 130.193832 130.063766
[0]: 116.383102 116.268654
[0]: 155.578644 155.970764
[0]: 124.163376 124.307205
[0]: 141.198547 141.321823
[0]: 126.049057 127.129501
[0]: 105.541084 105.662453
[0]: 106.031219 105.882210
[0]: 111.469643 112.333275
[0]: 126.280701 126.447815
[0]: 147.516388 147.295670
[0]: 129.646484 128.576889
[0]: 113.177017 112.386185
[0]: 139.324097 138.924698
[0]: 186.468689 185.904358
[0]: 144.066208 143.981277
[0]: 145.197769 146.401062
[0]: 127.971611 127.767845
[0]: 137.724182 137.356873
