[4]: 133.631714 132.432159
[4]: 126.548584 126.836334
[4]: 116.075615 117.904129
[4]: 172.223785 173.930054
[4]: 127.064568 124.594322
[4]: 126.394768 126.765602
[4]: 121.369225 122.387993
[4]: 128.779816 126.389420
[4]: 116.454239 111.252876
[4]: 122.379013 123.659187
[4]: 136.868515 133.923080
[4]: 127.123100 128.397034
[4]: 127.921326 127.930695
[4]: 121.713051 122.162163
[4]: 124.084938 123.592026
[4]: 133.867111 132.753708
[4]: 118.770958 118.670052
[4]: 67.643555 67.263580
[4]: 125.760536 125.855522
[4]: 130.558136 131.628586
[4]: 128.414825 130.921097
[4]: 116.223709 113.843704
[4]: 117.551872 117.078583
[4]: 123.433868 123.219727
[4]: 126.654755 128.845459
[4]: 137.502045 137.093811
[4]: 133.873535 133.075012
[4]: 120.944130 118.086906
[4]: 133.130234 129.906662
[4]: 71.251213 74.227898
[4]: 133.509323 133.324158
[4]: 136.696213 140.945679
[4]: 132.629684 131.868683
[4]: 131.431442 128.115768
[3]: 127.826714 129.667557
[3]: 128.588959 129.926086
[3]: 128.907715 127.448074
[3]: 61.625538 60.540619
[3]: 132.250137 131.771637
[3]: 127.820992 126.479179
[3]: 136.449905 135.141663
[3]: 130.010895 130.633560
[3]: 133.569061 135.352875
[3]: 127.312805 125.978561
[3]: 114.338974 119.108917
[3]: 128.483826 127.657806
[3]: 128.140076 128.203644
[3]: 132.690643 132.660767
[3]: 128.462906 129.234131
[3]: 132.488205 131.750046
[3]: 134.769058 132.714172
[3]: 161.100983 155.685638
[3]: 124.761223 124.603302
[3]: 122.564041 122.442459
[3]: 127.324249 124.990410
[3]: 136.767258 136.959061
[3]: 133.095337 132.554504
[3]: 129.651398 128.384995
[3]: 132.865097 129.326920
[3]: 119.407524 120.673088
[3]: 127.012924 128.321609
[3]: 127.009949 128.891006
[3]: 123.222015 125.635117
[3]: 67.020607 64.354279
[3]: 129.512253 128.957504
[3]: 122.522369 117.774368
[3]: 125.202980 124.986511
[3]: 119.841751 121.671371
[2]: 127.088524 127.894775
[2]: 135.729675 136.264862
[2]: 138.382538 137.254089
[2]: 110.920181 113.327965
[2]: 137.242386 139.689117
[2]: 127.617783 126.364342
[2]: 129.206833 130.981094
[2]: 126.802994 128.233978
[2]: 139.372559 143.741364
[2]: 139.019485 136.178146
[2]: 111.603691 114.198883
[2]: 129.502655 130.096924
[2]: 123.874969 122.856323
[2]: 139.899124 141.394409
[2]: 132.986542 131.694214
[2]: 125.089005 125.654327
[2]: 135.749786 135.343277
[2]: 66.941406 68.268845
[2]: 130.186554 129.859833
[2]: 119.021774 117.726288
[2]: 131.473038 129.149658
[2]: 143.284103 144.983566
[2]: 140.785416 140.783249
[2]: 137.087967 136.607025
[2]: 125.370972 122.202629
[2]: 115.287987 115.770721
[2]: 126.247681 127.232552
[2]: 137.612961 141.488953
[2]: 114.481903 117.123810
[2]: 185.974106 187.028641
[2]: 115.809563 115.487915
[2]: 118.352837 115.701958
[2]: 126.707977 126.823853
[2]: 117.581200 119.795769
[1]: 126.606445 124.435265
[1]: 127.214844 126.022057
[1]: 138.452652 136.218262
[1]: 196.259857 195.582352
[1]: 127.110962 128.496063
[1]: 127.526398 127.885963
[1]: 126.811012 126.182396
[1]: 125.306648 126.707695
[1]: 136.769897 139.348587
[1]: 127.558792 128.695145
[1]: 120.349556 120.969055
[1]: 129.299011 129.116302
[1]: 128.703323 129.162750
[1]: 134.676453 133.181931
[1]: 134.026398 133.151993
[1]: 117.810776 118.258011
[1]: 134.298233 134.611816
[1]: 190.628876 191.817841
[1]: 133.791779 132.786499
[1]: 122.216400 122.490532
[1]: 127.067825 125.744560
[1]: 135.873703 135.743011
[1]: 139.057617 140.021667
[1]: 132.829620 134.113419
[1]: 128.206116 129.365189
[1]: 119.095314 119.186768
[1]: 121.952576 122.164551
[1]: 134.878372 136.165558
[1]: 125.947983 127.482735
[1]: 135.367386 131.550781
[1]: 119.652466 119.676590
[1]: 116.085190 117.413986
[1]: 125.999298 126.122925
[1]: 128.568451 130.843796
[0]: 123.966614 124.891190
[0]: 118.473831 117.632103
[0]: 113.783600 117.247887
[0]: 92.556252 91.521843
[0]: 116.151543 115.437042
[0]: 127.795776 129.795883
[0]: 122.482697 121.578682
[0]: 124.999916 123.861870
[0]: 107.562683 103.972305
[0]: 118.980522 121.032570
[0]: 157.419052 151.454742
[0]: 125.012871 124.158813
[0]: 130.822037 131.248230
[0]: 105.272560 105.238052
[0]: 114.765083 117.011108
[0]: 129.152237 130.063766
[0]: 113.659019 116.268654
[0]: 154.163452 155.970764
[0]: 122.682487 124.307205
[0]: 141.499481 141.321823
[0]: 123.215698 127.129501
[0]: 104.657883 105.662453
[0]: 105.501480 105.882210
[0]: 111.314728 112.333275
[0]: 122.782295 126.447815
[0]: 149.161530 147.295670
[0]: 130.419144 128.576889
[0]: 116.744476 112.386185
[0]: 142.879410 138.924698
[0]: 184.018341 185.904358
[0]: 143.154495 143.981277
[0]: 144.623108 146.401062
[0]: 126.889496 127.767845
[0]: 140.869507 137.356873
