[4]: 135.883789 132.432159
[4]: 126.818542 126.836334
[4]: 118.381645 117.904129
[4]: 169.794434 173.930054
[4]: 128.672684 124.594322
[4]: 126.464760 126.765602
[4]: 122.863106 122.387993
[4]: 128.545380 126.389420
[4]: 117.160851 111.252876
[4]: 121.961288 123.659187
[4]: 135.875290 133.923080
[4]: 128.112305 128.397034
[4]: 128.442123 127.930695
[4]: 123.690704 122.162163
[4]: 123.401001 123.592026
[4]: 133.793259 132.753708
[4]: 119.464218 118.670052
[4]: 67.657143 67.263580
[4]: 127.011314 125.855522
[4]: 130.926559 131.628586
[4]: 127.699989 130.921097
[4]: 111.585419 113.843704
[4]: 116.959335 117.078583
[4]: 121.153984 123.219727
[4]: 126.511200 128.845459
[4]: 136.135406 137.093811
[4]: 135.976974 133.075012
[4]: 121.980019 118.086906
[4]: 131.837357 129.906662
[4]: 69.708496 74.227898
[4]: 133.224304 133.324158
[4]: 135.645676 140.945679
[4]: 129.683289 131.868683
[4]: 132.103409 128.115768
[3]: 124.598160 129.667557
[3]: 129.346786 129.926086
[3]: 126.797630 127.448074
[3]: 61.837208 60.540619
[3]: 131.886047 131.771637
[3]: 127.432388 126.479179
[3]: 135.114426 135.141663
[3]: 129.583313 130.633560
[3]: 134.277756 135.352875
[3]: 128.320007 125.978561
[3]: 115.940948 119.108917
[3]: 125.806427 127.657806
[3]: 127.835320 128.203644
[3]: 131.544220 132.660767
[3]: 128.298721 129.234131
[3]: 132.506287 131.750046
[3]: 134.504318 132.714172
[3]: 163.268341 155.685638
[3]: 123.294487 124.603302
[3]: 124.095810 122.442459
[3]: 126.948013 124.990410
[3]: 140.905685 136.959061
[3]: 132.054886 132.554504
[3]: 132.982407 128.384995
[3]: 131.570602 129.326920
[3]: 121.928535 120.673088
[3]: 124.492935 128.321609
[3]: 127.501175 128.891006
[3]: 123.495445 125.635117
[3]: 67.945107 64.354279
[3]: 129.743515 128.957504
[3]: 123.984528 117.774368
[3]: 125.774223 124.986511
[3]: 119.797394 121.671371
[2]: 125.750488 127.894775
[2]: 134.794418 136.264862
[2]: 134.733093 137.254089
[2]: 111.230690 113.327965
[2]: 134.759384 139.689117
[2]: 127.791824 126.364342
[2]: 128.571136 130.981094
[2]: 127.342018 128.233978
[2]: 138.227142 143.741364
[2]: 139.603180 136.178146
[2]: 113.526573 114.198883
[2]: 127.546883 130.096924
[2]: 124.062828 122.856323
[2]: 139.360916 141.394409
[2]: 133.382889 131.694214
[2]: 125.325798 125.654327
[2]: 134.656555 135.343277
[2]: 65.989845 68.268845
[2]: 128.982758 129.859833
[2]: 119.917641 117.726288
[2]: 132.749863 129.149658
[2]: 147.753723 144.983566
[2]: 141.392807 140.783249
[2]: 139.036606 136.607025
[2]: 125.976379 122.202629
[2]: 117.207306 115.770721
[2]: 123.939850 127.232552
[2]: 135.567352 141.488953
[2]: 115.676643 117.123810
[2]: 185.554596 187.028641
[2]: 116.719940 115.487915
[2]: 119.145813 115.701958
[2]: 129.341629 126.823853
[2]: 116.739944 119.795769
[1]: 127.371735 124.435265
[1]: 126.442406 126.022057
[1]: 138.163910 136.218262
[1]: 196.393524 195.582352
[1]: 125.370171 128.496063
[1]: 126.690460 127.885963
[1]: 127.532616 126.182396
[1]: 126.139397 126.707695
[1]: 135.924973 139.348587
[1]: 128.881073 128.695145
[1]: 120.899284 120.969055
[1]: 129.976959 129.116302
[1]: 127.055496 129.162750
[1]: 133.811020 133.181931
[1]: 134.771637 133.151993
[1]: 116.739182 118.258011
[1]: 133.877487 134.611816
[1]: 189.885437 191.817841
[1]: 133.821838 132.786499
[1]: 121.461784 122.490532
[1]: 127.345116 125.744560
[1]: 136.728912 135.743011
[1]: 139.011368 140.021667
[1]: 133.985596 134.113419
[1]: 127.940300 129.365189
[1]: 118.736923 119.186768
[1]: 121.494781 122.164551
[1]: 133.475723 136.165558
[1]: 124.854218 127.482735
[1]: 135.241989 131.550781
[1]: 118.952675 119.676590
[1]: 114.816628 117.413986
[1]: 128.480225 126.122925
[1]: 128.322311 130.843796
[0]: 125.615570 124.891190
[0]: 119.113998 117.632103
[0]: 117.801208 117.247887
[0]: 93.942123 91.521843
[0]: 119.333916 115.437042
[0]: 128.906616 129.795883
[0]: 122.188705 121.578682
[0]: 124.187393 123.861870
[0]: 108.019730 103.972305
[0]: 116.061821 121.032570
[0]: 154.268860 151.454742
[0]: 128.274902 124.158813
[0]: 132.275085 131.248230
[0]: 105.672043 105.238052
[0]: 114.306206 117.011108
[0]: 130.178177 130.063766
[0]: 114.751488 116.268654
[0]: 154.562698 155.970764
[0]: 124.160469 124.307205
[0]: 139.377060 141.321823
[0]: 122.638283 127.129501
[0]: 99.081985 105.662453
[0]: 106.485359 105.882210
[0]: 106.505791 112.333275
[0]: 124.005173 126.447815
[0]: 146.349091 147.295670
[0]: 133.961853 128.576889
[0]: 118.758415 112.386185
[0]: 144.106720 138.924698
[0]: 185.527359 185.904358
[0]: 143.182037 143.981277
[0]: 144.873032 146.401062
[0]: 123.805153 127.767845
[0]: 141.516830 137.356873
