[4]: 133.897018 132.432159
[4]: 126.475739 126.836334
[4]: 116.638725 117.904129
[4]: 172.012665 173.930054
[4]: 128.188797 124.594322
[4]: 125.846672 126.765602
[4]: 123.237396 122.387993
[4]: 127.947121 126.389420
[4]: 111.922028 111.252876
[4]: 123.009819 123.659187
[4]: 134.723190 133.923080
[4]: 130.614655 128.397034
[4]: 128.040054 127.930695
[4]: 122.990105 122.162163
[4]: 123.197342 123.592026
[4]: 133.932556 132.753708
[4]: 119.494423 118.670052
[4]: 68.045197 67.263580
[4]: 126.382805 125.855522
[4]: 129.873184 131.628586
[4]: 128.906906 130.921097
[4]: 111.710281 113.843704
[4]: 115.645607 117.078583
[4]: 120.826805 123.219727
[4]: 127.106148 128.845459
[4]: 135.624008 137.093811
[4]: 134.628906 133.075012
[4]: 118.782082 118.086906
[4]: 131.699036 129.906662
[4]: 72.487061 74.227898
[4]: 136.037445 133.324158
[4]: 138.154434 140.945679
[4]: 131.619644 131.868683
[4]: 128.684235 128.115768
[3]: 126.431053 129.667557
[3]: 129.659119 129.926086
[3]: 126.413818 127.448074
[3]: 60.973286 60.540619
[3]: 130.400574 131.771637
[3]: 127.455421 126.479179
[3]: 133.655823 135.141663
[3]: 128.905273 130.633560
[3]: 135.907166 135.352875
[3]: 126.189751 125.978561
[3]: 117.569885 119.108917
[3]: 124.694298 127.657806
[3]: 127.713409 128.203644
[3]: 132.691788 132.660767
[3]: 129.973206 129.234131
[3]: 130.799286 131.750046
[3]: 133.873779 132.714172
[3]: 159.208710 155.685638
[3]: 123.026871 124.603302
[3]: 123.667030 122.442459
[3]: 126.581947 124.990410
[3]: 140.513168 136.959061
[3]: 132.230804 132.554504
[3]: 131.067291 128.384995
[3]: 130.425491 129.326920
[3]: 121.728065 120.673088
[3]: 127.075836 128.321609
[3]: 128.586884 128.891006
[3]: 125.466942 125.635117
[3]: 65.521233 64.354279
[3]: 127.823563 128.957504
[3]: 121.222816 117.774368
[3]: 125.765907 124.986511
[3]: 122.215370 121.671371
[2]: 127.355743 127.894775
[2]: 135.857529 136.264862
[2]: 137.018570 137.254089
[2]: 112.527977 113.327965
[2]: 137.715378 139.689117
[2]: 127.258987 126.364342
[2]: 127.787521 130.981094
[2]: 128.093735 128.233978
[2]: 141.986511 143.741364
[2]: 138.154297 136.178146
[2]: 114.768471 114.198883
[2]: 126.788551 130.096924
[2]: 123.254860 122.856323
[2]: 139.970398 141.394409
[2]: 133.667908 131.694214
[2]: 125.556396 125.654327
[2]: 134.141998 135.343277
[2]: 66.355186 68.268845
[2]: 129.575439 129.859833
[2]: 119.474167 117.726288
[2]: 131.516159 129.149658
[2]: 146.656250 144.983566
[2]: 143.415436 140.783249
[2]: 139.015564 136.607025
[2]: 124.483688 122.202629
[2]: 117.248589 115.770721
[2]: 125.696487 127.232552
[2]: 138.910065 141.488953
[2]: 115.372566 117.123810
[2]: 184.976181 187.028641
[2]: 114.325264 115.487915
[2]: 118.494804 115.701958
[2]: 126.566711 126.823853
[2]: 120.529327 119.795769
[1]: 125.628990 124.435265
[1]: 126.896126 126.022057
[1]: 136.845123 136.218262
[1]: 196.568832 195.582352
[1]: 127.155579 128.496063
[1]: 127.766747 127.885963
[1]: 126.691780 126.182396
[1]: 126.248062 126.707695
[1]: 137.913254 139.348587
[1]: 128.478683 128.695145
[1]: 120.820465 120.969055
[1]: 130.367050 129.116302
[1]: 128.996674 129.162750
[1]: 132.770782 133.181931
[1]: 132.804886 133.151993
[1]: 118.063797 118.258011
[1]: 134.327209 134.611816
[1]: 190.409531 191.817841
[1]: 133.111160 132.786499
[1]: 124.051086 122.490532
[1]: 126.908218 125.744560
[1]: 136.677292 135.743011
[1]: 139.791397 140.021667
[1]: 134.025589 134.113419
[1]: 129.209381 129.365189
[1]: 119.835426 119.186768
[1]: 121.439690 122.164551
[1]: 135.309998 136.165558
[1]: 125.970230 127.482735
[1]: 133.303955 131.550781
[1]: 118.460854 119.676590
[1]: 116.758606 117.413986
[1]: 125.504807 126.122925
[1]: 129.384888 130.843796
[0]: 126.112114 124.891190
[0]: 117.683037 117.632103
[0]: 119.148827 117.247887
[0]: 91.826523 91.521843
[0]: 116.521370 115.437042
[0]: 128.902267 129.795883
[0]: 125.180367 121.578682
[0]: 124.720184 123.861870
[0]: 105.853157 103.972305
[0]: 119.493279 121.032570
[0]: 152.075745 151.454742
[0]: 127.153481 124.158813
[0]: 131.469406 131.248230
[0]: 106.049812 105.238052
[0]: 114.743881 117.011108
[0]: 130.248886 130.063766
[0]: 115.582214 116.268654
[0]: 155.318939 155.970764
[0]: 125.331177 124.307205
[0]: 138.416153 141.321823
[0]: 123.687347 127.129501
[0]: 100.971733 105.662453
[0]: 104.916321 105.882210
[0]: 109.268532 112.333275
[0]: 124.845917 126.447815
[0]: 145.632629 147.295670
[0]: 130.765854 128.576889
[0]: 115.486382 112.386185
[0]: 140.877548 138.924698
[0]: 186.684082 185.904358
[0]: 145.134354 143.981277
[0]: 143.546967 146.401062
[0]: 128.140640 127.767845
[0]: 137.035416 137.356873
