[4]: 135.724579 132.432159
[4]: 127.155602 126.836334
[4]: 115.463791 117.904129
[4]: 174.418365 173.930054
[4]: 126.141594 124.594322
[4]: 126.782272 126.765602
[4]: 121.672501 122.387993
[4]: 128.708435 126.389420
[4]: 114.016617 111.252876
[4]: 123.302017 123.659187
[4]: 136.151718 133.923080
[4]: 127.666008 128.397034
[4]: 127.700356 127.930695
[4]: 122.393036 122.162163
[4]: 124.930511 123.592026
[4]: 134.069733 132.753708
[4]: 118.896637 118.670052
[4]: 67.988365 67.263580
[4]: 125.558846 125.855522
[4]: 130.963043 131.628586
[4]: 129.111832 130.921097
[4]: 114.786942 113.843704
[4]: 117.262924 117.078583
[4]: 123.601585 123.219727
[4]: 126.732407 128.845459
[4]: 137.340408 137.093811
[4]: 133.839096 133.075012
[4]: 118.746025 118.086906
[4]: 131.693634 129.906662
[4]: 73.273285 74.227898
[4]: 135.394379 133.324158
[4]: 136.819000 140.945679
[4]: 132.077011 131.868683
[4]: 129.024460 128.115768
[3]: 126.464485 129.667557
[3]: 129.064682 129.926086
[3]: 128.856445 127.448074
[3]: 61.215523 60.540619
[3]: 131.708115 131.771637
[3]: 126.434174 126.479179
[3]: 136.156082 135.141663
[3]: 129.027328 130.633560
[3]: 133.899216 135.352875
[3]: 125.434486 125.978561
[3]: 115.899994 119.108917
[3]: 127.860283 127.657806
[3]: 128.508499 128.203644
[3]: 131.637405 132.660767
[3]: 128.711884 129.234131
[3]: 131.093582 131.750046
[3]: 133.240967 132.714172
[3]: 158.448196 155.685638
[3]: 124.362129 124.603302
[3]: 123.435349 122.442459
[3]: 127.279350 124.990410
[3]: 136.766464 136.959061
[3]: 132.470978 132.554504
[3]: 128.141754 128.384995
[3]: 131.415695 129.326920
[3]: 120.407631 120.673088
[3]: 127.091240 128.321609
[3]: 128.842438 128.891006
[3]: 125.349205 125.635117
[3]: 64.588455 64.354279
[3]: 129.155685 128.957504
[3]: 121.952774 117.774368
[3]: 125.978622 124.986511
[3]: 121.962173 121.671371
[2]: 124.888206 127.894775
[2]: 135.087372 136.264862
[2]: 138.837540 137.254089
[2]: 110.659431 113.327965
[2]: 139.419403 139.689117
[2]: 126.870010 126.364342
[2]: 129.790771 130.981094
[2]: 126.676987 128.233978
[2]: 142.634216 143.741364
[2]: 137.426102 136.178146
[2]: 113.337059 114.198883
[2]: 129.124161 130.096924
[2]: 123.657196 122.856323
[2]: 140.162628 141.394409
[2]: 131.674438 131.694214
[2]: 125.865944 125.654327
[2]: 135.352066 135.343277
[2]: 67.155922 68.268845
[2]: 130.719681 129.859833
[2]: 118.093681 117.726288
[2]: 130.963135 129.149658
[2]: 144.907990 144.983566
[2]: 142.171722 140.783249
[2]: 137.113708 136.607025
[2]: 123.666298 122.202629
[2]: 115.060966 115.770721
[2]: 126.960579 127.232552
[2]: 140.657761 141.488953
[2]: 115.042694 117.123810
[2]: 184.786621 187.028641
[2]: 113.204674 115.487915
[2]: 119.330673 115.701958
[2]: 126.109077 126.823853
[2]: 120.143234 119.795769
[1]: 125.636734 124.435265
[1]: 127.398209 126.022057
[1]: 137.605759 136.218262
[1]: 195.945053 195.582352
[1]: 127.361244 128.496063
[1]: 127.926071 127.885963
[1]: 126.866463 126.182396
[1]: 126.038910 126.707695
[1]: 137.705521 139.348587
[1]: 128.810349 128.695145
[1]: 120.572685 120.969055
[1]: 130.208023 129.116302
[1]: 129.512756 129.162750
[1]: 133.898285 133.181931
[1]: 132.708557 133.151993
[1]: 117.659454 118.258011
[1]: 134.881638 134.611816
[1]: 190.880707 191.817841
[1]: 133.402023 132.786499
[1]: 122.589264 122.490532
[1]: 126.708946 125.744560
[1]: 136.159760 135.743011
[1]: 139.196106 140.021667
[1]: 133.951126 134.113419
[1]: 130.037659 129.365189
[1]: 119.063583 119.186768
[1]: 121.368408 122.164551
[1]: 135.245377 136.165558
[1]: 126.108559 127.482735
[1]: 134.330505 131.550781
[1]: 119.322411 119.676590
[1]: 116.130898 117.413986
[1]: 125.574783 126.122925
[1]: 128.324203 130.843796
[0]: 126.739372 124.891190
[0]: 118.007515 117.632103
[0]: 115.148201 117.247887
[0]: 92.215897 91.521843
[0]: 115.414291 115.437042
[0]: 129.234589 129.795883
[0]: 121.826187 121.578682
[0]: 125.534576 123.861870
[0]: 105.647263 103.972305
[0]: 120.558220 121.032570
[0]: 153.829269 151.454742
[0]: 124.570686 124.158813
[0]: 129.917191 131.248230
[0]: 106.694466 105.238052
[0]: 116.665100 117.011108
[0]: 129.812790 130.063766
[0]: 115.191734 116.268654
[0]: 154.489929 155.970764
[0]: 123.279495 124.307205
[0]: 140.411728 141.321823
[0]: 123.572731 127.129501
[0]: 104.570343 105.662453
[0]: 105.249191 105.882210
[0]: 111.845482 112.333275
[0]: 124.149307 126.447815
[0]: 148.147171 147.295670
[0]: 130.258926 128.576889
[0]: 113.660324 112.386185
[0]: 141.011520 138.924698
[0]: 185.763107 185.904358
[0]: 144.348465 143.981277
[0]: 143.738861 146.401062
[0]: 127.808434 127.767845
[0]: 138.401749 137.356873
