[19]: 1990 11 26  6 15 TONY        7.2   5.6  132  735 1968  1  8 12 17 ERNESTO     7.3   4.5   19  604
[18]: 1964  6 25 12  9 ISAAC       7.1   5.8  132  283 1950  1  3 12 20 MICHAEL     7.3   4.8  155  176
[17]: 1975  9 11  6 10 ALBERTO     7.2   5.5   37  230 1999  8 27  6 15 FLORENCE    7.1   5.2  125  119
[16]: 1978 12 14  0  5 JOYCE       7.1   4.3   43  618 1996  3 18 12 24 SANDY       7.0   6.2   30  707
[15]: 2003 10 15 18  7 GORDON      7.0   5.5   96  195 1976  8  7  6 14 BERYL       7.2   4.6   90   20
[14]: 1976  8  7  6 14 BERYL       7.2   4.6   90   20 2003 10 15 18  7 GORDON      7.0   5.5   96  195
[13]: 1962  1 15  0 20 OSCAR       7.2   4.7   94  108 1964  6 25 12  9 ISAAC       7.1   5.8  132  283
[12]: 1970  1 28 12 11 ISAAC       7.0   6.0   78   92 1968  8 15 18 15 CHRIS       7.2   5.9   86  339
[11]: 1999  8 27  6 15 FLORENCE    7.1   5.2  125  119 2004  1 24 18 16 LESLIE      7.2   5.0   27  621
[9]: 1950  1  3 12 20 MICHAEL     7.3   4.8  155  176 1990 11 26  6 15 TONY        7.2   5.6  132  735
[8]: 1970  1 28 12 11 ISAAC       7.0   6.0   78   92 2003 10 15 18  7 GORDON      7.0   5.5   96  195
[7]: 1978 12 14  0  5 JOYCE       7.1   4.3   43  618 1975  9 11  6 10 ALBERTO     7.2   5.5   37  230
[5]: 2003 10 15 18  7 GORDON      7.0   5.5   96  195 1978 12 14  0  5 JOYCE       7.1   4.3   43  618
[4]: 1962  1 15  0 20 OSCAR       7.2   4.7   94  108 1954 10 12 12  6 LESLIE      7.3   5.6   61  515
[3]: 1964  6 25 12  9 ISAAC       7.1   5.8  132  283 1999  8 27  6 15 FLORENCE    7.1   5.2  125  119
[2]: 1999  8 27  6 15 FLORENCE    7.1   5.2  125  119 1970  1 28 12 11 ISAAC       7.0   6.0   78   92
[1]: 2004  1 24 18 16 LESLIE      7.2   5.0   27  621 1979 11  6 18 23 LESLIE      7.4   5.3  107  429
[0]: 1975  9 11  6 10 ALBERTO     7.2   5.5   37  230 1962  1 15  0 20 OSCAR       7.2   4.7   94  108
