[19]: 1978 12  1  6  4 ALBERTO     7.1   4.7   21  674 2000 10 11  0 20 OSCAR       7.1   4.6   65  547
[18]: 1995  5 22  6 14 ERNESTO     7.1   4.9   53  190 1961  9 20 18  5 ISAAC       7.3   4.7  142   35
[17]: 1995  5 22  6 14 ERNESTO     7.1   4.9   53  190 1978 12  1  6  4 ALBERTO     7.1   4.7   21  674
[16]: 1978 12  1  6  4 ALBERTO     7.1   4.7   21  674 1995  5 22  6 14 ERNESTO     7.1   4.9   53  190
[15]: 1994  7  1 18 28 RAFAEL      7.0   5.1   47  135 1989  9  9  6 13 CHRIS       7.0   4.6   21  602
[14]: 1995  5 22  6 14 ERNESTO     7.1   4.9   53  190 1993  1 18  0 27 VALERIE     7.3   5.2   66  431
[13]: 1983  6 22  0 14 GORDON      7.1   5.8  130  838 1994  7  1 18 28 RAFAEL      7.0   5.1   47  135
[12]: 1983  6 22  0 14 GORDON      7.1   5.8  130  838 1995  5 22  6 14 ERNESTO     7.1   4.9   53  190
[10]: 1989  9  9  6 13 CHRIS       7.0   4.6   21  602 1978 12  1  6  4 ALBERTO     7.1   4.7   21  674
[9]: 2000 10 11  0 20 OSCAR       7.1   4.6   65  547 1994  7  1 18 28 RAFAEL      7.0   5.1   47  135
[8]: 1989  9  9  6 13 CHRIS       7.0   4.6   21  602 1983  6 22  0 14 GORDON      7.1   5.8  130  838
[6]: 1994  7  1 18 28 RAFAEL      7.0   5.1   47  135 1978 12  1  6  4 ALBERTO     7.1   4.7   21  674
[5]: 2000 10 11  0 20 OSCAR       7.1   4.6   65  547 1994  7  1 18 28 RAFAEL      7.0   5.1   47  135
[4]: 1994  7  1 18 28 RAFAEL      7.0   5.1   47  135 1995  5 22  6 14 ERNESTO     7.1   4.9   53  190
[2]: 1978 12  1  6  4 ALBERTO     7.1   4.7   21  674 2000 10 11  0 20 OSCAR       7.1   4.6   65  547
[1]: 2000 10 11  0 20 OSCAR       7.1   4.6   65  547 1989  9  9  6 13 CHRIS       7.0   4.6   21  602
