[4]: 132.644318 132.432159
[4]: 129.119858 126.836334
[4]: 123.358376 117.904129
[4]: 146.296555 173.930054
[4]: 127.436256 124.594322
[4]: 128.103745 126.765602
[4]: 128.432098 122.387993
[4]: 128.651230 126.389420
[4]: 125.209076 111.252876
[4]: 125.958015 123.659187
[4]: 122.459297 133.923080
[4]: 128.023743 128.397034
[4]: 127.656601 127.930695
[4]: 127.907272 122.162163
[4]: 129.639191 123.592026
[4]: 129.265839 132.753708
[4]: 123.351082 118.670052
[4]: 67.872520 67.263580
[4]: 126.100922 125.855522
[4]: 128.900299 131.628586
[4]: 126.802956 130.921097
[4]: 127.322472 113.843704
[4]: 126.020348 117.078583
[4]: 127.813385 123.219727
[4]: 128.779663 128.845459
[4]: 128.406372 137.093811
[4]: 131.506912 133.075012
[4]: 124.741394 118.086906
[4]: 127.077560 129.906662
[4]: 60.066235 74.227898
[4]: 128.100800 133.324158
[4]: 130.233322 140.945679
[4]: 128.971329 131.868683
[4]: 128.344879 128.115768
[3]: 130.770981 129.667557
[3]: 126.817566 129.926086
[3]: 127.795944 127.448074
[3]: 59.875065 60.540619
[3]: 132.062698 131.771637
[3]: 128.788559 126.479179
[3]: 127.439362 135.141663
[3]: 129.775604 130.633560
[3]: 128.312302 135.352875
[3]: 123.957458 125.978561
[3]: 126.868393 119.108917
[3]: 127.724014 127.657806
[3]: 126.747177 128.203644
[3]: 125.257057 132.660767
[3]: 125.661835 129.234131
[3]: 129.322388 131.750046
[3]: 128.521622 132.714172
[3]: 188.265457 155.685638
[3]: 124.974846 124.603302
[3]: 130.372879 122.442459
[3]: 128.090408 124.990410
[3]: 129.320389 136.959061
[3]: 126.919853 132.554504
[3]: 128.257065 128.384995
[3]: 129.495255 129.326920
[3]: 129.590866 120.673088
[3]: 125.919403 128.321609
[3]: 125.691925 128.891006
[3]: 127.814041 125.635117
[3]: 108.576683 64.354279
[3]: 130.700851 128.957504
[3]: 123.209702 117.774368
[3]: 127.944237 124.986511
[3]: 125.626221 121.671371
[2]: 125.057640 127.894775
[2]: 128.924011 136.264862
[2]: 126.171715 137.254089
[2]: 106.666985 113.327965
[2]: 128.338257 139.689117
[2]: 126.070107 126.364342
[2]: 125.773903 130.981094
[2]: 126.135735 128.233978
[2]: 126.950539 143.741364
[2]: 133.559052 136.178146
[2]: 132.054825 114.198883
[2]: 128.551514 130.096924
[2]: 129.400558 122.856323
[2]: 127.919540 141.394409
[2]: 124.758308 131.694214
[2]: 128.359406 125.654327
[2]: 129.604355 135.343277
[2]: 70.259331 68.268845
[2]: 129.100647 129.859833
[2]: 123.994438 117.726288
[2]: 131.323242 129.149658
[2]: 126.164238 144.983566
[2]: 128.287323 140.783249
[2]: 125.871292 136.607025
[2]: 123.472458 122.202629
[2]: 126.068123 115.770721
[2]: 125.354042 127.232552
[2]: 129.504608 141.488953
[2]: 126.985748 117.123810
[2]: 195.627426 187.028641
[2]: 128.221375 115.487915
[2]: 128.720093 115.701958
[2]: 126.401970 126.823853
[2]: 124.608704 119.795769
[1]: 123.155617 124.435265
[1]: 125.022377 126.022057
[1]: 132.195709 136.218262
[1]: 197.043610 195.582352
[1]: 124.899498 128.496063
[1]: 126.741196 127.885963
[1]: 127.783264 126.182396
[1]: 124.335915 126.707695
[1]: 128.005173 139.348587
[1]: 125.261299 128.695145
[1]: 128.814468 120.969055
[1]: 127.464035 129.116302
[1]: 127.559685 129.162750
[1]: 127.973465 133.181931
[1]: 128.354584 133.151993
[1]: 123.635315 118.258011
[1]: 129.389740 134.611816
[1]: 184.911896 191.817841
[1]: 129.950577 132.786499
[1]: 124.324791 122.490532
[1]: 124.085541 125.744560
[1]: 128.381241 135.743011
[1]: 129.261551 140.021667
[1]: 126.710892 134.113419
[1]: 127.335976 129.365189
[1]: 126.664536 119.186768
[1]: 128.609360 122.164551
[1]: 130.614609 136.165558
[1]: 128.744385 127.482735
[1]: 145.541977 131.550781
[1]: 125.162270 119.676590
[1]: 127.095329 117.413986
[1]: 126.670227 126.122925
[1]: 131.065796 130.843796
[0]: 47.000000 124.891190
[0]: 130.000000 117.632103
[0]: 67.000000 117.247887
[0]: 125.000000 91.521843
[0]: 165.000000 115.437042
[0]: 77.000000 129.795883
[0]: 90.000000 121.578682
[0]: 172.000000 123.861870
[0]: 132.000000 103.972305
[0]: 133.000000 121.032570
[0]: 12.000000 151.454742
[0]: 97.000000 124.158813
[0]: 169.000000 131.248230
[0]: 241.000000 105.238052
[0]: 215.000000 117.011108
[0]: 192.000000 130.063766
[0]: 231.000000 116.268654
[0]: 238.000000 155.970764
[0]: 122.000000 124.307205
[0]: 113.000000 141.321823
[0]: 177.000000 127.129501
[0]: 182.000000 105.662453
[0]: 61.000000 105.882210
[0]: 198.000000 112.333275
[0]: 242.000000 126.447815
[0]: 192.000000 147.295670
[0]: 18.000000 128.576889
[0]: 165.000000 112.386185
[0]: 220.000000 138.924698
[0]: 206.000000 185.904358
[0]: 153.000000 143.981277
[0]: 178.000000 146.401062
[0]: 221.000000 127.767845
[0]: 195033376.000000 137.356873
