[19]: 2001  8  3  0  8 KIRK        7.1  79.2  151  183 1986 11 26 12 21 OSCAR       7.3   3.7   96  435
[18]: 2001  8  3  0  8 KIRK        7.1  79.2  151  183 1976  7 18  0 20 ISAAC       7.0   6.5   30   85
[17]: 1959  7  1  6 14 OSCAR       7.1  79.8   60  548 1988  4 10 18 10 PATTY       7.4   5.5   93  228
[16]: 1951  6 22  0  6 GORDON      7.0  79.7   49  296 1956 12 27  0 26 RAFAEL      7.2  78.8  130  613
[15]: 1967  5 26  0  9 KIRK        7.0  79.1   74  461 1988 10 22  0  7 BERYL       7.3  79.3   23  784
[14]: 1952  9 21  0  9 LESLIE      7.1  80.8   71  218 1993  1 18  0 27 VALERIE     7.3   5.2   66  431
[13]: 1967  5 26  0  9 KIRK        7.0  79.1   74  461 1983  2 26 12 19 CHRIS       7.2  81.4  111  442
[12]: 1983  8 12 18 18 GORDON      7.1  80.3   39  200 1995  1 14  0 16 MICHAEL     7.0   6.4   23  493
[10]: 1983  8 12 18 18 GORDON      7.1  80.3   39  200 1956 12 27  0 26 RAFAEL      7.2  78.8  130  613
[9]: 1967  5 26  0  9 KIRK        7.0  79.1   74  461 1988 10 22  0  7 BERYL       7.3  79.3   23  784
[8]: 1951  6 22  0  6 GORDON      7.0  79.7   49  296 1977  3  1  0 10 HELENE      7.4   6.2  138  475
[7]: 1960  6  5 18  1 TONY        7.1  80.4  106  505 1984  4 10  0  9 ALBERTO     7.5   6.0  115  292
[6]: 1959  7  1  6 14 OSCAR       7.1  79.8   60  548 1996  3 25  0 25 GORDON      7.3   6.0   74  683
[3]: 1955  3 17 12 16 MICHAEL     7.2  80.1   94  796 2004  4  7  0 27 DEBBY      32.1  47.9  154   63
[2]: 1951  6 22  0  6 GORDON      7.0  79.7   49  296 2004 12 28  0  1 PATTY       7.1   6.1   94  198
[1]: 1983  8 12 18 18 GORDON      7.1  80.3   39  200 1956 12 27  0 26 RAFAEL      7.2  78.8  130  613
[0]: 1959  7  1  6 14 OSCAR       7.1  79.8   60  548 1988 10 22  0  7 BERYL       7.3  79.3   23  784
