[4]: 133.529861 132.432159
[4]: 126.221626 126.836334
[4]: 116.964485 117.904129
[4]: 172.763580 173.930054
[4]: 126.432175 124.594322
[4]: 126.308151 126.765602
[4]: 122.093803 122.387993
[4]: 127.802261 126.389420
[4]: 113.233330 111.252876
[4]: 123.194733 123.659187
[4]: 134.700394 133.923080
[4]: 129.077271 128.397034
[4]: 129.059082 127.930695
[4]: 122.677452 122.162163
[4]: 125.199081 123.592026
[4]: 134.313370 132.753708
[4]: 120.256271 118.670052
[4]: 67.213158 67.263580
[4]: 125.423477 125.855522
[4]: 130.760422 131.628586
[4]: 129.972870 130.921097
[4]: 113.567352 113.843704
[4]: 117.213554 117.078583
[4]: 121.901207 123.219727
[4]: 127.740723 128.845459
[4]: 136.644699 137.093811
[4]: 135.448471 133.075012
[4]: 117.927628 118.086906
[4]: 130.742065 129.906662
[4]: 73.085342 74.227898
[4]: 134.513885 133.324158
[4]: 139.386536 140.945679
[4]: 132.064072 131.868683
[4]: 129.999451 128.115768
[3]: 126.999298 129.667557
[3]: 129.166321 129.926086
[3]: 127.282082 127.448074
[3]: 60.872375 60.540619
[3]: 132.118179 131.771637
[3]: 127.541771 126.479179
[3]: 135.133163 135.141663
[3]: 129.878693 130.633560
[3]: 134.374207 135.352875
[3]: 126.195412 125.978561
[3]: 117.404556 119.108917
[3]: 126.265076 127.657806
[3]: 127.371246 128.203644
[3]: 132.301422 132.660767
[3]: 128.821899 129.234131
[3]: 130.515167 131.750046
[3]: 132.799042 132.714172
[3]: 158.589905 155.685638
[3]: 123.915207 124.603302
[3]: 124.098137 122.442459
[3]: 125.781570 124.990410
[3]: 137.804749 136.959061
[3]: 131.699982 132.554504
[3]: 130.752548 128.384995
[3]: 130.026672 129.326920
[3]: 121.087685 120.673088
[3]: 126.232780 128.321609
[3]: 129.717834 128.891006
[3]: 125.477341 125.635117
[3]: 65.119591 64.354279
[3]: 129.185669 128.957504
[3]: 121.270615 117.774368
[3]: 125.608078 124.986511
[3]: 121.508148 121.671371
[2]: 126.665894 127.894775
[2]: 137.111053 136.264862
[2]: 136.547440 137.254089
[2]: 111.706818 113.327965
[2]: 138.557236 139.689117
[2]: 126.487022 126.364342
[2]: 129.170837 130.981094
[2]: 128.113037 128.233978
[2]: 141.454941 143.741364
[2]: 137.784271 136.178146
[2]: 114.120285 114.198883
[2]: 128.348587 130.096924
[2]: 122.491882 122.856323
[2]: 140.333389 141.394409
[2]: 131.517441 131.694214
[2]: 125.299477 125.654327
[2]: 133.812057 135.343277
[2]: 67.313568 68.268845
[2]: 130.798843 129.859833
[2]: 117.215408 117.726288
[2]: 130.968475 129.149658
[2]: 145.357742 144.983566
[2]: 141.777664 140.783249
[2]: 138.151337 136.607025
[2]: 123.693039 122.202629
[2]: 115.774323 115.770721
[2]: 125.401131 127.232552
[2]: 140.646561 141.488953
[2]: 116.641296 117.123810
[2]: 185.815720 187.028641
[2]: 115.448174 115.487915
[2]: 116.405113 115.701958
[2]: 126.379715 126.823853
[2]: 118.731728 119.795769
[1]: 126.409622 124.435265
[1]: 126.742516 126.022057
[1]: 137.149811 136.218262
[1]: 196.374405 195.582352
[1]: 127.165672 128.496063
[1]: 127.611130 127.885963
[1]: 126.669907 126.182396
[1]: 126.241699 126.707695
[1]: 138.296509 139.348587
[1]: 128.606705 128.695145
[1]: 120.596909 120.969055
[1]: 130.325043 129.116302
[1]: 128.570084 129.162750
[1]: 133.461090 133.181931
[1]: 132.663300 133.151993
[1]: 118.425247 118.258011
[1]: 133.961899 134.611816
[1]: 190.614014 191.817841
[1]: 133.104797 132.786499
[1]: 123.364922 122.490532
[1]: 126.018112 125.744560
[1]: 136.624969 135.743011
[1]: 139.843201 140.021667
[1]: 133.587036 134.113419
[1]: 128.993317 129.365189
[1]: 119.554535 119.186768
[1]: 121.534943 122.164551
[1]: 135.076736 136.165558
[1]: 126.437149 127.482735
[1]: 132.754883 131.550781
[1]: 118.420044 119.676590
[1]: 116.047501 117.413986
[1]: 125.623962 126.122925
[1]: 129.237030 130.843796
[0]: 125.760353 124.891190
[0]: 117.340828 117.632103
[0]: 118.088951 117.247887
[0]: 92.700768 91.521843
[0]: 115.641609 115.437042
[0]: 129.312576 129.795883
[0]: 123.297165 121.578682
[0]: 123.782570 123.861870
[0]: 106.337898 103.972305
[0]: 119.597519 121.032570
[0]: 153.191772 151.454742
[0]: 125.470078 124.158813
[0]: 132.022217 131.248230
[0]: 105.716263 105.238052
[0]: 116.356926 117.011108
[0]: 129.965897 130.063766
[0]: 116.729530 116.268654
[0]: 155.529755 155.970764
[0]: 124.127014 124.307205
[0]: 140.148804 141.321823
[0]: 125.005684 127.129501
[0]: 103.464996 105.662453
[0]: 105.604668 105.882210
[0]: 109.927322 112.333275
[0]: 125.674248 126.447815
[0]: 147.083359 147.295670
[0]: 130.986481 128.576889
[0]: 113.621117 112.386185
[0]: 139.970459 138.924698
[0]: 186.672775 185.904358
[0]: 144.026688 143.981277
[0]: 145.146133 146.401062
[0]: 127.896149 127.767845
[0]: 138.479553 137.356873
