[4]: 132.072861 132.432159
[4]: 126.045273 126.836334
[4]: 117.745979 117.904129
[4]: 175.760086 173.930054
[4]: 123.762863 124.594322
[4]: 126.879013 126.765602
[4]: 121.446762 122.387993
[4]: 126.177994 126.389420
[4]: 110.998970 111.252876
[4]: 123.807182 123.659187
[4]: 134.067001 133.923080
[4]: 129.282333 128.397034
[4]: 126.836990 127.930695
[4]: 122.241890 122.162163
[4]: 123.143738 123.592026
[4]: 132.167130 132.753708
[4]: 118.393166 118.670052
[4]: 67.509552 67.263580
[4]: 126.121857 125.855522
[4]: 132.081894 131.628586
[4]: 130.718231 130.921097
[4]: 113.798225 113.843704
[4]: 117.105446 117.078583
[4]: 124.393486 123.219727
[4]: 129.443436 128.845459
[4]: 135.069534 137.093811
[4]: 132.610092 133.075012
[4]: 117.988983 118.086906
[4]: 129.708237 129.906662
[4]: 75.880127 74.227898
[4]: 133.831131 133.324158
[4]: 142.483078 140.945679
[4]: 131.463409 131.868683
[4]: 126.522636 128.115768
[3]: 130.692200 129.667557
[3]: 130.033142 129.926086
[3]: 127.639107 127.448074
[3]: 61.038658 60.540619
[3]: 131.042236 131.771637
[3]: 126.335976 126.479179
[3]: 135.447906 135.141663
[3]: 130.458618 130.633560
[3]: 134.906921 135.352875
[3]: 125.663483 125.978561
[3]: 119.875565 119.108917
[3]: 127.744995 127.657806
[3]: 128.581970 128.203644
[3]: 132.703934 132.660767
[3]: 129.365387 129.234131
[3]: 132.293823 131.750046
[3]: 132.572815 132.714172
[3]: 155.000778 155.685638
[3]: 124.798401 124.603302
[3]: 122.496040 122.442459
[3]: 125.295372 124.990410
[3]: 136.381470 136.959061
[3]: 132.282181 132.554504
[3]: 128.085785 128.384995
[3]: 129.109222 129.326920
[3]: 121.531441 120.673088
[3]: 128.107285 128.321609
[3]: 129.030746 128.891006
[3]: 126.301743 125.635117
[3]: 63.435257 64.354279
[3]: 129.379059 128.957504
[3]: 116.795837 117.774368
[3]: 125.170860 124.986511
[3]: 122.255859 121.671371
[2]: 129.084473 127.894775
[2]: 135.239853 136.264862
[2]: 138.023773 137.254089
[2]: 110.970886 113.327965
[2]: 141.087585 139.689117
[2]: 127.116455 126.364342
[2]: 132.244324 130.981094
[2]: 128.855942 128.233978
[2]: 145.138474 143.741364
[2]: 136.126190 136.178146
[2]: 113.533859 114.198883
[2]: 128.292328 130.096924
[2]: 123.943924 122.856323
[2]: 140.677032 141.394409
[2]: 131.407990 131.694214
[2]: 126.674400 125.654327
[2]: 136.296722 135.343277
[2]: 68.754570 68.268845
[2]: 129.729919 129.859833
[2]: 117.393074 117.726288
[2]: 129.907715 129.149658
[2]: 144.956528 144.983566
[2]: 141.676086 140.783249
[2]: 134.620483 136.607025
[2]: 120.883469 122.202629
[2]: 117.489349 115.770721
[2]: 128.158737 127.232552
[2]: 142.267685 141.488953
[2]: 117.368752 117.123810
[2]: 186.055359 187.028641
[2]: 113.990349 115.487915
[2]: 115.167740 115.701958
[2]: 127.093880 126.823853
[2]: 122.326553 119.795769
[1]: 123.463676 124.435265
[1]: 126.840797 126.022057
[1]: 137.476593 136.218262
[1]: 195.374390 195.582352
[1]: 129.514084 128.496063
[1]: 128.175385 127.885963
[1]: 126.828667 126.182396
[1]: 126.638435 126.707695
[1]: 139.829437 139.348587
[1]: 128.192795 128.695145
[1]: 121.239151 120.969055
[1]: 129.305801 129.116302
[1]: 129.837448 129.162750
[1]: 133.722198 133.181931
[1]: 133.666977 133.151993
[1]: 118.009796 118.258011
[1]: 135.084930 134.611816
[1]: 191.494171 191.817841
[1]: 132.148392 132.786499
[1]: 121.827034 122.490532
[1]: 125.026756 125.744560
[1]: 135.951385 135.743011
[1]: 139.473175 140.021667
[1]: 134.165497 134.113419
[1]: 129.555756 129.365189
[1]: 120.559418 119.186768
[1]: 122.812256 122.164551
[1]: 135.909943 136.165558
[1]: 127.880928 127.482735
[1]: 132.623657 131.550781
[1]: 120.175529 119.676590
[1]: 117.019989 117.413986
[1]: 126.090919 126.122925
[1]: 131.316925 130.843796
[0]: 123.912231 124.891190
[0]: 118.487770 117.632103
[0]: 114.882858 117.247887
[0]: 91.628250 91.521843
[0]: 114.394920 115.437042
[0]: 128.720764 129.795883
[0]: 120.102928 121.578682
[0]: 123.649788 123.861870
[0]: 102.453918 103.972305
[0]: 121.787766 121.032570
[0]: 151.108353 151.454742
[0]: 124.808098 124.158813
[0]: 130.116882 131.248230
[0]: 105.068649 105.238052
[0]: 116.988289 117.011108
[0]: 129.292679 130.063766
[0]: 115.043930 116.268654
[0]: 156.239624 155.970764
[0]: 124.624550 124.307205
[0]: 142.008362 141.321823
[0]: 127.000687 127.129501
[0]: 105.916885 105.662453
[0]: 105.576660 105.882210
[0]: 113.339706 112.333275
[0]: 127.232300 126.447815
[0]: 145.372177 147.295670
[0]: 127.619034 128.576889
[0]: 111.634712 112.386185
[0]: 137.793106 138.924698
[0]: 185.732986 185.904358
[0]: 144.167267 143.981277
[0]: 147.046509 146.401062
[0]: 127.764427 127.767845
[0]: 135.278809 137.356873
