[4]: 132.691452 132.432159
[4]: 124.390060 126.836334
[4]: 117.383232 117.904129
[4]: 177.004837 173.930054
[4]: 123.283699 124.594322
[4]: 125.788696 126.765602
[4]: 123.879265 122.387993
[4]: 125.932922 126.389420
[4]: 111.697495 111.252876
[4]: 125.768776 123.659187
[4]: 135.642639 133.923080
[4]: 130.856491 128.397034
[4]: 125.616524 127.930695
[4]: 122.042389 122.162163
[4]: 121.778618 123.592026
[4]: 130.331329 132.753708
[4]: 118.685112 118.670052
[4]: 68.121765 67.263580
[4]: 128.212646 125.855522
[4]: 131.143600 131.628586
[4]: 129.781479 130.921097
[4]: 113.184395 113.843704
[4]: 114.631927 117.078583
[4]: 124.809654 123.219727
[4]: 129.576920 128.845459
[4]: 133.349899 137.093811
[4]: 130.811798 133.075012
[4]: 118.903000 118.086906
[4]: 129.579300 129.906662
[4]: 75.912369 74.227898
[4]: 133.201538 133.324158
[4]: 141.226776 140.945679
[4]: 130.968170 131.868683
[4]: 124.263931 128.115768
[3]: 128.777374 129.667557
[3]: 129.138611 129.926086
[3]: 126.554993 127.448074
[3]: 61.187248 60.540619
[3]: 130.510239 131.771637
[3]: 127.069885 126.479179
[3]: 135.637451 135.141663
[3]: 130.156219 130.633560
[3]: 134.150558 135.352875
[3]: 124.565315 125.978561
[3]: 120.035446 119.108917
[3]: 127.056473 127.657806
[3]: 128.679260 128.203644
[3]: 131.969055 132.660767
[3]: 129.293121 129.234131
[3]: 132.343475 131.750046
[3]: 131.826797 132.714172
[3]: 155.955627 155.685638
[3]: 123.766289 124.603302
[3]: 122.873878 122.442459
[3]: 127.557243 124.990410
[3]: 137.078186 136.959061
[3]: 132.621933 132.554504
[3]: 127.005508 128.384995
[3]: 129.492554 129.326920
[3]: 122.548325 120.673088
[3]: 128.501312 128.321609
[3]: 128.750153 128.891006
[3]: 127.060966 125.635117
[3]: 62.964085 64.354279
[3]: 129.994644 128.957504
[3]: 118.726341 117.774368
[3]: 125.345566 124.986511
[3]: 123.659943 121.671371
[2]: 129.658752 127.894775
[2]: 137.188782 136.264862
[2]: 139.976425 137.254089
[2]: 110.213654 113.327965
[2]: 142.429138 139.689117
[2]: 129.243637 126.364342
[2]: 130.095917 130.981094
[2]: 128.469162 128.233978
[2]: 144.060547 143.741364
[2]: 134.387283 136.178146
[2]: 112.299782 114.198883
[2]: 125.581360 130.096924
[2]: 125.039299 122.856323
[2]: 141.124542 141.394409
[2]: 132.072021 131.694214
[2]: 128.158234 125.654327
[2]: 139.279816 135.343277
[2]: 68.428101 68.268845
[2]: 128.110031 129.859833
[2]: 118.672867 117.726288
[2]: 131.220703 129.149658
[2]: 146.711761 144.983566
[2]: 145.716171 140.783249
[2]: 133.884995 136.607025
[2]: 120.540062 122.202629
[2]: 119.240036 115.770721
[2]: 129.842484 127.232552
[2]: 142.281342 141.488953
[2]: 117.269066 117.123810
[2]: 183.756836 187.028641
[2]: 113.056541 115.487915
[2]: 117.380226 115.701958
[2]: 126.561073 126.823853
[2]: 126.579437 119.795769
[1]: 124.236351 124.435265
[1]: 129.921219 126.022057
[1]: 138.140747 136.218262
[1]: 194.888962 195.582352
[1]: 130.348557 128.496063
[1]: 127.793579 127.885963
[1]: 125.062424 126.182396
[1]: 126.295753 126.707695
[1]: 139.361664 139.348587
[1]: 127.147568 128.695145
[1]: 119.953239 120.969055
[1]: 128.029861 129.116302
[1]: 130.501236 129.162750
[1]: 134.043655 133.181931
[1]: 134.468445 133.151993
[1]: 119.302185 118.258011
[1]: 134.816299 134.611816
[1]: 191.706879 191.817841
[1]: 130.998520 132.786499
[1]: 122.025276 122.490532
[1]: 125.495270 125.744560
[1]: 136.053665 135.743011
[1]: 140.572739 140.021667
[1]: 132.677582 134.113419
[1]: 129.220230 129.365189
[1]: 122.538460 119.186768
[1]: 123.443237 122.164551
[1]: 134.841431 136.165558
[1]: 127.229370 127.482735
[1]: 134.211456 131.550781
[1]: 121.428894 119.676590
[1]: 116.131279 117.413986
[1]: 125.852745 126.122925
[1]: 133.588562 130.843796
[0]: 123.928642 124.891190
[0]: 115.840965 117.632103
[0]: 113.703308 117.247887
[0]: 91.374580 91.521843
[0]: 113.245941 115.437042
[0]: 127.224991 129.795883
[0]: 121.555435 121.578682
[0]: 125.061401 123.861870
[0]: 104.318245 103.972305
[0]: 123.962990 121.032570
[0]: 151.855133 151.454742
[0]: 128.192093 124.158813
[0]: 129.383514 131.248230
[0]: 105.375694 105.238052
[0]: 116.973640 117.011108
[0]: 128.226364 130.063766
[0]: 112.705284 116.268654
[0]: 153.895065 155.970764
[0]: 126.520226 124.307205
[0]: 140.941345 141.321823
[0]: 123.614944 127.129501
[0]: 103.930870 105.662453
[0]: 102.424904 105.882210
[0]: 116.578621 112.333275
[0]: 127.359383 126.447815
[0]: 141.965912 147.295670
[0]: 126.651436 128.576889
[0]: 112.218117 112.386185
[0]: 137.832886 138.924698
[0]: 187.061234 185.904358
[0]: 143.680206 143.981277
[0]: 144.815460 146.401062
[0]: 128.949585 127.767845
[0]: 129.035645 137.356873
