[4]: 133.754486 132.432159
[4]: 125.455467 126.836334
[4]: 116.406052 117.904129
[4]: 172.427017 173.930054
[4]: 127.329918 124.594322
[4]: 127.351196 126.765602
[4]: 122.737625 122.387993
[4]: 128.289246 126.389420
[4]: 115.354111 111.252876
[4]: 122.934502 123.659187
[4]: 136.023956 133.923080
[4]: 128.576920 128.397034
[4]: 129.140533 127.930695
[4]: 122.200821 122.162163
[4]: 124.215004 123.592026
[4]: 135.092209 132.753708
[4]: 121.278214 118.670052
[4]: 68.287201 67.263580
[4]: 125.525223 125.855522
[4]: 129.835510 131.628586
[4]: 129.300522 130.921097
[4]: 112.365623 113.843704
[4]: 116.921738 117.078583
[4]: 122.448059 123.219727
[4]: 127.699402 128.845459
[4]: 136.953888 137.093811
[4]: 135.695389 133.075012
[4]: 119.246925 118.086906
[4]: 131.122955 129.906662
[4]: 71.580788 74.227898
[4]: 134.055176 133.324158
[4]: 138.426544 140.945679
[4]: 131.666138 131.868683
[4]: 131.814941 128.115768
[3]: 126.219704 129.667557
[3]: 129.703827 129.926086
[3]: 127.990379 127.448074
[3]: 60.995934 60.540619
[3]: 131.187805 131.771637
[3]: 127.316811 126.479179
[3]: 135.252853 135.141663
[3]: 129.175446 130.633560
[3]: 134.337296 135.352875
[3]: 126.607742 125.978561
[3]: 116.378654 119.108917
[3]: 126.321114 127.657806
[3]: 126.953087 128.203644
[3]: 132.074661 132.660767
[3]: 128.571701 129.234131
[3]: 130.934875 131.750046
[3]: 133.366699 132.714172
[3]: 159.545822 155.685638
[3]: 123.224785 124.603302
[3]: 123.789131 122.442459
[3]: 126.685303 124.990410
[3]: 139.053635 136.959061
[3]: 131.589920 132.554504
[3]: 130.811646 128.384995
[3]: 130.925171 129.326920
[3]: 121.154495 120.673088
[3]: 126.072868 128.321609
[3]: 129.199524 128.891006
[3]: 125.436745 125.635117
[3]: 65.973335 64.354279
[3]: 129.429794 128.957504
[3]: 121.694290 117.774368
[3]: 125.346680 124.986511
[3]: 120.296715 121.671371
[2]: 127.100792 127.894775
[2]: 136.594772 136.264862
[2]: 136.385025 137.254089
[2]: 112.322189 113.327965
[2]: 137.316406 139.689117
[2]: 125.762840 126.364342
[2]: 128.210220 130.981094
[2]: 128.378296 128.233978
[2]: 139.989777 143.741364
[2]: 138.226700 136.178146
[2]: 114.021629 114.198883
[2]: 128.275589 130.096924
[2]: 122.896034 122.856323
[2]: 140.470917 141.394409
[2]: 132.206421 131.694214
[2]: 125.223534 125.654327
[2]: 132.678848 135.343277
[2]: 66.147942 68.268845
[2]: 130.977173 129.859833
[2]: 119.210938 117.726288
[2]: 131.634552 129.149658
[2]: 146.218933 144.983566
[2]: 142.138596 140.783249
[2]: 137.764893 136.607025
[2]: 123.921234 122.202629
[2]: 115.809113 115.770721
[2]: 124.852379 127.232552
[2]: 138.843903 141.488953
[2]: 116.028687 117.123810
[2]: 185.370041 187.028641
[2]: 116.259666 115.487915
[2]: 117.197784 115.701958
[2]: 127.104599 126.823853
[2]: 117.799919 119.795769
[1]: 126.656425 124.435265
[1]: 127.465767 126.022057
[1]: 137.856522 136.218262
[1]: 195.886307 195.582352
[1]: 127.135681 128.496063
[1]: 127.238846 127.885963
[1]: 126.390831 126.182396
[1]: 125.549438 126.707695
[1]: 137.365570 139.348587
[1]: 128.194794 128.695145
[1]: 120.028770 120.969055
[1]: 130.768097 129.116302
[1]: 128.614090 129.162750
[1]: 133.835068 133.181931
[1]: 133.198227 133.151993
[1]: 117.732140 118.258011
[1]: 133.530258 134.611816
[1]: 190.763641 191.817841
[1]: 133.906891 132.786499
[1]: 123.276749 122.490532
[1]: 125.908531 125.744560
[1]: 136.873749 135.743011
[1]: 139.777527 140.021667
[1]: 133.345840 134.113419
[1]: 128.412506 129.365189
[1]: 118.904243 119.186768
[1]: 121.298111 122.164551
[1]: 135.514893 136.165558
[1]: 126.178413 127.482735
[1]: 134.042969 131.550781
[1]: 118.742592 119.676590
[1]: 115.611351 117.413986
[1]: 126.061211 126.122925
[1]: 128.566132 130.843796
[0]: 125.598549 124.891190
[0]: 117.276039 117.632103
[0]: 117.311882 117.247887
[0]: 92.666092 91.521843
[0]: 116.994644 115.437042
[0]: 129.635422 129.795883
[0]: 123.831833 121.578682
[0]: 124.489639 123.861870
[0]: 106.657883 103.972305
[0]: 119.342979 121.032570
[0]: 153.679565 151.454742
[0]: 125.535240 124.158813
[0]: 131.941620 131.248230
[0]: 105.845657 105.238052
[0]: 116.344101 117.011108
[0]: 129.468216 130.063766
[0]: 116.694855 116.268654
[0]: 155.312576 155.970764
[0]: 123.686646 124.307205
[0]: 139.480911 141.321823
[0]: 124.095695 127.129501
[0]: 102.136635 105.662453
[0]: 105.679741 105.882210
[0]: 109.895058 112.333275
[0]: 125.145538 126.447815
[0]: 147.392639 147.295670
[0]: 131.719894 128.576889
[0]: 114.187943 112.386185
[0]: 140.623077 138.924698
[0]: 186.397217 185.904358
[0]: 143.074631 143.981277
[0]: 145.357742 146.401062
[0]: 127.324577 127.767845
[0]: 139.658661 137.356873
