[4]: 133.528824 132.432159
[4]: 126.329987 126.836334
[4]: 116.892036 117.904129
[4]: 172.815308 173.930054
[4]: 126.355217 124.594322
[4]: 126.287514 126.765602
[4]: 122.143951 122.387993
[4]: 127.839355 126.389420
[4]: 113.145615 111.252876
[4]: 123.055840 123.659187
[4]: 134.705765 133.923080
[4]: 128.890457 128.397034
[4]: 128.993362 127.930695
[4]: 122.823853 122.162163
[4]: 125.236099 123.592026
[4]: 134.373642 132.753708
[4]: 120.021439 118.670052
[4]: 67.300644 67.263580
[4]: 125.351501 125.855522
[4]: 130.770538 131.628586
[4]: 129.942108 130.921097
[4]: 113.687492 113.843704
[4]: 117.065804 117.078583
[4]: 122.025627 123.219727
[4]: 127.670097 128.845459
[4]: 136.971375 137.093811
[4]: 135.411209 133.075012
[4]: 117.991776 118.086906
[4]: 130.852493 129.906662
[4]: 73.082809 74.227898
[4]: 134.375458 133.324158
[4]: 139.273117 140.945679
[4]: 131.925568 131.868683
[4]: 129.866486 128.115768
[3]: 126.978096 129.667557
[3]: 129.132523 129.926086
[3]: 127.250389 127.448074
[3]: 60.820080 60.540619
[3]: 132.179611 131.771637
[3]: 127.483238 126.479179
[3]: 135.089645 135.141663
[3]: 129.810410 130.633560
[3]: 134.421738 135.352875
[3]: 126.237839 125.978561
[3]: 117.253586 119.108917
[3]: 126.402634 127.657806
[3]: 127.351494 128.203644
[3]: 132.131821 132.660767
[3]: 128.718735 129.234131
[3]: 130.479034 131.750046
[3]: 133.056992 132.714172
[3]: 158.526108 155.685638
[3]: 123.983238 124.603302
[3]: 124.104851 122.442459
[3]: 125.714767 124.990410
[3]: 137.692780 136.959061
[3]: 131.820236 132.554504
[3]: 130.659256 128.384995
[3]: 130.180145 129.326920
[3]: 120.867790 120.673088
[3]: 126.185997 128.321609
[3]: 129.591049 128.891006
[3]: 125.391411 125.635117
[3]: 65.209076 64.354279
[3]: 129.047241 128.957504
[3]: 121.282509 117.774368
[3]: 125.781883 124.986511
[3]: 121.609215 121.671371
[2]: 126.681458 127.894775
[2]: 137.143311 136.264862
[2]: 136.781204 137.254089
[2]: 111.703880 113.327965
[2]: 138.590256 139.689117
[2]: 126.572617 126.364342
[2]: 129.176193 130.981094
[2]: 128.050827 128.233978
[2]: 141.760849 143.741364
[2]: 137.996811 136.178146
[2]: 114.094879 114.198883
[2]: 128.394424 130.096924
[2]: 122.339767 122.856323
[2]: 140.399384 141.394409
[2]: 131.527847 131.694214
[2]: 125.239464 125.654327
[2]: 133.886932 135.343277
[2]: 67.246010 68.268845
[2]: 130.709137 129.859833
[2]: 117.395065 117.726288
[2]: 131.060410 129.149658
[2]: 145.004944 144.983566
[2]: 141.892120 140.783249
[2]: 138.158478 136.607025
[2]: 123.807373 122.202629
[2]: 115.433052 115.770721
[2]: 125.304420 127.232552
[2]: 140.554581 141.488953
[2]: 116.390045 117.123810
[2]: 185.760056 187.028641
[2]: 115.504311 115.487915
[2]: 116.667252 115.701958
[2]: 126.256386 126.823853
[2]: 118.874481 119.795769
[1]: 126.335327 124.435265
[1]: 126.700272 126.022057
[1]: 137.153595 136.218262
[1]: 196.425110 195.582352
[1]: 127.225960 128.496063
[1]: 127.754143 127.885963
[1]: 126.719780 126.182396
[1]: 126.349709 126.707695
[1]: 138.061569 139.348587
[1]: 128.627670 128.695145
[1]: 120.616714 120.969055
[1]: 130.326080 129.116302
[1]: 128.575363 129.162750
[1]: 133.515427 133.181931
[1]: 132.622467 133.151993
[1]: 118.441505 118.258011
[1]: 134.052704 134.611816
[1]: 190.590515 191.817841
[1]: 133.143723 132.786499
[1]: 123.137894 122.490532
[1]: 125.877571 125.744560
[1]: 136.761597 135.743011
[1]: 139.620132 140.021667
[1]: 133.584305 134.113419
[1]: 128.938522 129.365189
[1]: 119.433815 119.186768
[1]: 121.643059 122.164551
[1]: 135.161133 136.165558
[1]: 126.496307 127.482735
[1]: 132.780884 131.550781
[1]: 118.459305 119.676590
[1]: 116.073143 117.413986
[1]: 125.800392 126.122925
[1]: 129.119080 130.843796
[0]: 125.851532 124.891190
[0]: 117.312500 117.632103
[0]: 117.983841 117.247887
[0]: 92.705124 91.521843
[0]: 115.599640 115.437042
[0]: 129.143570 129.795883
[0]: 123.235130 121.578682
[0]: 123.771149 123.861870
[0]: 106.374481 103.972305
[0]: 119.489769 121.032570
[0]: 153.290405 151.454742
[0]: 125.476875 124.158813
[0]: 132.253098 131.248230
[0]: 105.676926 105.238052
[0]: 116.491058 117.011108
[0]: 129.976440 130.063766
[0]: 116.547882 116.268654
[0]: 155.367859 155.970764
[0]: 124.199623 124.307205
[0]: 140.144089 141.321823
[0]: 125.183800 127.129501
[0]: 103.762634 105.662453
[0]: 105.823250 105.882210
[0]: 109.942917 112.333275
[0]: 125.510147 126.447815
[0]: 147.416092 147.295670
[0]: 131.054077 128.576889
[0]: 113.750519 112.386185
[0]: 140.103851 138.924698
[0]: 186.709167 185.904358
[0]: 144.168076 143.981277
[0]: 144.894852 146.401062
[0]: 127.791008 127.767845
[0]: 138.466385 137.356873
