[4]: 91.170700 132.432159
[4]: 128.221512 126.836334
[4]: 124.940308 117.904129
[4]: 173.250214 173.930054
[4]: 128.983963 124.594322
[4]: 128.314194 126.765602
[4]: 127.058472 122.387993
[4]: 126.531281 126.389420
[4]: 128.291229 111.252876
[4]: 128.937729 123.659187
[4]: 128.854355 133.923080
[4]: 128.422638 128.397034
[4]: 125.503937 127.930695
[4]: 128.772614 122.162163
[4]: 125.036499 123.592026
[4]: 131.989761 132.753708
[4]: 125.777199 118.670052
[4]: 60.517319 67.263580
[4]: 125.295380 125.855522
[4]: 127.837463 131.628586
[4]: 130.118027 130.921097
[4]: 129.484467 113.843704
[4]: 129.175781 117.078583
[4]: 127.409889 123.219727
[4]: 128.098770 128.845459
[4]: 126.567780 137.093811
[4]: 128.710495 133.075012
[4]: 128.161972 118.086906
[4]: 123.571930 129.906662
[4]: 124.841896 74.227898
[4]: 126.854134 133.324158
[4]: 173.672134 140.945679
[4]: 128.306610 131.868683
[4]: 124.411179 128.115768
[3]: 169.700272 129.667557
[3]: 127.066238 129.926086
[3]: 125.871681 127.448074
[3]: 85.557777 60.540619
[3]: 127.991180 131.771637
[3]: 127.631416 126.479179
[3]: 128.826324 135.141663
[3]: 127.918877 130.633560
[3]: 126.842621 135.352875
[3]: 125.711273 125.978561
[3]: 126.602425 119.108917
[3]: 128.052490 127.657806
[3]: 127.310593 128.203644
[3]: 127.577599 132.660767
[3]: 126.943428 129.234131
[3]: 129.574203 131.750046
[3]: 127.398064 132.714172
[3]: 129.287811 155.685638
[3]: 126.612022 124.603302
[3]: 128.359619 122.442459
[3]: 128.381271 124.990410
[3]: 126.426422 136.959061
[3]: 126.600166 132.554504
[3]: 127.195473 128.384995
[3]: 128.053818 129.326920
[3]: 126.182137 120.673088
[3]: 127.237373 128.321609
[3]: 126.820686 128.891006
[3]: 129.208801 125.635117
[3]: 59.414291 64.354279
[3]: 128.979538 128.957504
[3]: 83.890732 117.774368
[3]: 127.363998 124.986511
[3]: 127.161049 121.671371
[2]: 169.786484 127.894775
[2]: 130.207840 136.264862
[2]: 130.956116 137.254089
[2]: 98.294571 113.327965
[2]: 134.150803 139.689117
[2]: 127.714638 126.364342
[2]: 130.242508 130.981094
[2]: 130.483017 128.233978
[2]: 135.471252 143.741364
[2]: 128.729935 136.178146
[2]: 114.930084 114.198883
[2]: 129.139191 130.096924
[2]: 131.517532 122.856323
[2]: 136.591309 141.394409
[2]: 129.820999 131.694214
[2]: 129.896042 125.654327
[2]: 137.199829 135.343277
[2]: 113.291687 68.268845
[2]: 127.994316 129.859833
[2]: 117.761894 117.726288
[2]: 126.394043 129.149658
[2]: 133.738663 144.983566
[2]: 138.559433 140.783249
[2]: 135.303940 136.607025
[2]: 127.518021 122.202629
[2]: 121.324684 115.770721
[2]: 126.271187 127.232552
[2]: 132.302017 141.488953
[2]: 119.160500 117.123810
[2]: 185.812988 187.028641
[2]: 121.611565 115.487915
[2]: 71.489189 115.701958
[2]: 132.289764 126.823853
[2]: 121.497360 119.795769
[1]: 83.807480 124.435265
[1]: 129.257980 126.022057
[1]: 134.920044 136.218262
[1]: 184.708160 195.582352
[1]: 132.325699 128.496063
[1]: 126.726425 127.885963
[1]: 129.590347 126.182396
[1]: 128.949051 126.707695
[1]: 133.406372 139.348587
[1]: 126.253036 128.695145
[1]: 116.135765 120.969055
[1]: 126.022575 129.116302
[1]: 131.688568 129.162750
[1]: 133.570908 133.181931
[1]: 131.848083 133.151993
[1]: 124.254997 118.258011
[1]: 138.725403 134.611816
[1]: 187.776047 191.817841
[1]: 129.924042 132.786499
[1]: 120.351967 122.490532
[1]: 124.714905 125.744560
[1]: 130.689667 135.743011
[1]: 134.784744 140.021667
[1]: 134.810226 134.113419
[1]: 128.677124 129.365189
[1]: 123.462723 119.186768
[1]: 123.850670 122.164551
[1]: 131.865952 136.165558
[1]: 126.836090 127.482735
[1]: 114.073135 131.550781
[1]: 125.060440 119.676590
[1]: 154.746094 117.413986
[1]: 129.909622 126.122925
[1]: 127.203964 130.843796
[0]: 123.533539 124.891190
[0]: 120.698097 117.632103
[0]: 118.007355 117.247887
[0]: 82.685806 91.521843
[0]: 113.260071 115.437042
[0]: 126.311119 129.795883
[0]: 118.438690 121.578682
[0]: 120.311996 123.861870
[0]: 105.495003 103.972305
[0]: 125.998131 121.032570
[0]: 160.306183 151.454742
[0]: 128.070145 124.158813
[0]: 121.836098 131.248230
[0]: 102.870789 105.238052
[0]: 120.165993 117.011108
[0]: 119.639915 130.063766
[0]: 102.786148 116.268654
[0]: 164.454605 155.970764
[0]: 128.427933 124.307205
[0]: 144.844986 141.321823
[0]: 128.053909 127.129501
[0]: 115.142609 105.662453
[0]: 101.807442 105.882210
[0]: 104.864861 112.333275
[0]: 122.467339 126.447815
[0]: 146.344391 147.295670
[0]: 135.223083 128.576889
[0]: 115.815346 112.386185
[0]: 144.302887 138.924698
[0]: 176.377213 185.904358
[0]: 141.410797 143.981277
[0]: 161.919205 146.401062
[0]: 116.517509 127.767845
[0]: 140.820404 137.356873
