[4]: 135.799957 132.432159
[4]: 126.788933 126.836334
[4]: 118.342323 117.904129
[4]: 169.988281 173.930054
[4]: 128.621323 124.594322
[4]: 126.563553 126.765602
[4]: 122.839432 122.387993
[4]: 128.622971 126.389420
[4]: 117.068558 111.252876
[4]: 122.073715 123.659187
[4]: 135.754150 133.923080
[4]: 128.083878 128.397034
[4]: 128.573013 127.930695
[4]: 123.601784 122.162163
[4]: 123.473495 123.592026
[4]: 133.822464 132.753708
[4]: 119.485847 118.670052
[4]: 67.681282 67.263580
[4]: 126.888527 125.855522
[4]: 131.106857 131.628586
[4]: 127.622574 130.921097
[4]: 111.576530 113.843704
[4]: 117.041977 117.078583
[4]: 121.204582 123.219727
[4]: 126.417526 128.845459
[4]: 136.259460 137.093811
[4]: 135.964203 133.075012
[4]: 121.838806 118.086906
[4]: 131.848022 129.906662
[4]: 69.763840 74.227898
[4]: 133.252975 133.324158
[4]: 135.826767 140.945679
[4]: 129.841232 131.868683
[4]: 132.115463 128.115768
[3]: 124.683960 129.667557
[3]: 129.349716 129.926086
[3]: 126.931236 127.448074
[3]: 61.775257 60.540619
[3]: 131.913254 131.771637
[3]: 127.485672 126.479179
[3]: 135.153931 135.141663
[3]: 129.597610 130.633560
[3]: 134.377502 135.352875
[3]: 128.220184 125.978561
[3]: 116.036186 119.108917
[3]: 125.882568 127.657806
[3]: 127.904312 128.203644
[3]: 131.609787 132.660767
[3]: 128.225922 129.234131
[3]: 132.484573 131.750046
[3]: 134.447449 132.714172
[3]: 163.007385 155.685638
[3]: 123.344452 124.603302
[3]: 123.958549 122.442459
[3]: 127.075203 124.990410
[3]: 140.828644 136.959061
[3]: 131.945282 132.554504
[3]: 132.971893 128.384995
[3]: 131.633011 129.326920
[3]: 121.847557 120.673088
[3]: 124.528297 128.321609
[3]: 127.585999 128.891006
[3]: 123.572884 125.635117
[3]: 67.841278 64.354279
[3]: 129.831940 128.957504
[3]: 123.746765 117.774368
[3]: 125.719444 124.986511
[3]: 119.890808 121.671371
[2]: 125.847618 127.894775
[2]: 134.890823 136.264862
[2]: 134.773468 137.254089
[2]: 111.306808 113.327965
[2]: 134.839355 139.689117
[2]: 127.607239 126.364342
[2]: 128.555679 130.981094
[2]: 127.343491 128.233978
[2]: 138.326172 143.741364
[2]: 139.526169 136.178146
[2]: 113.608582 114.198883
[2]: 127.639351 130.096924
[2]: 123.929558 122.856323
[2]: 139.424393 141.394409
[2]: 133.334595 131.694214
[2]: 125.224167 125.654327
[2]: 134.619049 135.343277
[2]: 66.038567 68.268845
[2]: 128.957031 129.859833
[2]: 119.793549 117.726288
[2]: 132.736252 129.149658
[2]: 147.726639 144.983566
[2]: 141.376144 140.783249
[2]: 138.873749 136.607025
[2]: 125.954269 122.202629
[2]: 117.119797 115.770721
[2]: 123.958366 127.232552
[2]: 135.693817 141.488953
[2]: 115.595909 117.123810
[2]: 185.536636 187.028641
[2]: 116.703499 115.487915
[2]: 118.992920 115.701958
[2]: 129.317047 126.823853
[2]: 116.729004 119.795769
[1]: 127.359558 124.435265
[1]: 126.346863 126.022057
[1]: 138.136398 136.218262
[1]: 196.400925 195.582352
[1]: 125.413383 128.496063
[1]: 126.698318 127.885963
[1]: 127.496185 126.182396
[1]: 126.119957 126.707695
[1]: 135.875763 139.348587
[1]: 128.863449 128.695145
[1]: 120.918365 120.969055
[1]: 129.939163 129.116302
[1]: 127.026482 129.162750
[1]: 133.860962 133.181931
[1]: 134.784470 133.151993
[1]: 116.778084 118.258011
[1]: 133.844910 134.611816
[1]: 189.923431 191.817841
[1]: 133.868118 132.786499
[1]: 121.446175 122.490532
[1]: 127.294441 125.744560
[1]: 136.757828 135.743011
[1]: 139.079376 140.021667
[1]: 133.991196 134.113419
[1]: 127.938072 129.365189
[1]: 118.778473 119.186768
[1]: 121.504051 122.164551
[1]: 133.540192 136.165558
[1]: 124.850754 127.482735
[1]: 135.150879 131.550781
[1]: 118.921402 119.676590
[1]: 114.860184 117.413986
[1]: 128.361420 126.122925
[1]: 128.238739 130.843796
[0]: 125.540260 124.891190
[0]: 119.154648 117.632103
[0]: 117.691315 117.247887
[0]: 93.938301 91.521843
[0]: 119.235168 115.437042
[0]: 128.927628 129.795883
[0]: 122.227287 121.578682
[0]: 124.111061 123.861870
[0]: 107.976196 103.972305
[0]: 116.161125 121.032570
[0]: 154.153687 151.454742
[0]: 128.164017 124.158813
[0]: 132.225632 131.248230
[0]: 105.606422 105.238052
[0]: 114.367317 117.011108
[0]: 130.234558 130.063766
[0]: 114.878784 116.268654
[0]: 154.628128 155.970764
[0]: 124.231224 124.307205
[0]: 139.466049 141.321823
[0]: 122.663223 127.129501
[0]: 99.196045 105.662453
[0]: 106.481445 105.882210
[0]: 106.663658 112.333275
[0]: 124.071594 126.447815
[0]: 146.329071 147.295670
[0]: 133.906174 128.576889
[0]: 118.617973 112.386185
[0]: 144.081650 138.924698
[0]: 185.498077 185.904358
[0]: 143.080429 143.981277
[0]: 145.031326 146.401062
[0]: 123.862335 127.767845
[0]: 141.494568 137.356873
