[4]: 155.549255 132.432159
[4]: 126.173065 126.836334
[4]: 141.075943 117.904129
[4]: 159.307114 173.930054
[4]: 124.062889 124.594322
[4]: 120.269028 126.765602
[4]: 129.688477 122.387993
[4]: 126.278526 126.389420
[4]: 118.400452 111.252876
[4]: 117.628296 123.659187
[4]: 126.965233 133.923080
[4]: 127.013214 128.397034
[4]: 134.611450 127.930695
[4]: 138.386307 122.162163
[4]: 125.373177 123.592026
[4]: 151.349457 132.753708
[4]: 127.055473 118.670052
[4]: 73.570808 67.263580
[4]: 125.886505 125.855522
[4]: 142.050293 131.628586
[4]: 131.036392 130.921097
[4]: 99.592598 113.843704
[4]: 119.549484 117.078583
[4]: 127.007111 123.219727
[4]: 120.201424 128.845459
[4]: 129.632614 137.093811
[4]: 160.567108 133.075012
[4]: 121.735535 118.086906
[4]: 115.073090 129.906662
[4]: 101.803139 74.227898
[4]: 127.855133 133.324158
[4]: 131.561691 140.945679
[4]: 114.701309 131.868683
[4]: 112.865410 128.115768
[3]: 124.002266 129.667557
[3]: 140.105118 129.926086
[3]: 124.041656 127.448074
[3]: 104.534935 60.540619
[3]: 138.676453 131.771637
[3]: 134.936783 126.479179
[3]: 147.477386 135.141663
[3]: 135.661942 130.633560
[3]: 118.982086 135.352875
[3]: 142.185532 125.978561
[3]: 101.834900 119.108917
[3]: 115.092880 127.657806
[3]: 122.456230 128.203644
[3]: 119.506325 132.660767
[3]: 132.476822 129.234131
[3]: 159.298431 131.750046
[3]: 130.887253 132.714172
[3]: 153.012726 155.685638
[3]: 105.571487 124.603302
[3]: 112.943024 122.442459
[3]: 130.860992 124.990410
[3]: 148.165588 136.959061
[3]: 124.667778 132.554504
[3]: 133.108856 128.384995
[3]: 163.817795 129.326920
[3]: 131.286102 120.673088
[3]: 107.059326 128.321609
[3]: 121.795105 128.891006
[3]: 130.893906 125.635117
[3]: 90.507050 64.354279
[3]: 150.511993 128.957504
[3]: 130.389038 117.774368
[3]: 106.730347 124.986511
[3]: 139.795746 121.671371
[2]: 116.497368 127.894775
[2]: 121.386559 136.264862
[2]: 129.742126 137.254089
[2]: 105.605438 113.327965
[2]: 138.018036 139.689117
[2]: 131.620972 126.364342
[2]: 107.379761 130.981094
[2]: 143.878906 128.233978
[2]: 139.310287 143.741364
[2]: 131.468735 136.178146
[2]: 98.960770 114.198883
[2]: 120.758232 130.096924
[2]: 136.771820 122.856323
[2]: 131.385742 141.394409
[2]: 116.883362 131.694214
[2]: 92.179405 125.654327
[2]: 121.195343 135.343277
[2]: 96.088409 68.268845
[2]: 118.752731 129.859833
[2]: 117.400711 117.726288
[2]: 140.179413 129.149658
[2]: 153.187332 144.983566
[2]: 146.172043 140.783249
[2]: 138.622986 136.607025
[2]: 111.113564 122.202629
[2]: 145.283020 115.770721
[2]: 118.794868 127.232552
[2]: 120.852058 141.488953
[2]: 113.996849 117.123810
[2]: 159.309875 187.028641
[2]: 107.255280 115.487915
[2]: 105.043434 115.701958
[2]: 144.671432 126.823853
[2]: 139.343369 119.795769
[1]: 141.888779 124.435265
[1]: 116.145439 126.022057
[1]: 117.399002 136.218262
[1]: 159.804657 195.582352
[1]: 119.745087 128.496063
[1]: 130.182190 127.885963
[1]: 131.945267 126.182396
[1]: 119.583176 126.707695
[1]: 148.147095 139.348587
[1]: 142.328659 128.695145
[1]: 146.046341 120.969055
[1]: 139.926010 129.116302
[1]: 114.580009 129.162750
[1]: 126.117714 133.181931
[1]: 149.088013 133.151993
[1]: 102.778755 118.258011
[1]: 139.604401 134.611816
[1]: 159.738190 191.817841
[1]: 138.325333 132.786499
[1]: 150.637985 122.490532
[1]: 124.167297 125.744560
[1]: 141.830719 135.743011
[1]: 132.718399 140.021667
[1]: 125.311546 134.113419
[1]: 117.357887 129.365189
[1]: 91.117950 119.186768
[1]: 109.245644 122.164551
[1]: 143.697632 136.165558
[1]: 139.574783 127.482735
[1]: 127.583176 131.550781
[1]: 130.489380 119.676590
[1]: 129.297607 117.413986
[1]: 155.195496 126.122925
[1]: 106.894569 130.843796
[0]: 99.671844 124.891190
[0]: 133.940735 117.632103
[0]: 124.168243 117.247887
[0]: 105.926582 91.521843
[0]: 120.718117 115.437042
[0]: 120.326111 129.795883
[0]: 120.046272 121.578682
[0]: 110.758339 123.861870
[0]: 110.526405 103.972305
[0]: 102.223427 121.032570
[0]: 163.911713 151.454742
[0]: 136.770599 124.158813
[0]: 130.777557 131.248230
[0]: 120.357178 105.238052
[0]: 111.164406 117.011108
[0]: 132.143143 130.063766
[0]: 119.551994 116.268654
[0]: 158.747055 155.970764
[0]: 149.170868 124.307205
[0]: 110.018150 141.321823
[0]: 111.382927 127.129501
[0]: 96.947433 105.662453
[0]: 115.136688 105.882210
[0]: 111.658600 112.333275
[0]: 124.443428 126.447815
[0]: 141.925934 147.295670
[0]: 142.535645 128.576889
[0]: 130.078812 112.386185
[0]: 139.213287 138.924698
[0]: 159.743958 185.904358
[0]: 124.070305 143.981277
[0]: 140.203232 146.401062
[0]: 116.041367 127.767845
[0]: 139.440979 137.356873
