[4]: 133.558746 132.432159
[4]: 126.205002 126.836334
[4]: 116.763832 117.904129
[4]: 172.793335 173.930054
[4]: 126.446541 124.594322
[4]: 126.523079 126.765602
[4]: 122.249588 122.387993
[4]: 127.919991 126.389420
[4]: 113.344437 111.252876
[4]: 123.171227 123.659187
[4]: 134.760666 133.923080
[4]: 128.878876 128.397034
[4]: 129.016647 127.930695
[4]: 122.839737 122.162163
[4]: 125.155052 123.592026
[4]: 134.363297 132.753708
[4]: 120.298347 118.670052
[4]: 67.341278 67.263580
[4]: 125.437073 125.855522
[4]: 130.777008 131.628586
[4]: 130.008530 130.921097
[4]: 113.606094 113.843704
[4]: 117.155136 117.078583
[4]: 121.991081 123.219727
[4]: 127.734238 128.845459
[4]: 136.913910 137.093811
[4]: 135.494598 133.075012
[4]: 118.202080 118.086906
[4]: 130.800674 129.906662
[4]: 73.075356 74.227898
[4]: 134.246674 133.324158
[4]: 139.103760 140.945679
[4]: 131.921799 131.868683
[4]: 129.919830 128.115768
[3]: 126.908745 129.667557
[3]: 129.233215 129.926086
[3]: 127.330238 127.448074
[3]: 60.843929 60.540619
[3]: 132.214493 131.771637
[3]: 127.448639 126.479179
[3]: 135.041962 135.141663
[3]: 129.736374 130.633560
[3]: 134.346924 135.352875
[3]: 126.217300 125.978561
[3]: 117.203964 119.108917
[3]: 126.354576 127.657806
[3]: 127.365494 128.203644
[3]: 132.209351 132.660767
[3]: 128.734970 129.234131
[3]: 130.446838 131.750046
[3]: 132.933151 132.714172
[3]: 158.669449 155.685638
[3]: 123.993523 124.603302
[3]: 124.052261 122.442459
[3]: 125.672882 124.990410
[3]: 137.761017 136.959061
[3]: 131.746902 132.554504
[3]: 130.680527 128.384995
[3]: 130.160828 129.326920
[3]: 120.832542 120.673088
[3]: 126.159271 128.321609
[3]: 129.622025 128.891006
[3]: 125.434364 125.635117
[3]: 65.243820 64.354279
[3]: 129.044922 128.957504
[3]: 121.299667 117.774368
[3]: 125.758286 124.986511
[3]: 121.530617 121.671371
[2]: 126.830734 127.894775
[2]: 137.203232 136.264862
[2]: 136.777039 137.254089
[2]: 111.652840 113.327965
[2]: 138.549271 139.689117
[2]: 126.469429 126.364342
[2]: 129.036606 130.981094
[2]: 128.178299 128.233978
[2]: 141.751785 143.741364
[2]: 137.984741 136.178146
[2]: 114.032043 114.198883
[2]: 128.396393 130.096924
[2]: 122.338844 122.856323
[2]: 140.448898 141.394409
[2]: 131.544800 131.694214
[2]: 125.375931 125.654327
[2]: 133.623596 135.343277
[2]: 67.136261 68.268845
[2]: 130.669220 129.859833
[2]: 117.443855 117.726288
[2]: 131.042191 129.149658
[2]: 145.062729 144.983566
[2]: 141.909378 140.783249
[2]: 138.163589 136.607025
[2]: 123.790695 122.202629
[2]: 115.604408 115.770721
[2]: 125.392632 127.232552
[2]: 140.444733 141.488953
[2]: 116.467194 117.123810
[2]: 185.792618 187.028641
[2]: 115.469910 115.487915
[2]: 116.613121 115.701958
[2]: 126.306320 126.823853
[2]: 118.770638 119.795769
[1]: 126.304169 124.435265
[1]: 126.773834 126.022057
[1]: 137.262100 136.218262
[1]: 196.362503 195.582352
[1]: 127.180588 128.496063
[1]: 127.626617 127.885963
[1]: 126.780525 126.182396
[1]: 126.182922 126.707695
[1]: 138.087021 139.348587
[1]: 128.537415 128.695145
[1]: 120.601570 120.969055
[1]: 130.398895 129.116302
[1]: 128.462051 129.162750
[1]: 133.404419 133.181931
[1]: 132.617126 133.151993
[1]: 118.418106 118.258011
[1]: 134.039047 134.611816
[1]: 190.628479 191.817841
[1]: 133.203461 132.786499
[1]: 123.157875 122.490532
[1]: 125.867317 125.744560
[1]: 136.835663 135.743011
[1]: 139.673981 140.021667
[1]: 133.625443 134.113419
[1]: 128.923309 129.365189
[1]: 119.366463 119.186768
[1]: 121.416313 122.164551
[1]: 135.165039 136.165558
[1]: 126.399673 127.482735
[1]: 132.951080 131.550781
[1]: 118.585083 119.676590
[1]: 116.106392 117.413986
[1]: 125.768707 126.122925
[1]: 129.162003 130.843796
[0]: 125.751785 124.891190
[0]: 117.213837 117.632103
[0]: 117.970695 117.247887
[0]: 92.694542 91.521843
[0]: 115.582726 115.437042
[0]: 129.178345 129.795883
[0]: 123.277351 121.578682
[0]: 123.813835 123.861870
[0]: 106.298241 103.972305
[0]: 119.530037 121.032570
[0]: 153.312164 151.454742
[0]: 125.459305 124.158813
[0]: 132.325577 131.248230
[0]: 105.688782 105.238052
[0]: 116.568199 117.011108
[0]: 129.876587 130.063766
[0]: 116.720840 116.268654
[0]: 155.348007 155.970764
[0]: 124.084915 124.307205
[0]: 140.087585 141.321823
[0]: 125.186592 127.129501
[0]: 103.714142 105.662453
[0]: 105.794586 105.882210
[0]: 109.947746 112.333275
[0]: 125.492821 126.447815
[0]: 147.349548 147.295670
[0]: 131.119202 128.576889
[0]: 113.656380 112.386185
[0]: 140.104858 138.924698
[0]: 186.641769 185.904358
[0]: 144.162781 143.981277
[0]: 145.018738 146.401062
[0]: 127.786850 127.767845
[0]: 138.533569 137.356873
