[4]: 109.005341 132.432159
[4]: 131.306458 126.836334
[4]: 123.034004 117.904129
[4]: 200.707611 173.930054
[4]: 130.285538 124.594322
[4]: 127.661774 126.765602
[4]: 124.285622 122.387993
[4]: 128.411209 126.389420
[4]: 126.115356 111.252876
[4]: 130.253937 123.659187
[4]: 129.530670 133.923080
[4]: 129.821899 128.397034
[4]: 125.441124 127.930695
[4]: 129.275208 122.162163
[4]: 125.477791 123.592026
[4]: 130.792969 132.753708
[4]: 125.760124 118.670052
[4]: 60.834980 67.263580
[4]: 125.613884 125.855522
[4]: 129.582199 131.628586
[4]: 130.535477 130.921097
[4]: 126.814690 113.843704
[4]: 127.753807 117.078583
[4]: 126.488831 123.219727
[4]: 126.262398 128.845459
[4]: 124.737335 137.093811
[4]: 128.862579 133.075012
[4]: 128.131729 118.086906
[4]: 125.719803 129.906662
[4]: 129.238892 74.227898
[4]: 126.425369 133.324158
[4]: 161.860977 140.945679
[4]: 126.614952 131.868683
[4]: 125.047440 128.115768
[3]: 170.431381 129.667557
[3]: 126.366859 129.926086
[3]: 124.924461 127.448074
[3]: 86.017494 60.540619
[3]: 128.788834 131.771637
[3]: 126.904602 126.479179
[3]: 128.158066 135.141663
[3]: 128.009872 130.633560
[3]: 127.155052 135.352875
[3]: 125.273323 125.978561
[3]: 126.177475 119.108917
[3]: 128.612442 127.657806
[3]: 127.646591 128.203644
[3]: 127.052986 132.660767
[3]: 127.131218 129.234131
[3]: 129.594315 131.750046
[3]: 126.633774 132.714172
[3]: 127.132179 155.685638
[3]: 126.456497 124.603302
[3]: 126.728027 122.442459
[3]: 126.514732 124.990410
[3]: 127.350586 136.959061
[3]: 127.031906 132.554504
[3]: 126.769218 128.384995
[3]: 128.001801 129.326920
[3]: 125.699516 120.673088
[3]: 128.859558 128.321609
[3]: 127.171326 128.891006
[3]: 128.545868 125.635117
[3]: 63.104115 64.354279
[3]: 128.862183 128.957504
[3]: 84.162163 117.774368
[3]: 127.819260 124.986511
[3]: 125.933044 121.671371
[2]: 168.648987 127.894775
[2]: 128.616028 136.264862
[2]: 128.706573 137.254089
[2]: 81.974533 113.327965
[2]: 127.597923 139.689117
[2]: 128.308975 126.364342
[2]: 127.062767 130.981094
[2]: 127.564590 128.233978
[2]: 126.620193 143.741364
[2]: 128.806137 136.178146
[2]: 127.788597 114.198883
[2]: 128.010117 130.096924
[2]: 128.469070 122.856323
[2]: 127.938255 141.394409
[2]: 127.476746 131.694214
[2]: 126.477448 125.654327
[2]: 128.746948 135.343277
[2]: 129.155167 68.268845
[2]: 128.708298 129.859833
[2]: 126.839020 117.726288
[2]: 129.199753 129.149658
[2]: 127.794609 144.983566
[2]: 128.018814 140.783249
[2]: 127.514046 136.607025
[2]: 126.023354 122.202629
[2]: 129.258301 115.770721
[2]: 126.717064 127.232552
[2]: 127.560242 141.488953
[2]: 126.835815 117.123810
[2]: 191.455048 187.028641
[2]: 127.462410 115.487915
[2]: 86.425232 115.701958
[2]: 127.152283 126.823853
[2]: 128.071213 119.795769
[1]: 95.715736 124.435265
[1]: 124.738327 126.022057
[1]: 133.360413 136.218262
[1]: 203.147308 195.582352
[1]: 127.884651 128.496063
[1]: 127.312119 127.885963
[1]: 128.294083 126.182396
[1]: 125.132843 126.707695
[1]: 128.835373 139.348587
[1]: 125.138824 128.695145
[1]: 125.508171 120.969055
[1]: 126.210960 129.116302
[1]: 129.697342 129.162750
[1]: 126.387733 133.181931
[1]: 128.589584 133.151993
[1]: 123.422638 118.258011
[1]: 131.920807 134.611816
[1]: 192.441574 191.817841
[1]: 129.857239 132.786499
[1]: 122.649048 122.490532
[1]: 124.205338 125.744560
[1]: 127.609856 135.743011
[1]: 129.172485 140.021667
[1]: 128.761093 134.113419
[1]: 128.028656 129.365189
[1]: 127.007500 119.186768
[1]: 125.832870 122.164551
[1]: 128.459869 136.165558
[1]: 128.558426 127.482735
[1]: 126.716721 131.550781
[1]: 127.973038 119.676590
[1]: 145.708420 117.413986
[1]: 129.874741 126.122925
[1]: 131.753143 130.843796
[0]: 45.447605 124.891190
[0]: 125.984367 117.632103
[0]: 127.315285 117.247887
[0]: 92.464935 91.521843
[0]: 125.839020 115.437042
[0]: 126.611534 129.795883
[0]: 129.174911 121.578682
[0]: 126.363541 123.861870
[0]: 127.035797 103.972305
[0]: 126.406479 121.032570
[0]: 129.622635 151.454742
[0]: 126.429703 124.158813
[0]: 127.784981 131.248230
[0]: 125.022995 105.238052
[0]: 126.590012 117.011108
[0]: 127.616180 130.063766
[0]: 124.978363 116.268654
[0]: 129.659454 155.970764
[0]: 126.859520 124.307205
[0]: 129.249237 141.321823
[0]: 127.091194 127.129501
[0]: 130.074768 105.662453
[0]: 125.829727 105.882210
[0]: 126.067863 112.333275
[0]: 128.502090 126.447815
[0]: 132.996155 147.295670
[0]: 129.315277 128.576889
[0]: 126.953667 112.386185
[0]: 128.859863 138.924698
[0]: 126.875153 185.904358
[0]: 129.779434 143.981277
[0]: 208.732635 146.401062
[0]: 125.646881 127.767845
[0]: 126.377594 137.356873
