[4]: 132.432159 136.164703
[4]: 126.836334 126.230392
[4]: 117.904129 118.905014
[4]: 173.930054 167.222427
[4]: 124.594322 128.927277
[4]: 126.765602 124.870468
[4]: 122.387993 123.264854
[4]: 126.389420 128.372986
[4]: 111.252876 117.226990
[4]: 123.659187 122.888634
[4]: 133.923080 136.498489
[4]: 128.397034 128.225128
[4]: 127.930695 128.008347
[4]: 122.162163 124.695724
[4]: 123.592026 123.136642
[4]: 132.753708 133.932755
[4]: 118.670052 117.938324
[4]: 67.263580 67.347473
[4]: 125.855522 127.483032
[4]: 131.628586 131.560944
[4]: 130.921097 126.744186
[4]: 113.843704 112.059898
[4]: 117.078583 117.456604
[4]: 123.219727 120.807632
[4]: 128.845459 126.460854
[4]: 137.093811 135.200714
[4]: 133.075012 136.120728
[4]: 118.086906 124.175667
[4]: 129.906662 132.127289
[4]: 74.227898 68.386658
[4]: 133.324158 132.966461
[4]: 140.945679 134.312698
[4]: 131.868683 129.416718
[4]: 128.115768 131.586288
[3]: 129.667557 123.735306
[3]: 129.926086 129.195694
[3]: 127.448074 126.250435
[3]: 60.540619 63.213753
[3]: 131.771637 132.139679
[3]: 126.479179 127.950005
[3]: 135.141663 135.871094
[3]: 130.633560 129.728012
[3]: 135.352875 134.128662
[3]: 125.978561 127.822693
[3]: 119.108917 114.616699
[3]: 127.657806 125.566315
[3]: 128.203644 128.806290
[3]: 132.660767 131.594910
[3]: 129.234131 129.573914
[3]: 131.750046 132.911102
[3]: 132.714172 135.611389
[3]: 155.685638 167.032639
[3]: 124.603302 122.649185
[3]: 122.442459 123.308670
[3]: 124.990410 128.298050
[3]: 136.959061 141.197189
[3]: 132.554504 131.750275
[3]: 128.384995 133.476868
[3]: 129.326920 132.120895
[3]: 120.673088 122.317459
[3]: 128.321609 123.742279
[3]: 128.891006 125.516876
[3]: 125.635117 122.780144
[3]: 64.354279 69.134605
[3]: 128.957504 129.294083
[3]: 117.774368 125.820633
[3]: 124.986511 125.577011
[3]: 121.671371 120.594276
[2]: 127.894775 124.855789
[2]: 136.264862 134.429184
[2]: 137.254089 134.452957
[2]: 113.327965 109.901138
[2]: 139.689117 134.664490
[2]: 126.364342 128.883255
[2]: 130.981094 128.484894
[2]: 128.233978 127.450607
[2]: 143.741364 138.644638
[2]: 136.178146 139.348373
[2]: 114.198883 113.394272
[2]: 130.096924 126.457199
[2]: 122.856323 125.138092
[2]: 141.394409 138.009644
[2]: 131.694214 133.264648
[2]: 125.654327 124.933304
[2]: 135.343277 135.754730
[2]: 68.268845 65.414749
[2]: 129.859833 129.108124
[2]: 117.726288 119.251549
[2]: 129.149658 132.971207
[2]: 144.983566 147.595062
[2]: 140.783249 141.271164
[2]: 136.607025 138.927032
[2]: 122.202629 126.343979
[2]: 115.770721 117.818436
[2]: 127.232552 122.746094
[2]: 141.488953 133.898468
[2]: 117.123810 115.559746
[2]: 187.028641 184.927658
[2]: 115.487915 116.419304
[2]: 115.701958 120.201492
[2]: 126.823853 129.368378
[2]: 119.795769 117.258530
[1]: 124.435265 128.351334
[1]: 126.022057 127.185860
[1]: 136.218262 138.475677
[1]: 195.582352 196.953171
[1]: 128.496063 124.661934
[1]: 127.885963 126.696747
[1]: 126.182396 127.229019
[1]: 126.707695 125.619705
[1]: 139.348587 135.994461
[1]: 128.695145 128.742874
[1]: 120.969055 121.122864
[1]: 129.116302 130.810318
[1]: 129.162750 126.741859
[1]: 133.181931 133.639145
[1]: 133.151993 135.147141
[1]: 118.258011 115.817192
[1]: 134.611816 134.100143
[1]: 191.817841 188.709778
[1]: 132.786499 133.636719
[1]: 122.490532 121.415344
[1]: 125.744560 127.604713
[1]: 135.743011 136.943176
[1]: 140.021667 138.980103
[1]: 134.113419 133.280701
[1]: 129.365189 127.268127
[1]: 119.186768 118.857155
[1]: 122.164551 120.575600
[1]: 136.165558 133.558899
[1]: 127.482735 123.991646
[1]: 131.550781 136.365311
[1]: 119.676590 119.412300
[1]: 117.413986 114.189835
[1]: 126.122925 130.001633
[1]: 130.843796 127.746780
[0]: 124.891190 126.033821
[0]: 117.632103 119.500923
[0]: 117.247887 117.858650
[0]: 91.521843 95.308792
[0]: 115.437042 119.646751
[0]: 129.795883 128.925415
[0]: 121.578682 121.443642
[0]: 123.861870 124.685234
[0]: 103.972305 107.695335
[0]: 121.032570 116.005974
[0]: 151.454742 154.800842
[0]: 124.158813 128.680923
[0]: 131.248230 130.854080
[0]: 105.238052 106.196167
[0]: 117.011108 112.932266
[0]: 130.063766 131.005798
[0]: 116.268654 113.905647
[0]: 155.970764 154.212509
[0]: 124.307205 124.380478
[0]: 141.321823 140.287003
[0]: 127.129501 121.650352
[0]: 105.662453 98.363258
[0]: 105.882210 106.535713
[0]: 112.333275 107.329178
[0]: 126.447815 123.848984
[0]: 147.295670 146.056396
[0]: 128.576889 136.884659
[0]: 112.386185 120.271103
[0]: 138.924698 145.652283
[0]: 185.904358 185.110168
[0]: 143.981277 143.794342
[0]: 146.401062 143.774048
[0]: 127.767845 122.532722
[0]: 137.356873 141.231491
