[4]: 89.201714 132.432159
[4]: 128.839096 126.836334
[4]: 126.676704 117.904129
[4]: 174.764130 173.930054
[4]: 129.943466 124.594322
[4]: 129.285751 126.765602
[4]: 127.699730 122.387993
[4]: 128.035645 126.389420
[4]: 129.462448 111.252876
[4]: 129.230408 123.659187
[4]: 127.139084 133.923080
[4]: 129.406967 128.397034
[4]: 126.385223 127.930695
[4]: 131.015793 122.162163
[4]: 126.560791 123.592026
[4]: 131.130646 132.753708
[4]: 126.329033 118.670052
[4]: 61.387630 67.263580
[4]: 125.232323 125.855522
[4]: 126.951607 131.628586
[4]: 129.934601 130.921097
[4]: 129.707809 113.843704
[4]: 128.953659 117.078583
[4]: 130.471664 123.219727
[4]: 127.215248 128.845459
[4]: 126.114494 137.093811
[4]: 126.652260 133.075012
[4]: 128.824081 118.086906
[4]: 124.352348 129.906662
[4]: 125.057533 74.227898
[4]: 126.316353 133.324158
[4]: 170.190018 140.945679
[4]: 128.930573 131.868683
[4]: 122.689957 128.115768
[3]: 170.711823 129.667557
[3]: 128.089630 129.926086
[3]: 127.121460 127.448074
[3]: 88.127296 60.540619
[3]: 129.125626 131.771637
[3]: 128.900146 126.479179
[3]: 129.381393 135.141663
[3]: 127.284889 130.633560
[3]: 127.435692 135.352875
[3]: 126.355331 125.978561
[3]: 124.627808 119.108917
[3]: 128.021606 127.657806
[3]: 127.839050 128.203644
[3]: 128.172913 132.660767
[3]: 127.462700 129.234131
[3]: 131.030212 131.750046
[3]: 128.072342 132.714172
[3]: 126.336494 155.685638
[3]: 127.054451 124.603302
[3]: 126.321968 122.442459
[3]: 127.548904 124.990410
[3]: 128.084381 136.959061
[3]: 126.427956 132.554504
[3]: 127.937302 128.384995
[3]: 129.333649 129.326920
[3]: 123.957664 120.673088
[3]: 127.906281 128.321609
[3]: 128.214310 128.891006
[3]: 127.357521 125.635117
[3]: 58.414673 64.354279
[3]: 130.294968 128.957504
[3]: 82.332191 117.774368
[3]: 127.741165 124.986511
[3]: 125.818687 121.671371
[2]: 168.082474 127.894775
[2]: 130.184174 136.264862
[2]: 130.977036 137.254089
[2]: 94.792953 113.327965
[2]: 130.573639 139.689117
[2]: 127.540901 126.364342
[2]: 133.500534 130.981094
[2]: 134.408295 128.233978
[2]: 138.529465 143.741364
[2]: 133.489929 136.178146
[2]: 116.024536 114.198883
[2]: 133.377457 130.096924
[2]: 132.950348 122.856323
[2]: 139.380356 141.394409
[2]: 133.610443 131.694214
[2]: 129.082062 125.654327
[2]: 134.109741 135.343277
[2]: 125.384918 68.268845
[2]: 127.291756 129.859833
[2]: 118.932365 117.726288
[2]: 127.366096 129.149658
[2]: 134.398590 144.983566
[2]: 134.202820 140.783249
[2]: 143.562042 136.607025
[2]: 128.570160 122.202629
[2]: 121.469704 115.770721
[2]: 119.393867 127.232552
[2]: 129.860916 141.488953
[2]: 121.490425 117.123810
[2]: 186.986816 187.028641
[2]: 119.072693 115.487915
[2]: 73.380272 115.701958
[2]: 136.363525 126.823853
[2]: 115.981270 119.795769
[1]: 83.698448 124.435265
[1]: 128.437164 126.022057
[1]: 132.222839 136.218262
[1]: 176.829453 195.582352
[1]: 128.827179 128.496063
[1]: 126.062393 127.885963
[1]: 130.622955 126.182396
[1]: 128.935928 126.707695
[1]: 132.526657 139.348587
[1]: 129.784271 128.695145
[1]: 120.924866 120.969055
[1]: 127.664101 129.116302
[1]: 131.141479 129.162750
[1]: 130.335968 133.181931
[1]: 130.888763 133.151993
[1]: 125.008789 118.258011
[1]: 133.594238 134.611816
[1]: 191.617462 191.817841
[1]: 129.705917 132.786499
[1]: 121.877708 122.490532
[1]: 123.861969 125.744560
[1]: 130.312393 135.743011
[1]: 130.321838 140.021667
[1]: 134.522186 134.113419
[1]: 130.480377 129.365189
[1]: 124.263252 119.186768
[1]: 123.928017 122.164551
[1]: 129.578278 136.165558
[1]: 127.486305 127.482735
[1]: 119.413811 131.550781
[1]: 125.786690 119.676590
[1]: 162.614975 117.413986
[1]: 130.398361 126.122925
[1]: 125.735649 130.843796
[0]: 136.666473 124.891190
[0]: 119.251198 117.632103
[0]: 116.664024 117.247887
[0]: 82.309761 91.521843
[0]: 119.761406 115.437042
[0]: 124.150696 129.795883
[0]: 110.474403 121.578682
[0]: 113.566757 123.861870
[0]: 99.350250 103.972305
[0]: 112.809143 121.032570
[0]: 158.263351 151.454742
[0]: 118.612381 124.158813
[0]: 118.245399 131.248230
[0]: 99.010147 105.238052
[0]: 112.898827 117.011108
[0]: 119.065369 130.063766
[0]: 111.816399 116.268654
[0]: 140.505966 155.970764
[0]: 128.911652 124.307205
[0]: 146.032578 141.321823
[0]: 129.847290 127.129501
[0]: 111.630119 105.662453
[0]: 114.383377 105.882210
[0]: 87.491135 112.333275
[0]: 117.561630 126.447815
[0]: 149.405136 147.295670
[0]: 146.978027 128.576889
[0]: 118.966644 112.386185
[0]: 141.875076 138.924698
[0]: 169.147354 185.904358
[0]: 142.838150 143.981277
[0]: 147.395203 146.401062
[0]: 108.518799 127.767845
[0]: 155.234360 137.356873
