[4]: 90.061523 132.432159
[4]: 128.381836 126.836334
[4]: 125.998741 117.904129
[4]: 174.433380 173.930054
[4]: 130.259323 124.594322
[4]: 128.626068 126.765602
[4]: 127.357292 122.387993
[4]: 127.166962 126.389420
[4]: 129.191071 111.252876
[4]: 130.279800 123.659187
[4]: 127.330154 133.923080
[4]: 128.177612 128.397034
[4]: 125.848343 127.930695
[4]: 131.688782 122.162163
[4]: 126.472496 123.592026
[4]: 132.678574 132.753708
[4]: 127.839691 118.670052
[4]: 59.838066 67.263580
[4]: 126.276474 125.855522
[4]: 127.716286 131.628586
[4]: 130.736176 130.921097
[4]: 130.481735 113.843704
[4]: 130.891815 117.078583
[4]: 130.700974 123.219727
[4]: 127.333557 128.845459
[4]: 125.186043 137.093811
[4]: 127.705559 133.075012
[4]: 129.520554 118.086906
[4]: 123.293846 129.906662
[4]: 125.097084 74.227898
[4]: 125.955040 133.324158
[4]: 171.380508 140.945679
[4]: 128.787704 131.868683
[4]: 123.377998 128.115768
[3]: 170.237732 129.667557
[3]: 127.142380 129.926086
[3]: 126.290138 127.448074
[3]: 86.654327 60.540619
[3]: 129.437820 131.771637
[3]: 128.268753 126.479179
[3]: 129.656494 135.141663
[3]: 127.506424 130.633560
[3]: 126.696243 135.352875
[3]: 125.945580 125.978561
[3]: 125.318848 119.108917
[3]: 128.336945 127.657806
[3]: 127.061760 128.203644
[3]: 128.224182 132.660767
[3]: 127.276230 129.234131
[3]: 130.253311 131.750046
[3]: 127.940338 132.714172
[3]: 126.816750 155.685638
[3]: 126.993225 124.603302
[3]: 126.891716 122.442459
[3]: 127.640633 124.990410
[3]: 127.649437 136.959061
[3]: 126.770920 132.554504
[3]: 127.049675 128.384995
[3]: 128.240387 129.326920
[3]: 124.786713 120.673088
[3]: 128.043869 128.321609
[3]: 127.382629 128.891006
[3]: 128.236908 125.635117
[3]: 59.891365 64.354279
[3]: 128.890457 128.957504
[3]: 83.331497 117.774368
[3]: 127.276024 124.986511
[3]: 126.360138 121.671371
[2]: 168.552277 127.894775
[2]: 128.576691 136.264862
[2]: 130.884399 137.254089
[2]: 93.478836 113.327965
[2]: 130.959976 139.689117
[2]: 127.994011 126.364342
[2]: 129.697678 130.981094
[2]: 131.456863 128.233978
[2]: 134.049393 143.741364
[2]: 129.946075 136.178146
[2]: 118.056686 114.198883
[2]: 128.237274 130.096924
[2]: 131.915359 122.856323
[2]: 137.353180 141.394409
[2]: 131.740692 131.694214
[2]: 130.100769 125.654327
[2]: 137.646820 135.343277
[2]: 122.254936 68.268845
[2]: 129.375061 129.859833
[2]: 122.218910 117.726288
[2]: 129.496506 129.149658
[2]: 133.422760 144.983566
[2]: 136.648895 140.783249
[2]: 138.117371 136.607025
[2]: 127.342041 122.202629
[2]: 123.697060 115.770721
[2]: 122.635689 127.232552
[2]: 131.225510 141.488953
[2]: 120.057457 117.123810
[2]: 188.588058 187.028641
[2]: 122.646515 115.487915
[2]: 74.863739 115.701958
[2]: 132.942780 126.823853
[2]: 122.566322 119.795769
[1]: 83.824692 124.435265
[1]: 127.938110 126.022057
[1]: 134.482056 136.218262
[1]: 182.500397 195.582352
[1]: 130.741074 128.496063
[1]: 127.289680 127.885963
[1]: 130.889740 126.182396
[1]: 129.495331 126.707695
[1]: 133.047974 139.348587
[1]: 127.276161 128.695145
[1]: 116.410683 120.969055
[1]: 125.838600 129.116302
[1]: 132.024261 129.162750
[1]: 134.177200 133.181931
[1]: 132.664322 133.151993
[1]: 124.709770 118.258011
[1]: 139.118484 134.611816
[1]: 189.408478 191.817841
[1]: 130.540710 132.786499
[1]: 121.098328 122.490532
[1]: 125.670723 125.744560
[1]: 131.828171 135.743011
[1]: 134.168121 140.021667
[1]: 135.831329 134.113419
[1]: 129.284302 129.365189
[1]: 123.788254 119.186768
[1]: 122.152626 122.164551
[1]: 131.274902 136.165558
[1]: 125.116661 127.482735
[1]: 115.319946 131.550781
[1]: 125.029083 119.676590
[1]: 157.030502 117.413986
[1]: 130.997864 126.122925
[1]: 126.968704 130.843796
[0]: 120.582138 124.891190
[0]: 124.368256 117.632103
[0]: 116.123901 117.247887
[0]: 93.974976 91.521843
[0]: 115.430428 115.437042
[0]: 123.631409 129.795883
[0]: 115.328552 121.578682
[0]: 117.524635 123.861870
[0]: 106.294853 103.972305
[0]: 120.397621 121.032570
[0]: 160.852402 151.454742
[0]: 129.481262 124.158813
[0]: 120.305641 131.248230
[0]: 94.769547 105.238052
[0]: 113.250587 117.011108
[0]: 116.495049 130.063766
[0]: 96.767548 116.268654
[0]: 152.800583 155.970764
[0]: 123.393173 124.307205
[0]: 140.585251 141.321823
[0]: 122.623070 127.129501
[0]: 110.171394 105.662453
[0]: 101.778114 105.882210
[0]: 93.961739 112.333275
[0]: 122.689690 126.447815
[0]: 147.291061 147.295670
[0]: 143.300293 128.576889
[0]: 114.924034 112.386185
[0]: 147.874435 138.924698
[0]: 167.401398 185.904358
[0]: 141.898788 143.981277
[0]: 165.215881 146.401062
[0]: 113.099319 127.767845
[0]: 142.811249 137.356873
