[4]: 130.280411 132.432159
[4]: 126.251152 126.836334
[4]: 117.709549 117.904129
[4]: 177.403717 173.930054
[4]: 122.838432 124.594322
[4]: 126.632393 126.765602
[4]: 122.233940 122.387993
[4]: 125.866249 126.389420
[4]: 110.704529 111.252876
[4]: 124.434082 123.659187
[4]: 135.122025 133.923080
[4]: 129.996979 128.397034
[4]: 126.549576 127.930695
[4]: 121.670494 122.162163
[4]: 123.106567 123.592026
[4]: 132.045593 132.753708
[4]: 117.357010 118.670052
[4]: 67.945084 67.263580
[4]: 126.658379 125.855522
[4]: 130.568634 131.628586
[4]: 130.686905 130.921097
[4]: 114.228363 113.843704
[4]: 115.754105 117.078583
[4]: 124.942375 123.219727
[4]: 129.572769 128.845459
[4]: 133.477600 137.093811
[4]: 131.374390 133.075012
[4]: 118.049660 118.086906
[4]: 128.906509 129.906662
[4]: 76.911049 74.227898
[4]: 133.478561 133.324158
[4]: 144.144745 140.945679
[4]: 131.550537 131.868683
[4]: 126.825920 128.115768
[3]: 131.885361 129.667557
[3]: 129.139511 129.926086
[3]: 126.902977 127.448074
[3]: 61.518269 60.540619
[3]: 130.840408 131.771637
[3]: 126.380684 126.479179
[3]: 135.336044 135.141663
[3]: 130.328629 130.633560
[3]: 134.674240 135.352875
[3]: 124.845497 125.978561
[3]: 120.512398 119.108917
[3]: 127.437698 127.657806
[3]: 128.517578 128.203644
[3]: 132.629272 132.660767
[3]: 128.796219 129.234131
[3]: 132.019623 131.750046
[3]: 132.296021 132.714172
[3]: 154.079102 155.685638
[3]: 124.218002 124.603302
[3]: 123.671844 122.442459
[3]: 126.190109 124.990410
[3]: 135.948868 136.959061
[3]: 132.286438 132.554504
[3]: 127.479645 128.384995
[3]: 128.855621 129.326920
[3]: 122.469986 120.673088
[3]: 128.310547 128.321609
[3]: 129.100739 128.891006
[3]: 127.022789 125.635117
[3]: 62.604404 64.354279
[3]: 129.211349 128.957504
[3]: 115.973274 117.774368
[3]: 125.288452 124.986511
[3]: 122.032524 121.671371
[2]: 130.409149 127.894775
[2]: 135.112045 136.264862
[2]: 138.378250 137.254089
[2]: 110.099060 113.327965
[2]: 142.026840 139.689117
[2]: 127.179008 126.364342
[2]: 131.762619 130.981094
[2]: 129.776642 128.233978
[2]: 145.494659 143.741364
[2]: 135.659180 136.178146
[2]: 112.583855 114.198883
[2]: 128.708557 130.096924
[2]: 124.501274 122.856323
[2]: 140.179886 141.394409
[2]: 131.381195 131.694214
[2]: 127.270660 125.654327
[2]: 136.494186 135.343277
[2]: 68.626854 68.268845
[2]: 128.868530 129.859833
[2]: 118.153450 117.726288
[2]: 130.050095 129.149658
[2]: 144.649872 144.983566
[2]: 142.618805 140.783249
[2]: 134.138550 136.607025
[2]: 121.406990 122.202629
[2]: 118.065140 115.770721
[2]: 129.127563 127.232552
[2]: 142.545792 141.488953
[2]: 117.815659 117.123810
[2]: 185.158463 187.028641
[2]: 114.350533 115.487915
[2]: 114.571114 115.701958
[2]: 127.231247 126.823853
[2]: 122.981369 119.795769
[1]: 122.690933 124.435265
[1]: 127.486725 126.022057
[1]: 137.995499 136.218262
[1]: 195.206375 195.582352
[1]: 130.316986 128.496063
[1]: 128.531906 127.885963
[1]: 126.441864 126.182396
[1]: 126.771965 126.707695
[1]: 139.949081 139.348587
[1]: 128.078476 128.695145
[1]: 120.347565 120.969055
[1]: 129.250000 129.116302
[1]: 129.913773 129.162750
[1]: 133.979507 133.181931
[1]: 133.720810 133.151993
[1]: 118.067451 118.258011
[1]: 135.756210 134.611816
[1]: 191.453201 191.817841
[1]: 132.316513 132.786499
[1]: 122.447144 122.490532
[1]: 124.748833 125.744560
[1]: 135.706924 135.743011
[1]: 139.620224 140.021667
[1]: 134.077225 134.113419
[1]: 129.291367 129.365189
[1]: 121.340889 119.186768
[1]: 122.857727 122.164551
[1]: 135.781433 136.165558
[1]: 127.710724 127.482735
[1]: 133.139786 131.550781
[1]: 120.392502 119.676590
[1]: 117.384354 117.413986
[1]: 125.932007 126.122925
[1]: 131.132492 130.843796
[0]: 123.945618 124.891190
[0]: 118.615547 117.632103
[0]: 114.637672 117.247887
[0]: 90.828049 91.521843
[0]: 113.590561 115.437042
[0]: 128.479645 129.795883
[0]: 120.215179 121.578682
[0]: 122.946487 123.861870
[0]: 102.224953 103.972305
[0]: 122.607765 121.032570
[0]: 151.482574 151.454742
[0]: 123.980637 124.158813
[0]: 129.811798 131.248230
[0]: 105.844994 105.238052
[0]: 117.539291 117.011108
[0]: 129.050232 130.063766
[0]: 115.355751 116.268654
[0]: 156.555374 155.970764
[0]: 125.421631 124.307205
[0]: 140.956421 141.321823
[0]: 126.218292 127.129501
[0]: 106.281059 105.662453
[0]: 105.629898 105.882210
[0]: 113.942513 112.333275
[0]: 127.110832 126.447815
[0]: 144.729492 147.295670
[0]: 127.665428 128.576889
[0]: 111.163658 112.386185
[0]: 137.635254 138.924698
[0]: 186.092072 185.904358
[0]: 144.234024 143.981277
[0]: 146.670349 146.401062
[0]: 127.606728 127.767845
[0]: 134.746948 137.356873
