[4]: 132.642700 132.432159
[4]: 127.012474 126.836334
[4]: 117.678528 117.904129
[4]: 173.591782 173.930054
[4]: 124.863213 124.594322
[4]: 126.611649 126.765602
[4]: 122.207565 122.387993
[4]: 126.368576 126.389420
[4]: 111.236633 111.252876
[4]: 123.674477 123.659187
[4]: 133.821671 133.923080
[4]: 128.325211 128.397034
[4]: 128.221863 127.930695
[4]: 122.184921 122.162163
[4]: 123.776947 123.592026
[4]: 133.073471 132.753708
[4]: 118.772263 118.670052
[4]: 67.057037 67.263580
[4]: 125.581459 125.855522
[4]: 131.700058 131.628586
[4]: 130.555008 130.921097
[4]: 113.776550 113.843704
[4]: 117.013268 117.078583
[4]: 123.290176 123.219727
[4]: 128.752716 128.845459
[4]: 137.374619 137.093811
[4]: 133.276428 133.075012
[4]: 118.074745 118.086906
[4]: 130.221146 129.906662
[4]: 74.151802 74.227898
[4]: 133.416153 133.324158
[4]: 140.573517 140.945679
[4]: 131.942017 131.868683
[4]: 128.243790 128.115768
[3]: 129.682617 129.667557
[3]: 129.939819 129.926086
[3]: 127.506508 127.448074
[3]: 60.612846 60.540619
[3]: 131.898346 131.771637
[3]: 126.600845 126.479179
[3]: 135.172134 135.141663
[3]: 130.642624 130.633560
[3]: 135.369141 135.352875
[3]: 125.902550 125.978561
[3]: 118.939194 119.108917
[3]: 127.741562 127.657806
[3]: 128.166367 128.203644
[3]: 132.689957 132.660767
[3]: 129.127625 129.234131
[3]: 131.689560 131.750046
[3]: 132.696426 132.714172
[3]: 155.778671 155.685638
[3]: 124.604507 124.603302
[3]: 122.412956 122.442459
[3]: 125.074760 124.990410
[3]: 137.038818 136.959061
[3]: 132.647781 132.554504
[3]: 128.358932 128.384995
[3]: 129.322449 129.326920
[3]: 120.660797 120.673088
[3]: 128.228119 128.321609
[3]: 128.911743 128.891006
[3]: 125.564278 125.635117
[3]: 64.375381 64.354279
[3]: 129.002808 128.957504
[3]: 117.892494 117.774368
[3]: 125.023308 124.986511
[3]: 121.678566 121.671371
[2]: 127.589966 127.894775
[2]: 136.327454 136.264862
[2]: 137.408844 137.254089
[2]: 113.428307 113.327965
[2]: 139.544479 139.689117
[2]: 126.382591 126.364342
[2]: 130.903290 130.981094
[2]: 128.207047 128.233978
[2]: 143.645981 143.741364
[2]: 136.245758 136.178146
[2]: 114.419052 114.198883
[2]: 130.060074 130.096924
[2]: 122.630257 122.856323
[2]: 141.453445 141.394409
[2]: 131.728958 131.694214
[2]: 125.276627 125.654327
[2]: 135.050980 135.343277
[2]: 68.209686 68.268845
[2]: 129.965134 129.859833
[2]: 117.656822 117.726288
[2]: 129.425354 129.149658
[2]: 144.796371 144.983566
[2]: 140.785126 140.783249
[2]: 136.686905 136.607025
[2]: 122.228279 122.202629
[2]: 115.642944 115.770721
[2]: 127.072128 127.232552
[2]: 141.484879 141.488953
[2]: 117.032234 117.123810
[2]: 187.059921 187.028641
[2]: 115.395119 115.487915
[2]: 115.966644 115.701958
[2]: 126.705017 126.823853
[2]: 119.745392 119.795769
[1]: 124.446983 124.435265
[1]: 125.838585 126.022057
[1]: 136.225433 136.218262
[1]: 195.704315 195.582352
[1]: 128.293655 128.496063
[1]: 127.901825 127.885963
[1]: 126.303459 126.182396
[1]: 126.837494 126.707695
[1]: 139.343521 139.348587
[1]: 128.699265 128.695145
[1]: 121.108131 120.969055
[1]: 129.170822 129.116302
[1]: 128.952942 129.162750
[1]: 133.125946 133.181931
[1]: 133.117004 133.151993
[1]: 118.084717 118.258011
[1]: 134.583969 134.611816
[1]: 191.654694 191.817841
[1]: 132.926880 132.786499
[1]: 122.611046 122.490532
[1]: 125.894669 125.744560
[1]: 135.800156 135.743011
[1]: 139.928284 140.021667
[1]: 134.050797 134.113419
[1]: 129.378143 129.365189
[1]: 119.105560 119.186768
[1]: 122.128899 122.164551
[1]: 136.033600 136.165558
[1]: 127.316765 127.482735
[1]: 131.452194 131.550781
[1]: 119.674759 119.676590
[1]: 117.619057 117.413986
[1]: 126.060287 126.122925
[1]: 130.626450 130.843796
[0]: 124.977089 124.891190
[0]: 117.562843 117.632103
[0]: 117.214516 117.247887
[0]: 91.495209 91.521843
[0]: 115.377052 115.437042
[0]: 129.789413 129.795883
[0]: 121.681519 121.578682
[0]: 123.759148 123.861870
[0]: 104.018898 103.972305
[0]: 121.012566 121.032570
[0]: 151.392441 151.454742
[0]: 124.121498 124.158813
[0]: 131.445801 131.248230
[0]: 105.153389 105.238052
[0]: 116.908089 117.011108
[0]: 130.411514 130.063766
[0]: 116.487518 116.268654
[0]: 156.072250 155.970764
[0]: 124.318741 124.307205
[0]: 141.240417 141.321823
[0]: 126.981361 127.129501
[0]: 105.737602 105.662453
[0]: 105.899712 105.882210
[0]: 112.244102 112.333275
[0]: 126.507866 126.447815
[0]: 147.273254 147.295670
[0]: 128.696228 128.576889
[0]: 112.487343 112.386185
[0]: 138.950317 138.924698
[0]: 185.959305 185.904358
[0]: 143.964432 143.981277
[0]: 146.214432 146.401062
[0]: 127.856194 127.767845
[0]: 137.499481 137.356873
