[4]: 132.432159 98.740181
[4]: 126.836334 132.333893
[4]: 117.904129 124.527328
[4]: 173.930054 189.252472
[4]: 124.594322 133.500397
[4]: 126.765602 129.171051
[4]: 122.387993 124.250374
[4]: 126.389420 133.376556
[4]: 111.252876 129.992828
[4]: 123.659187 130.386185
[4]: 133.923080 125.508354
[4]: 128.397034 125.963623
[4]: 127.930695 124.077568
[4]: 122.162163 138.823090
[4]: 123.592026 125.710014
[4]: 132.753708 131.731781
[4]: 118.670052 128.603592
[4]: 67.263580 58.730652
[4]: 125.855522 129.431656
[4]: 131.628586 127.973854
[4]: 130.921097 133.556183
[4]: 113.843704 133.037079
[4]: 117.078583 133.372452
[4]: 123.219727 135.077744
[4]: 128.845459 125.244865
[4]: 137.093811 122.349106
[4]: 133.075012 128.346832
[4]: 118.086906 129.314468
[4]: 129.906662 120.480980
[4]: 74.227898 125.608131
[4]: 133.324158 125.444077
[4]: 140.945679 164.409439
[4]: 131.868683 130.061646
[4]: 128.115768 121.884918
[3]: 129.667557 170.615723
[3]: 129.926086 126.356018
[3]: 127.448074 124.875229
[3]: 60.540619 86.656326
[3]: 131.771637 129.093048
[3]: 126.479179 127.032356
[3]: 135.141663 128.387604
[3]: 130.633560 128.271149
[3]: 135.352875 126.896339
[3]: 125.978561 125.174522
[3]: 119.108917 126.329605
[3]: 127.657806 128.691055
[3]: 128.203644 127.502586
[3]: 132.660767 127.046494
[3]: 129.234131 127.017075
[3]: 131.750046 129.572876
[3]: 132.714172 126.657799
[3]: 155.685638 127.120544
[3]: 124.603302 126.376289
[3]: 122.442459 126.434868
[3]: 124.990410 126.376221
[3]: 136.959061 127.493378
[3]: 132.554504 126.915710
[3]: 128.384995 126.836349
[3]: 129.326920 127.664772
[3]: 120.673088 125.802773
[3]: 128.321609 128.951401
[3]: 128.891006 127.125023
[3]: 125.635117 128.856110
[3]: 64.354279 63.387989
[3]: 128.957504 129.074249
[3]: 117.774368 83.707619
[3]: 124.986511 128.063446
[3]: 121.671371 125.943596
[2]: 127.894775 169.425659
[2]: 136.264862 129.007721
[2]: 137.254089 129.047531
[2]: 113.327965 83.521042
[2]: 139.689117 127.953056
[2]: 126.364342 128.396622
[2]: 130.981094 126.808533
[2]: 128.233978 127.849968
[2]: 143.741364 127.182198
[2]: 136.178146 129.150223
[2]: 114.198883 127.017311
[2]: 130.096924 127.736237
[2]: 122.856323 128.556564
[2]: 141.394409 128.954880
[2]: 131.694214 127.637299
[2]: 125.654327 126.425858
[2]: 135.343277 129.387985
[2]: 68.268845 128.973618
[2]: 129.859833 129.381439
[2]: 117.726288 126.816765
[2]: 129.149658 129.633347
[2]: 144.983566 127.815018
[2]: 140.783249 128.966217
[2]: 136.607025 128.177856
[2]: 122.202629 126.043892
[2]: 115.770721 128.324188
[2]: 127.232552 126.460548
[2]: 141.488953 127.692345
[2]: 117.123810 125.837128
[2]: 187.028641 191.984314
[2]: 115.487915 126.907799
[2]: 115.701958 85.655708
[2]: 126.823853 127.367371
[2]: 119.795769 127.842705
[1]: 124.435265 91.595078
[1]: 126.022057 128.460037
[1]: 136.218262 134.783112
[1]: 195.582352 193.197479
[1]: 128.496063 135.789246
[1]: 127.885963 126.072784
[1]: 126.182396 125.322990
[1]: 126.707695 133.304764
[1]: 139.348587 128.121124
[1]: 128.695145 125.705849
[1]: 120.969055 117.803078
[1]: 129.116302 124.688637
[1]: 129.162750 133.707321
[1]: 133.181931 138.658249
[1]: 133.151993 129.322891
[1]: 118.258011 123.433670
[1]: 134.611816 138.401443
[1]: 191.817841 192.907440
[1]: 132.786499 137.075348
[1]: 122.490532 122.157188
[1]: 125.744560 127.646980
[1]: 135.743011 127.702919
[1]: 140.021667 137.391190
[1]: 134.113419 136.892426
[1]: 129.365189 125.289116
[1]: 119.186768 120.115997
[1]: 122.164551 122.404373
[1]: 136.165558 131.993866
[1]: 127.482735 121.875580
[1]: 131.550781 122.524124
[1]: 119.676590 126.427994
[1]: 117.413986 152.762878
[1]: 126.122925 128.566238
[1]: 130.843796 125.266869
[0]: 124.891190 64.226379
[0]: 117.632103 119.471260
[0]: 117.247887 123.548225
[0]: 91.521843 115.915436
[0]: 115.437042 111.152611
[0]: 129.795883 125.868858
[0]: 121.578682 132.865234
[0]: 123.861870 109.288040
[0]: 103.972305 122.569366
[0]: 121.032570 125.078285
[0]: 151.454742 144.847397
[0]: 124.158813 133.395721
[0]: 131.248230 124.904427
[0]: 105.238052 96.536118
[0]: 117.011108 125.443626
[0]: 130.063766 126.314911
[0]: 116.268654 112.749397
[0]: 155.970764 135.511017
[0]: 124.307205 112.528740
[0]: 141.321823 132.152390
[0]: 127.129501 118.536224
[0]: 105.662453 121.801147
[0]: 105.882210 107.567604
[0]: 112.333275 104.334946
[0]: 126.447815 133.603729
[0]: 147.295670 145.637192
[0]: 128.576889 134.211517
[0]: 112.386185 121.102730
[0]: 138.924698 144.670334
[0]: 185.904358 136.713058
[0]: 143.981277 133.418854
[0]: 146.401062 195.855423
[0]: 127.767845 122.230568
[0]: 137.356873 138.764145
