[4]: 88.810692 132.432159
[4]: 126.968750 126.836334
[4]: 125.500305 117.904129
[4]: 172.171799 173.930054
[4]: 131.041824 124.594322
[4]: 128.008453 126.765602
[4]: 126.731735 122.387993
[4]: 127.064011 126.389420
[4]: 130.868362 111.252876
[4]: 126.727356 123.659187
[4]: 128.086807 133.923080
[4]: 130.394623 128.397034
[4]: 126.755585 127.930695
[4]: 127.377869 122.162163
[4]: 125.362617 123.592026
[4]: 133.865936 132.753708
[4]: 122.562805 118.670052
[4]: 61.855072 67.263580
[4]: 123.900063 125.855522
[4]: 126.681313 131.628586
[4]: 130.655502 130.921097
[4]: 129.162735 113.843704
[4]: 126.540764 117.078583
[4]: 130.331223 123.219727
[4]: 124.878471 128.845459
[4]: 128.187653 137.093811
[4]: 126.939163 133.075012
[4]: 126.224937 118.086906
[4]: 123.430252 129.906662
[4]: 127.201843 74.227898
[4]: 124.176025 133.324158
[4]: 172.348724 140.945679
[4]: 132.056458 131.868683
[4]: 128.251511 128.115768
[3]: 171.308105 129.667557
[3]: 127.932869 129.926086
[3]: 124.893448 127.448074
[3]: 87.278496 60.540619
[3]: 127.618271 131.771637
[3]: 126.466118 126.479179
[3]: 130.044495 135.141663
[3]: 131.667831 130.633560
[3]: 126.368431 135.352875
[3]: 124.247147 125.978561
[3]: 125.572357 119.108917
[3]: 126.529922 127.657806
[3]: 129.192215 128.203644
[3]: 128.563492 132.660767
[3]: 128.099594 129.234131
[3]: 133.398987 131.750046
[3]: 130.074417 132.714172
[3]: 130.078842 155.685638
[3]: 126.121910 124.603302
[3]: 130.853867 122.442459
[3]: 126.772644 124.990410
[3]: 127.350540 136.959061
[3]: 128.701233 132.554504
[3]: 129.268051 128.384995
[3]: 127.715958 129.326920
[3]: 123.994141 120.673088
[3]: 126.553673 128.321609
[3]: 127.622543 128.891006
[3]: 130.430176 125.635117
[3]: 58.654686 64.354279
[3]: 128.498581 128.957504
[3]: 83.779449 117.774368
[3]: 127.375237 124.986511
[3]: 128.201553 121.671371
[2]: 167.354401 127.894775
[2]: 125.460373 136.264862
[2]: 136.616287 137.254089
[2]: 95.208443 113.327965
[2]: 141.833572 139.689117
[2]: 129.579437 126.364342
[2]: 126.632881 130.981094
[2]: 123.826942 128.233978
[2]: 137.289536 143.741364
[2]: 129.164032 136.178146
[2]: 116.563400 114.198883
[2]: 129.150208 130.096924
[2]: 135.721161 122.856323
[2]: 137.537048 141.394409
[2]: 132.890350 131.694214
[2]: 124.901215 125.654327
[2]: 140.381866 135.343277
[2]: 112.735352 68.268845
[2]: 126.458534 129.859833
[2]: 112.575562 117.726288
[2]: 129.045517 129.149658
[2]: 137.662918 144.983566
[2]: 147.044418 140.783249
[2]: 131.556580 136.607025
[2]: 120.010872 122.202629
[2]: 124.741058 115.770721
[2]: 128.292847 127.232552
[2]: 137.150391 141.488953
[2]: 120.274422 117.123810
[2]: 184.063034 187.028641
[2]: 122.321045 115.487915
[2]: 72.739586 115.701958
[2]: 132.039444 126.823853
[2]: 128.504242 119.795769
[1]: 85.448471 124.435265
[1]: 124.997025 126.022057
[1]: 133.758804 136.218262
[1]: 180.429276 195.582352
[1]: 132.313324 128.496063
[1]: 126.808769 127.885963
[1]: 126.881226 126.182396
[1]: 126.420845 126.707695
[1]: 128.858231 139.348587
[1]: 127.019356 128.695145
[1]: 119.109184 120.969055
[1]: 124.085854 129.116302
[1]: 130.155670 129.162750
[1]: 135.565598 133.181931
[1]: 132.398178 133.151993
[1]: 123.397026 118.258011
[1]: 140.886353 134.611816
[1]: 188.539291 191.817841
[1]: 130.994217 132.786499
[1]: 120.138298 122.490532
[1]: 124.508850 125.744560
[1]: 131.131683 135.743011
[1]: 139.549881 140.021667
[1]: 127.904221 134.113419
[1]: 129.749878 129.365189
[1]: 124.829445 119.186768
[1]: 129.035400 122.164551
[1]: 134.819351 136.165558
[1]: 130.476089 127.482735
[1]: 112.532669 131.550781
[1]: 128.284698 119.676590
[1]: 160.723572 117.413986
[1]: 125.747559 126.122925
[1]: 127.438545 130.843796
[0]: 135.466599 124.891190
[0]: 135.572021 117.632103
[0]: 111.004654 117.247887
[0]: 85.818710 91.521843
[0]: 101.904587 115.437042
[0]: 124.636261 129.795883
[0]: 126.876892 121.578682
[0]: 125.275078 123.861870
[0]: 105.916687 103.972305
[0]: 130.922501 121.032570
[0]: 153.208054 151.454742
[0]: 130.563187 124.158813
[0]: 116.926231 131.248230
[0]: 101.215965 105.238052
[0]: 115.210144 117.011108
[0]: 116.563652 130.063766
[0]: 99.621361 116.268654
[0]: 159.337906 155.970764
[0]: 129.932510 124.307205
[0]: 147.607635 141.321823
[0]: 128.131714 127.129501
[0]: 108.996742 105.662453
[0]: 85.055855 105.882210
[0]: 117.415405 112.333275
[0]: 135.876190 126.447815
[0]: 140.704910 147.295670
[0]: 129.057251 128.576889
[0]: 107.194092 112.386185
[0]: 133.371429 138.924698
[0]: 178.599030 185.904358
[0]: 135.693741 143.981277
[0]: 143.356995 146.401062
[0]: 118.015129 127.767845
[0]: 122.783104 137.356873
