[4]: 154.600403 132.432159
[4]: 129.088913 126.836334
[4]: 147.471283 117.904129
[4]: 160.222473 173.930054
[4]: 120.751190 124.594322
[4]: 117.957764 126.765602
[4]: 132.105118 122.387993
[4]: 128.735519 126.389420
[4]: 118.439651 111.252876
[4]: 116.924416 123.659187
[4]: 125.689705 133.923080
[4]: 126.283485 128.397034
[4]: 135.817032 127.930695
[4]: 135.245468 122.162163
[4]: 126.116653 123.592026
[4]: 150.127014 132.753708
[4]: 127.571808 118.670052
[4]: 79.088364 67.263580
[4]: 124.300789 125.855522
[4]: 143.829269 131.628586
[4]: 131.150085 130.921097
[4]: 98.637650 113.843704
[4]: 119.208214 117.078583
[4]: 127.591759 123.219727
[4]: 118.693993 128.845459
[4]: 134.825989 137.093811
[4]: 162.013321 133.075012
[4]: 121.642487 118.086906
[4]: 114.623550 129.906662
[4]: 102.564018 74.227898
[4]: 125.954803 133.324158
[4]: 130.720642 140.945679
[4]: 113.039429 131.868683
[4]: 111.295021 128.115768
[3]: 122.605835 129.667557
[3]: 143.528671 129.926086
[3]: 124.229012 127.448074
[3]: 108.317635 60.540619
[3]: 141.822998 131.771637
[3]: 131.980896 126.479179
[3]: 146.247803 135.141663
[3]: 139.175064 130.633560
[3]: 116.980324 135.352875
[3]: 145.779129 125.978561
[3]: 105.007660 119.108917
[3]: 112.352470 127.657806
[3]: 122.637291 128.203644
[3]: 121.262482 132.660767
[3]: 134.911224 129.234131
[3]: 156.706879 131.750046
[3]: 131.495850 132.714172
[3]: 150.615509 155.685638
[3]: 107.206841 124.603302
[3]: 114.368034 122.442459
[3]: 133.212646 124.990410
[3]: 147.345291 136.959061
[3]: 122.054993 132.554504
[3]: 130.767365 128.384995
[3]: 165.876053 129.326920
[3]: 130.478989 120.673088
[3]: 103.636322 128.321609
[3]: 120.704620 128.891006
[3]: 132.833405 125.635117
[3]: 94.746391 64.354279
[3]: 152.885498 128.957504
[3]: 131.435532 117.774368
[3]: 106.947182 124.986511
[3]: 140.395538 121.671371
[2]: 119.792084 127.894775
[2]: 114.293060 136.264862
[2]: 129.237274 137.254089
[2]: 104.555305 113.327965
[2]: 136.688049 139.689117
[2]: 132.899445 126.364342
[2]: 106.552628 130.981094
[2]: 139.400742 128.233978
[2]: 141.005264 143.741364
[2]: 131.631775 136.178146
[2]: 101.337006 114.198883
[2]: 123.093987 130.096924
[2]: 140.210266 122.856323
[2]: 134.207748 141.394409
[2]: 112.920128 131.694214
[2]: 93.031464 125.654327
[2]: 118.985481 135.343277
[2]: 99.205643 68.268845
[2]: 112.879013 129.859833
[2]: 117.916718 117.726288
[2]: 139.444946 129.149658
[2]: 151.375931 144.983566
[2]: 148.542892 140.783249
[2]: 139.760300 136.607025
[2]: 112.233864 122.202629
[2]: 146.804169 115.770721
[2]: 118.122040 127.232552
[2]: 121.883148 141.488953
[2]: 113.329384 117.123810
[2]: 156.669800 187.028641
[2]: 109.233055 115.487915
[2]: 102.754051 115.701958
[2]: 142.655289 126.823853
[2]: 140.302628 119.795769
[1]: 142.387421 124.435265
[1]: 111.054688 126.022057
[1]: 113.006241 136.218262
[1]: 157.897659 195.582352
[1]: 118.152695 128.496063
[1]: 133.656677 127.885963
[1]: 134.129776 126.182396
[1]: 119.657555 126.707695
[1]: 145.549591 139.348587
[1]: 141.719360 128.695145
[1]: 144.428436 120.969055
[1]: 140.283569 129.116302
[1]: 113.067574 129.162750
[1]: 124.836479 133.181931
[1]: 148.446304 133.151993
[1]: 102.912590 118.258011
[1]: 138.861847 134.611816
[1]: 154.250061 191.817841
[1]: 140.511032 132.786499
[1]: 150.773804 122.490532
[1]: 123.825256 125.744560
[1]: 140.579147 135.743011
[1]: 130.331543 140.021667
[1]: 123.037148 134.113419
[1]: 115.197899 129.365189
[1]: 89.069153 119.186768
[1]: 109.522957 122.164551
[1]: 145.407654 136.165558
[1]: 136.118149 127.482735
[1]: 127.914406 131.550781
[1]: 132.836395 119.676590
[1]: 129.989563 117.413986
[1]: 155.721008 126.122925
[1]: 108.119415 130.843796
[0]: 98.569740 124.891190
[0]: 139.713867 117.632103
[0]: 122.511200 117.247887
[0]: 104.526909 91.521843
[0]: 123.961319 115.437042
[0]: 120.792282 129.795883
[0]: 117.228073 121.578682
[0]: 109.137611 123.861870
[0]: 113.491898 103.972305
[0]: 99.706375 121.032570
[0]: 161.187363 151.454742
[0]: 137.562408 124.158813
[0]: 127.570885 131.248230
[0]: 120.532288 105.238052
[0]: 112.512985 117.011108
[0]: 135.045105 130.063766
[0]: 121.347855 116.268654
[0]: 157.032333 155.970764
[0]: 152.786667 124.307205
[0]: 106.256821 141.321823
[0]: 110.098038 127.129501
[0]: 101.678932 105.662453
[0]: 118.237518 105.882210
[0]: 114.676575 112.333275
[0]: 124.783813 126.447815
[0]: 137.970444 147.295670
[0]: 145.232956 128.576889
[0]: 128.392319 112.386185
[0]: 141.718094 138.924698
[0]: 156.888931 185.904358
[0]: 119.095917 143.981277
[0]: 141.521286 146.401062
[0]: 119.057648 127.767845
[0]: 138.087860 137.356873
