[4]: 128.605759 132.432159
[4]: 127.390175 126.836334
[4]: 121.758080 117.904129
[4]: 154.757767 173.930054
[4]: 122.258812 124.594322
[4]: 128.814667 126.765602
[4]: 123.164604 122.387993
[4]: 122.630554 126.389420
[4]: 124.608597 111.252876
[4]: 124.556007 123.659187
[4]: 129.827332 133.923080
[4]: 130.324219 128.397034
[4]: 122.356926 127.930695
[4]: 125.786102 122.162163
[4]: 131.451675 123.592026
[4]: 125.540344 132.753708
[4]: 117.357773 118.670052
[4]: 63.031860 67.263580
[4]: 129.490982 125.855522
[4]: 130.111938 131.628586
[4]: 126.390404 130.921097
[4]: 124.608521 113.843704
[4]: 115.567604 117.078583
[4]: 126.220963 123.219727
[4]: 125.377731 128.845459
[4]: 135.664948 137.093811
[4]: 130.518616 133.075012
[4]: 123.370903 118.086906
[4]: 133.630096 129.906662
[4]: 62.161537 74.227898
[4]: 126.238770 133.324158
[4]: 135.626251 140.945679
[4]: 126.501961 131.868683
[4]: 127.640617 128.115768
[3]: 136.414780 129.667557
[3]: 130.216278 129.926086
[3]: 128.453186 127.448074
[3]: 65.758896 60.540619
[3]: 141.420120 131.771637
[3]: 125.861176 126.479179
[3]: 138.241516 135.141663
[3]: 137.764313 130.633560
[3]: 129.392471 135.352875
[3]: 127.288727 125.978561
[3]: 116.260269 119.108917
[3]: 132.028534 127.657806
[3]: 132.948822 128.203644
[3]: 130.643509 132.660767
[3]: 124.529594 129.234131
[3]: 140.081909 131.750046
[3]: 141.611420 132.714172
[3]: 174.117722 155.685638
[3]: 122.748138 124.603302
[3]: 124.416077 122.442459
[3]: 129.752594 124.990410
[3]: 133.370148 136.959061
[3]: 138.517792 132.554504
[3]: 132.098312 128.384995
[3]: 136.567749 129.326920
[3]: 112.784363 120.673088
[3]: 126.630661 128.321609
[3]: 128.217896 128.891006
[3]: 118.188065 125.635117
[3]: 79.154839 64.354279
[3]: 133.881058 128.957504
[3]: 117.887207 117.774368
[3]: 130.104141 124.986511
[3]: 118.175209 121.671371
[2]: 136.666183 127.894775
[2]: 133.663651 136.264862
[2]: 132.246262 137.254089
[2]: 127.487038 113.327965
[2]: 141.880402 139.689117
[2]: 128.480591 126.364342
[2]: 133.326660 130.981094
[2]: 137.800171 128.233978
[2]: 126.104881 143.741364
[2]: 136.830399 136.178146
[2]: 118.343674 114.198883
[2]: 126.447998 130.096924
[2]: 131.468506 122.856323
[2]: 136.772903 141.394409
[2]: 122.087944 131.694214
[2]: 135.695847 125.654327
[2]: 143.443787 135.343277
[2]: 69.501511 68.268845
[2]: 125.703087 129.859833
[2]: 120.765900 117.726288
[2]: 136.958008 129.149658
[2]: 134.206421 144.983566
[2]: 144.751266 140.783249
[2]: 133.673431 136.607025
[2]: 129.582214 122.202629
[2]: 110.394325 115.770721
[2]: 129.922638 127.232552
[2]: 137.171524 141.488953
[2]: 112.268524 117.123810
[2]: 190.819656 187.028641
[2]: 127.237595 115.487915
[2]: 116.864983 115.701958
[2]: 137.117844 126.823853
[2]: 120.394882 119.795769
[1]: 124.615059 124.435265
[1]: 126.356247 126.022057
[1]: 134.231247 136.218262
[1]: 200.703018 195.582352
[1]: 126.865059 128.496063
[1]: 125.277634 127.885963
[1]: 127.599251 126.182396
[1]: 125.901505 126.707695
[1]: 130.905716 139.348587
[1]: 124.128090 128.695145
[1]: 130.089615 120.969055
[1]: 127.758362 129.116302
[1]: 128.641785 129.162750
[1]: 130.487122 133.181931
[1]: 128.514313 133.151993
[1]: 123.803009 118.258011
[1]: 130.616486 134.611816
[1]: 190.933731 191.817841
[1]: 130.980499 132.786499
[1]: 123.838028 122.490532
[1]: 127.034790 125.744560
[1]: 128.280792 135.743011
[1]: 132.699768 140.021667
[1]: 129.747360 134.113419
[1]: 127.642395 129.365189
[1]: 126.716789 119.186768
[1]: 124.589760 122.164551
[1]: 131.039459 136.165558
[1]: 126.514160 127.482735
[1]: 135.283585 131.550781
[1]: 125.847664 119.676590
[1]: 125.045784 117.413986
[1]: 129.436905 126.122925
[1]: 132.264832 130.843796
[0]: 111.811485 124.891190
[0]: 118.942581 117.632103
[0]: 119.182030 117.247887
[0]: 77.565819 91.521843
[0]: 106.726334 115.437042
[0]: 128.881882 129.795883
[0]: 113.281395 121.578682
[0]: 110.686165 123.861870
[0]: 124.188339 103.972305
[0]: 122.958046 121.032570
[0]: 144.615677 151.454742
[0]: 122.570702 124.158813
[0]: 123.585373 131.248230
[0]: 110.848457 105.238052
[0]: 128.850327 117.011108
[0]: 111.945335 130.063766
[0]: 103.444939 116.268654
[0]: 142.408585 155.970764
[0]: 128.510803 124.307205
[0]: 136.348953 141.321823
[0]: 116.710335 127.129501
[0]: 117.623680 105.662453
[0]: 104.461205 105.882210
[0]: 112.500664 112.333275
[0]: 116.214912 126.447815
[0]: 155.276596 147.295670
[0]: 127.611771 128.576889
[0]: 117.288239 112.386185
[0]: 149.699844 138.924698
[0]: 176.295883 185.904358
[0]: 127.212784 143.981277
[0]: 142.436310 146.401062
[0]: 112.742424 127.767845
[0]: 139.429825 137.356873
