[4]: 132.427368 132.432159
[4]: 126.637215 126.836334
[4]: 117.959190 117.904129
[4]: 173.964890 173.930054
[4]: 124.368172 124.594322
[4]: 126.833588 126.765602
[4]: 122.337349 122.387993
[4]: 126.292969 126.389420
[4]: 111.388458 111.252876
[4]: 123.665581 123.659187
[4]: 133.943420 133.923080
[4]: 128.392899 128.397034
[4]: 127.690384 127.930695
[4]: 122.142242 122.162163
[4]: 123.572235 123.592026
[4]: 132.578262 132.753708
[4]: 118.531342 118.670052
[4]: 67.346542 67.263580
[4]: 125.776367 125.855522
[4]: 131.740631 131.628586
[4]: 130.974243 130.921097
[4]: 113.819160 113.843704
[4]: 116.965446 117.078583
[4]: 123.446945 123.219727
[4]: 128.828903 128.845459
[4]: 137.042007 137.093811
[4]: 133.216492 133.075012
[4]: 118.120926 118.086906
[4]: 129.900146 129.906662
[4]: 74.253746 74.227898
[4]: 133.237823 133.324158
[4]: 141.033844 140.945679
[4]: 131.955383 131.868683
[4]: 128.036301 128.115768
[3]: 129.844467 129.667557
[3]: 130.089737 129.926086
[3]: 127.370003 127.448074
[3]: 60.607468 60.540619
[3]: 131.991577 131.771637
[3]: 126.444534 126.479179
[3]: 135.211746 135.141663
[3]: 130.747482 130.633560
[3]: 135.376709 135.352875
[3]: 125.970840 125.978561
[3]: 119.020813 119.108917
[3]: 127.712402 127.657806
[3]: 128.302795 128.203644
[3]: 132.574799 132.660767
[3]: 129.174942 129.234131
[3]: 131.870346 131.750046
[3]: 132.869415 132.714172
[3]: 155.606689 155.685638
[3]: 124.681297 124.603302
[3]: 122.396507 122.442459
[3]: 125.000778 124.990410
[3]: 137.048172 136.959061
[3]: 132.544861 132.554504
[3]: 128.286667 128.384995
[3]: 129.404694 129.326920
[3]: 120.680283 120.673088
[3]: 128.302795 128.321609
[3]: 128.949402 128.891006
[3]: 125.743431 125.635117
[3]: 64.330711 64.354279
[3]: 129.034073 128.957504
[3]: 117.760658 117.774368
[3]: 124.840569 124.986511
[3]: 121.657990 121.671371
[2]: 127.866920 127.894775
[2]: 136.261368 136.264862
[2]: 137.264160 137.254089
[2]: 113.277008 113.327965
[2]: 139.650146 139.689117
[2]: 126.332855 126.364342
[2]: 130.974945 130.981094
[2]: 128.151352 128.233978
[2]: 143.609222 143.741364
[2]: 136.107864 136.178146
[2]: 114.239990 114.198883
[2]: 130.020432 130.096924
[2]: 122.907768 122.856323
[2]: 141.493622 141.394409
[2]: 131.741501 131.694214
[2]: 125.722198 125.654327
[2]: 135.369003 135.343277
[2]: 68.316017 68.268845
[2]: 129.817856 129.859833
[2]: 117.750679 117.726288
[2]: 129.197220 129.149658
[2]: 145.051453 144.983566
[2]: 140.880646 140.783249
[2]: 136.563507 136.607025
[2]: 122.129570 122.202629
[2]: 115.806450 115.770721
[2]: 127.221634 127.232552
[2]: 141.513565 141.488953
[2]: 117.064148 117.123810
[2]: 187.063751 187.028641
[2]: 115.606033 115.487915
[2]: 115.672089 115.701958
[2]: 126.951729 126.823853
[2]: 119.825592 119.795769
[1]: 124.325302 124.435265
[1]: 126.182808 126.022057
[1]: 136.194977 136.218262
[1]: 195.563950 195.582352
[1]: 128.659653 128.496063
[1]: 127.830917 127.885963
[1]: 126.135078 126.182396
[1]: 126.704491 126.707695
[1]: 139.419510 139.348587
[1]: 128.755661 128.695145
[1]: 120.995010 120.969055
[1]: 129.116135 129.116302
[1]: 129.304626 129.162750
[1]: 133.226089 133.181931
[1]: 133.177429 133.151993
[1]: 118.346825 118.258011
[1]: 134.640930 134.611816
[1]: 191.844254 191.817841
[1]: 132.825851 132.786499
[1]: 122.427467 122.490532
[1]: 125.586884 125.744560
[1]: 135.720871 135.743011
[1]: 140.085159 140.021667
[1]: 134.013260 134.113419
[1]: 129.316727 129.365189
[1]: 119.148651 119.186768
[1]: 122.067856 122.164551
[1]: 136.184052 136.165558
[1]: 127.531586 127.482735
[1]: 131.654190 131.550781
[1]: 119.695679 119.676590
[1]: 117.405319 117.413986
[1]: 125.950943 126.122925
[1]: 130.922638 130.843796
[0]: 124.847153 124.891190
[0]: 117.494270 117.632103
[0]: 117.300568 117.247887
[0]: 91.496155 91.521843
[0]: 115.304497 115.437042
[0]: 129.855530 129.795883
[0]: 121.616776 121.578682
[0]: 123.932808 123.861870
[0]: 103.880661 103.972305
[0]: 121.046761 121.032570
[0]: 151.450241 151.454742
[0]: 124.185844 124.158813
[0]: 131.188660 131.248230
[0]: 105.204994 105.238052
[0]: 117.024193 117.011108
[0]: 129.941620 130.063766
[0]: 116.198151 116.268654
[0]: 155.962982 155.970764
[0]: 124.313385 124.307205
[0]: 141.289276 141.321823
[0]: 127.179604 127.129501
[0]: 105.555824 105.662453
[0]: 105.854332 105.882210
[0]: 112.358696 112.333275
[0]: 126.511284 126.447815
[0]: 147.336899 147.295670
[0]: 128.555573 128.576889
[0]: 112.250214 112.386185
[0]: 138.821930 138.924698
[0]: 185.805695 185.904358
[0]: 143.834595 143.981277
[0]: 146.348694 146.401062
[0]: 127.882202 127.767845
[0]: 137.341171 137.356873
