[4]: 91.051903 132.432159
[4]: 129.643860 126.836334
[4]: 127.330399 117.904129
[4]: 179.454269 173.930054
[4]: 134.881454 124.594322
[4]: 130.098724 126.765602
[4]: 127.727097 122.387993
[4]: 132.860199 126.389420
[4]: 130.923279 111.252876
[4]: 132.507614 123.659187
[4]: 125.222778 133.923080
[4]: 125.878242 128.397034
[4]: 125.312698 127.930695
[4]: 138.496872 122.162163
[4]: 127.026337 123.592026
[4]: 131.273575 132.753708
[4]: 131.558258 118.670052
[4]: 58.750973 67.263580
[4]: 130.631409 125.855522
[4]: 127.020996 131.628586
[4]: 133.576462 130.921097
[4]: 135.121765 113.843704
[4]: 135.550293 117.078583
[4]: 135.413712 123.219727
[4]: 125.670113 128.845459
[4]: 121.438019 137.093811
[4]: 126.352669 133.075012
[4]: 130.301270 118.086906
[4]: 120.283485 129.906662
[4]: 125.078918 74.227898
[4]: 125.113037 133.324158
[4]: 167.176041 140.945679
[4]: 130.575272 131.868683
[4]: 118.605164 128.115768
[3]: 170.826187 129.667557
[3]: 126.375687 129.926086
[3]: 124.881439 127.448074
[3]: 87.142395 60.540619
[3]: 129.487625 131.771637
[3]: 127.482567 126.479179
[3]: 128.448410 135.141663
[3]: 128.114090 130.633560
[3]: 126.542953 135.352875
[3]: 125.128563 125.978561
[3]: 126.122787 119.108917
[3]: 128.555801 127.657806
[3]: 127.338936 128.203644
[3]: 127.707230 132.660767
[3]: 127.212456 129.234131
[3]: 130.111359 131.750046
[3]: 126.873383 132.714172
[3]: 126.947144 155.685638
[3]: 126.430489 124.603302
[3]: 126.374069 122.442459
[3]: 126.596390 124.990410
[3]: 127.934227 136.959061
[3]: 127.335693 132.554504
[3]: 127.312836 128.384995
[3]: 128.254532 129.326920
[3]: 125.167778 120.673088
[3]: 129.004227 128.321609
[3]: 127.151550 128.891006
[3]: 128.976944 125.635117
[3]: 62.907345 64.354279
[3]: 129.097778 128.957504
[3]: 83.431274 117.774368
[3]: 128.283554 124.986511
[3]: 125.405556 121.671371
[2]: 169.252914 127.894775
[2]: 128.948730 136.264862
[2]: 130.167664 137.254089
[2]: 84.443680 113.327965
[2]: 128.997894 139.689117
[2]: 128.640381 126.364342
[2]: 127.207458 130.981094
[2]: 129.246323 128.233978
[2]: 128.349319 143.741364
[2]: 130.091187 136.178146
[2]: 126.062424 114.198883
[2]: 127.704254 130.096924
[2]: 129.364563 122.856323
[2]: 130.512573 141.394409
[2]: 128.218613 131.694214
[2]: 126.106766 125.654327
[2]: 131.369324 135.343277
[2]: 128.722870 68.268845
[2]: 130.521347 129.859833
[2]: 126.641243 117.726288
[2]: 129.731644 129.149658
[2]: 128.592010 144.983566
[2]: 130.407990 140.783249
[2]: 129.468887 136.607025
[2]: 125.264336 122.202629
[2]: 127.604881 115.770721
[2]: 125.596107 127.232552
[2]: 128.257599 141.488953
[2]: 124.538506 117.123810
[2]: 191.804153 187.028641
[2]: 126.163712 115.487915
[2]: 84.560410 115.701958
[2]: 127.775978 126.823853
[2]: 126.614975 119.795769
[1]: 86.800819 124.435265
[1]: 128.415756 126.022057
[1]: 136.903214 136.218262
[1]: 182.504868 195.582352
[1]: 136.155823 128.496063
[1]: 127.718582 127.885963
[1]: 127.588615 126.182396
[1]: 133.159485 126.707695
[1]: 131.793243 139.348587
[1]: 127.855675 128.695145
[1]: 117.219696 120.969055
[1]: 125.140930 129.116302
[1]: 134.572479 129.162750
[1]: 138.320129 133.181931
[1]: 132.920258 133.151993
[1]: 122.080902 118.258011
[1]: 143.278305 134.611816
[1]: 192.586838 191.817841
[1]: 137.663452 132.786499
[1]: 122.094284 122.490532
[1]: 126.621803 125.744560
[1]: 131.370804 135.743011
[1]: 139.314957 140.021667
[1]: 137.559006 134.113419
[1]: 125.447327 129.365189
[1]: 119.293732 119.186768
[1]: 120.288200 122.164551
[1]: 133.264648 136.165558
[1]: 123.750511 127.482735
[1]: 121.556778 131.550781
[1]: 125.381142 119.676590
[1]: 159.337082 117.413986
[1]: 129.383911 126.122925
[1]: 122.351616 130.843796
[0]: 83.995514 124.891190
[0]: 122.791328 117.632103
[0]: 115.057831 117.247887
[0]: 132.588928 91.521843
[0]: 105.653259 115.437042
[0]: 121.343491 129.795883
[0]: 124.939705 121.578682
[0]: 107.325562 123.861870
[0]: 115.113640 103.972305
[0]: 117.932083 121.032570
[0]: 148.597443 151.454742
[0]: 133.527176 124.158813
[0]: 121.021851 131.248230
[0]: 92.250587 105.238052
[0]: 117.828194 117.011108
[0]: 128.188385 130.063766
[0]: 98.347527 116.268654
[0]: 137.568085 155.970764
[0]: 107.542084 124.307205
[0]: 134.082367 141.321823
[0]: 118.865852 127.129501
[0]: 112.021515 105.662453
[0]: 98.201836 105.882210
[0]: 99.006050 112.333275
[0]: 133.383728 126.447815
[0]: 150.951691 147.295670
[0]: 141.142334 128.576889
[0]: 116.854759 112.386185
[0]: 145.341476 138.924698
[0]: 140.409836 185.904358
[0]: 136.645752 143.981277
[0]: 182.707504 146.401062
[0]: 119.224480 127.767845
[0]: 150.242188 137.356873
