[4]: 226.000000 132.432159
[4]: 232.000000 126.836334
[4]: 109.000000 117.904129
[4]: 156.000000 173.930054
[4]: 220.000000 124.594322
[4]: 97.000000 126.765602
[4]: 224.000000 122.387993
[4]: 119.000000 126.389420
[4]: 7.000000 111.252876
[4]: 252.000000 123.659187
[4]: 87.000000 133.923080
[4]: 156.000000 128.397034
[4]: 161.000000 127.930695
[4]: 157.000000 122.162163
[4]: 62.000000 123.592026
[4]: 143.000000 132.753708
[4]: 44.000000 118.670052
[4]: 115.000000 67.263580
[4]: 156.000000 125.855522
[4]: 109.000000 131.628586
[4]: 81.000000 130.921097
[4]: 141.000000 113.843704
[4]: 27.000000 117.078583
[4]: 141.000000 123.219727
[4]: 155.000000 128.845459
[4]: 242.000000 137.093811
[4]: 179.000000 133.075012
[4]: 24.000000 118.086906
[4]: 93.000000 129.906662
[4]: 162.000000 74.227898
[4]: 185.000000 133.324158
[4]: 70.000000 140.945679
[4]: 11.000000 131.868683
[4]: 786432.000000 128.115768
[3]: 170.821884 129.667557
[3]: 126.255417 129.926086
[3]: 124.714134 127.448074
[3]: 86.799568 60.540619
[3]: 128.863327 131.771637
[3]: 126.987602 126.479179
[3]: 128.212387 135.141663
[3]: 128.122818 130.633560
[3]: 127.206093 135.352875
[3]: 125.401497 125.978561
[3]: 126.406143 119.108917
[3]: 128.588898 127.657806
[3]: 127.628250 128.203644
[3]: 127.069420 132.660767
[3]: 127.046089 129.234131
[3]: 129.684448 131.750046
[3]: 126.673126 132.714172
[3]: 127.256310 155.685638
[3]: 126.532196 124.603302
[3]: 126.925880 122.442459
[3]: 126.252174 124.990410
[3]: 127.311485 136.959061
[3]: 126.961098 132.554504
[3]: 126.831352 128.384995
[3]: 127.830269 129.326920
[3]: 125.687622 120.673088
[3]: 128.851700 128.321609
[3]: 126.997269 128.891006
[3]: 128.591003 125.635117
[3]: 63.543003 64.354279
[3]: 128.854233 128.957504
[3]: 83.770966 117.774368
[3]: 127.995865 124.986511
[3]: 125.939102 121.671371
[2]: 83.106247 127.894775
[2]: 128.101791 136.264862
[2]: 127.770027 137.254089
[2]: 169.769577 113.327965
[2]: 127.576637 139.689117
[2]: 127.350281 126.364342
[2]: 127.635468 130.981094
[2]: 126.009293 128.233978
[2]: 127.535736 143.741364
[2]: 127.419426 136.178146
[2]: 130.753250 114.198883
[2]: 129.055161 130.096924
[2]: 126.983421 122.856323
[2]: 125.549995 141.394409
[2]: 125.807312 131.694214
[2]: 127.585663 125.654327
[2]: 127.732422 135.343277
[2]: 125.997353 68.268845
[2]: 126.947487 129.859833
[2]: 128.070053 117.726288
[2]: 127.430206 129.149658
[2]: 126.765320 144.983566
[2]: 129.380142 140.783249
[2]: 125.228424 136.607025
[2]: 125.041542 122.202629
[2]: 125.188301 115.770721
[2]: 127.866982 127.232552
[2]: 128.006134 141.488953
[2]: 129.452072 117.123810
[2]: 191.654434 187.028641
[2]: 128.052322 115.487915
[2]: 169.087143 115.701958
[2]: 128.257965 126.823853
[2]: 128.067932 119.795769
[1]: 87.497780 124.435265
[1]: 126.793457 126.022057
[1]: 128.035431 136.218262
[1]: 171.734222 195.582352
[1]: 128.666901 128.496063
[1]: 126.992409 127.885963
[1]: 126.593979 126.182396
[1]: 127.457138 126.707695
[1]: 127.164230 139.348587
[1]: 127.230400 128.695145
[1]: 125.414635 120.969055
[1]: 126.133621 129.116302
[1]: 128.276123 129.162750
[1]: 128.403259 133.181931
[1]: 127.997559 133.151993
[1]: 127.009392 118.258011
[1]: 127.625107 134.611816
[1]: 128.727280 191.817841
[1]: 127.976463 132.786499
[1]: 126.002831 122.490532
[1]: 127.192787 125.744560
[1]: 129.186096 135.743011
[1]: 125.928040 140.021667
[1]: 129.259979 134.113419
[1]: 130.050476 129.365189
[1]: 130.655975 119.186768
[1]: 127.859688 122.164551
[1]: 127.861099 136.165558
[1]: 125.841942 127.482735
[1]: 63.788887 131.550781
[1]: 127.830750 119.676590
[1]: 171.509735 117.413986
[1]: 126.658669 126.122925
[1]: 127.436432 130.843796
[0]: 169.102448 124.891190
[0]: 128.730835 117.632103
[0]: 129.016098 117.247887
[0]: 82.871460 91.521843
[0]: 127.609161 115.437042
[0]: 128.360733 129.795883
[0]: 126.971176 121.578682
[0]: 127.286545 123.861870
[0]: 126.582436 103.972305
[0]: 128.698120 121.032570
[0]: 127.649826 151.454742
[0]: 127.978432 124.158813
[0]: 128.474701 131.248230
[0]: 128.035828 105.238052
[0]: 127.566277 117.011108
[0]: 126.289726 130.063766
[0]: 128.850464 116.268654
[0]: 129.133636 155.970764
[0]: 128.677765 124.307205
[0]: 126.584602 141.321823
[0]: 129.429016 127.129501
[0]: 127.923256 105.662453
[0]: 128.233154 105.882210
[0]: 127.327332 112.333275
[0]: 126.153610 126.447815
[0]: 129.185745 147.295670
[0]: 126.802864 128.576889
[0]: 127.715622 112.386185
[0]: 126.748962 138.924698
[0]: 191.262802 185.904358
[0]: 127.433342 143.981277
[0]: 85.981926 146.401062
[0]: 127.086159 127.767845
[0]: 128.231949 137.356873
