[4]: 133.353653 132.432159
[4]: 126.072342 126.836334
[4]: 117.085876 117.904129
[4]: 173.188309 173.930054
[4]: 126.522873 124.594322
[4]: 126.173897 126.765602
[4]: 122.220673 122.387993
[4]: 127.618805 126.389420
[4]: 113.122841 111.252876
[4]: 123.205872 123.659187
[4]: 134.796417 133.923080
[4]: 128.994064 128.397034
[4]: 129.204529 127.930695
[4]: 122.629807 122.162163
[4]: 125.106857 123.592026
[4]: 134.072815 132.753708
[4]: 120.250038 118.670052
[4]: 67.276871 67.263580
[4]: 125.230408 125.855522
[4]: 130.736511 131.628586
[4]: 130.114059 130.921097
[4]: 113.341537 113.843704
[4]: 117.283127 117.078583
[4]: 121.768959 123.219727
[4]: 127.923538 128.845459
[4]: 136.523514 137.093811
[4]: 135.178253 133.075012
[4]: 117.953537 118.086906
[4]: 130.705322 129.906662
[4]: 73.381355 74.227898
[4]: 134.475708 133.324158
[4]: 139.501343 140.945679
[4]: 132.020020 131.868683
[4]: 129.787003 128.115768
[3]: 127.202484 129.667557
[3]: 129.189682 129.926086
[3]: 127.000153 127.448074
[3]: 60.722942 60.540619
[3]: 131.989685 131.771637
[3]: 127.494377 126.479179
[3]: 135.198105 135.141663
[3]: 129.961197 130.633560
[3]: 134.300171 135.352875
[3]: 126.201233 125.978561
[3]: 117.471184 119.108917
[3]: 126.268547 127.657806
[3]: 127.318367 128.203644
[3]: 132.628540 132.660767
[3]: 128.773621 129.234131
[3]: 130.842346 131.750046
[3]: 132.706863 132.714172
[3]: 158.012573 155.685638
[3]: 124.084724 124.603302
[3]: 124.015778 122.442459
[3]: 125.588554 124.990410
[3]: 137.774475 136.959061
[3]: 131.600967 132.554504
[3]: 130.620331 128.384995
[3]: 129.881927 129.326920
[3]: 121.309074 120.673088
[3]: 126.360924 128.321609
[3]: 129.763229 128.891006
[3]: 125.660942 125.635117
[3]: 64.872093 64.354279
[3]: 129.086990 128.957504
[3]: 121.059738 117.774368
[3]: 125.410980 124.986511
[3]: 121.477821 121.671371
[2]: 126.799789 127.894775
[2]: 137.163177 136.264862
[2]: 136.490479 137.254089
[2]: 111.621887 113.327965
[2]: 138.548141 139.689117
[2]: 126.490242 126.364342
[2]: 129.320938 130.981094
[2]: 128.213501 128.233978
[2]: 141.477905 143.741364
[2]: 137.695389 136.178146
[2]: 114.240822 114.198883
[2]: 128.456711 130.096924
[2]: 122.489929 122.856323
[2]: 140.409576 141.394409
[2]: 131.601013 131.694214
[2]: 125.331131 125.654327
[2]: 133.723022 135.343277
[2]: 67.358681 68.268845
[2]: 130.731461 129.859833
[2]: 117.079399 117.726288
[2]: 130.888428 129.149658
[2]: 145.341080 144.983566
[2]: 141.878387 140.783249
[2]: 138.088394 136.607025
[2]: 123.522575 122.202629
[2]: 115.800270 115.770721
[2]: 125.461815 127.232552
[2]: 140.689728 141.488953
[2]: 116.798363 117.123810
[2]: 185.854111 187.028641
[2]: 115.326591 115.487915
[2]: 116.378830 115.701958
[2]: 126.410690 126.823853
[2]: 118.755516 119.795769
[1]: 126.409027 124.435265
[1]: 126.839714 126.022057
[1]: 137.165405 136.218262
[1]: 196.176285 195.582352
[1]: 127.185600 128.496063
[1]: 127.658768 127.885963
[1]: 126.629417 126.182396
[1]: 126.327713 126.707695
[1]: 138.526749 139.348587
[1]: 128.628021 128.695145
[1]: 120.674225 120.969055
[1]: 130.296814 129.116302
[1]: 128.503220 129.162750
[1]: 133.153763 133.181931
[1]: 132.552917 133.151993
[1]: 118.322670 118.258011
[1]: 134.041000 134.611816
[1]: 190.729050 191.817841
[1]: 133.092331 132.786499
[1]: 123.410500 122.490532
[1]: 126.192360 125.744560
[1]: 136.730835 135.743011
[1]: 139.899979 140.021667
[1]: 133.836685 134.113419
[1]: 129.164474 129.365189
[1]: 119.355598 119.186768
[1]: 121.549118 122.164551
[1]: 135.202835 136.165558
[1]: 126.302788 127.482735
[1]: 132.563950 131.550781
[1]: 118.632912 119.676590
[1]: 116.141800 117.413986
[1]: 125.842201 126.122925
[1]: 129.491653 130.843796
[0]: 125.591087 124.891190
[0]: 117.330635 117.632103
[0]: 118.306213 117.247887
[0]: 92.624718 91.521843
[0]: 115.695084 115.437042
[0]: 129.450974 129.795883
[0]: 122.981247 121.578682
[0]: 123.696114 123.861870
[0]: 106.273010 103.972305
[0]: 119.658524 121.032570
[0]: 152.766296 151.454742
[0]: 125.470238 124.158813
[0]: 131.991135 131.248230
[0]: 105.690178 105.238052
[0]: 116.549973 117.011108
[0]: 129.962234 130.063766
[0]: 116.853691 116.268654
[0]: 155.775162 155.970764
[0]: 124.229485 124.307205
[0]: 140.347061 141.321823
[0]: 124.964394 127.129501
[0]: 103.668762 105.662453
[0]: 105.478928 105.882210
[0]: 110.024345 112.333275
[0]: 125.631172 126.447815
[0]: 147.146057 147.295670
[0]: 131.064850 128.576889
[0]: 113.363754 112.386185
[0]: 139.770264 138.924698
[0]: 186.634445 185.904358
[0]: 144.067001 143.981277
[0]: 145.169098 146.401062
[0]: 127.888695 127.767845
[0]: 138.426544 137.356873
