[4]: 92.538528 132.432159
[4]: 131.225159 126.836334
[4]: 127.628120 117.904129
[4]: 181.987198 173.930054
[4]: 137.314407 124.594322
[4]: 128.710052 126.765602
[4]: 127.343407 122.387993
[4]: 135.128601 126.389420
[4]: 132.216721 111.252876
[4]: 132.227173 123.659187
[4]: 124.604874 133.923080
[4]: 125.552719 128.397034
[4]: 123.882370 127.930695
[4]: 140.650497 122.162163
[4]: 127.321114 123.592026
[4]: 128.187897 132.753708
[4]: 132.150024 118.670052
[4]: 59.204006 67.263580
[4]: 131.057816 125.855522
[4]: 128.256851 131.628586
[4]: 133.564911 130.921097
[4]: 136.538177 113.843704
[4]: 134.006622 117.078583
[4]: 135.561081 123.219727
[4]: 125.422203 128.845459
[4]: 119.108665 137.093811
[4]: 126.621765 133.075012
[4]: 130.579102 118.086906
[4]: 121.713539 129.906662
[4]: 125.098129 74.227898
[4]: 124.644409 133.324158
[4]: 165.765701 140.945679
[4]: 131.391037 131.868683
[4]: 118.676186 128.115768
[3]: 170.789108 129.667557
[3]: 126.487350 129.926086
[3]: 124.777039 127.448074
[3]: 87.081245 60.540619
[3]: 129.296265 131.771637
[3]: 127.160172 126.479179
[3]: 128.431076 135.141663
[3]: 128.566727 130.633560
[3]: 126.992645 135.352875
[3]: 125.306534 125.978561
[3]: 126.291885 119.108917
[3]: 128.625961 127.657806
[3]: 127.410881 128.203644
[3]: 127.622093 132.660767
[3]: 127.207405 129.234131
[3]: 129.702438 131.750046
[3]: 126.839188 132.714172
[3]: 127.100739 155.685638
[3]: 126.497292 124.603302
[3]: 126.507294 122.442459
[3]: 126.440956 124.990410
[3]: 127.881386 136.959061
[3]: 127.213150 132.554504
[3]: 127.302338 128.384995
[3]: 127.971344 129.326920
[3]: 125.132744 120.673088
[3]: 129.000259 128.321609
[3]: 127.041046 128.891006
[3]: 128.899399 125.635117
[3]: 63.098736 64.354279
[3]: 128.856934 128.957504
[3]: 83.455475 117.774368
[3]: 128.142624 124.986511
[3]: 125.514259 121.671371
[2]: 169.236664 127.894775
[2]: 128.947449 136.264862
[2]: 129.824707 137.254089
[2]: 83.894493 113.327965
[2]: 128.858261 139.689117
[2]: 128.273621 126.364342
[2]: 127.083374 130.981094
[2]: 128.334595 128.233978
[2]: 127.579163 143.741364
[2]: 129.313965 136.178146
[2]: 126.230400 114.198883
[2]: 127.621208 130.096924
[2]: 128.685577 122.856323
[2]: 129.702103 141.394409
[2]: 127.879547 131.694214
[2]: 125.905922 125.654327
[2]: 130.390549 135.343277
[2]: 129.162567 68.268845
[2]: 129.972260 129.859833
[2]: 126.889664 117.726288
[2]: 129.434814 129.149658
[2]: 128.219818 144.983566
[2]: 129.334198 140.783249
[2]: 128.552399 136.607025
[2]: 125.493179 122.202629
[2]: 128.042175 115.770721
[2]: 126.062805 127.232552
[2]: 128.148926 141.488953
[2]: 125.494545 117.123810
[2]: 191.910431 187.028641
[2]: 126.751259 115.487915
[2]: 85.093361 115.701958
[2]: 127.813477 126.823853
[2]: 127.268654 119.795769
[1]: 87.276985 124.435265
[1]: 128.311539 126.022057
[1]: 136.688110 136.218262
[1]: 182.807755 195.582352
[1]: 138.581146 128.496063
[1]: 125.904015 127.885963
[1]: 127.465187 126.182396
[1]: 133.693680 126.707695
[1]: 130.101379 139.348587
[1]: 126.787605 128.695145
[1]: 116.491364 120.969055
[1]: 124.692513 129.116302
[1]: 132.947739 129.162750
[1]: 138.569534 133.181931
[1]: 131.427673 133.151993
[1]: 120.748108 118.258011
[1]: 141.473190 134.611816
[1]: 193.786697 191.817841
[1]: 138.147629 132.786499
[1]: 123.705826 122.490532
[1]: 125.709610 125.744560
[1]: 130.503510 135.743011
[1]: 138.154099 140.021667
[1]: 137.416794 134.113419
[1]: 124.620186 129.365189
[1]: 118.539406 119.186768
[1]: 121.075386 122.164551
[1]: 133.677490 136.165558
[1]: 125.099770 127.482735
[1]: 123.695305 131.550781
[1]: 126.086182 119.676590
[1]: 159.550644 117.413986
[1]: 129.845718 126.122925
[1]: 122.848953 130.843796
[0]: 79.478210 124.891190
[0]: 120.888397 117.632103
[0]: 115.996147 117.247887
[0]: 133.578583 91.521843
[0]: 100.871452 115.437042
[0]: 126.672462 129.795883
[0]: 125.864738 121.578682
[0]: 105.144951 123.861870
[0]: 116.464340 103.972305
[0]: 120.933083 121.032570
[0]: 149.170593 151.454742
[0]: 134.302109 124.158813
[0]: 125.919876 131.248230
[0]: 91.817635 105.238052
[0]: 120.065262 117.011108
[0]: 134.818848 130.063766
[0]: 102.286926 116.268654
[0]: 132.549088 155.970764
[0]: 107.756111 124.307205
[0]: 129.737946 141.321823
[0]: 121.094650 127.129501
[0]: 112.576492 105.662453
[0]: 104.479416 105.882210
[0]: 101.422958 112.333275
[0]: 134.645721 126.447815
[0]: 153.440674 147.295670
[0]: 138.716156 128.576889
[0]: 116.711754 112.386185
[0]: 139.823685 138.924698
[0]: 136.412170 185.904358
[0]: 135.531372 143.981277
[0]: 185.277237 146.401062
[0]: 118.070549 127.767845
[0]: 147.531372 137.356873
