[4]: 133.817184 132.432159
[4]: 125.421150 126.836334
[4]: 116.357140 117.904129
[4]: 172.419891 173.930054
[4]: 127.466263 124.594322
[4]: 127.370522 126.765602
[4]: 122.716400 122.387993
[4]: 128.482330 126.389420
[4]: 115.432327 111.252876
[4]: 122.894180 123.659187
[4]: 136.115738 133.923080
[4]: 128.630112 128.397034
[4]: 129.148972 127.930695
[4]: 122.346741 122.162163
[4]: 124.142273 123.592026
[4]: 135.108261 132.753708
[4]: 121.188171 118.670052
[4]: 68.393272 67.263580
[4]: 125.553970 125.855522
[4]: 129.799622 131.628586
[4]: 129.217072 130.921097
[4]: 112.228409 113.843704
[4]: 116.916855 117.078583
[4]: 122.413193 123.219727
[4]: 127.663414 128.845459
[4]: 136.791519 137.093811
[4]: 135.582794 133.075012
[4]: 119.283997 118.086906
[4]: 131.189743 129.906662
[4]: 71.536888 74.227898
[4]: 134.035278 133.324158
[4]: 138.314545 140.945679
[4]: 131.620575 131.868683
[4]: 131.701279 128.115768
[3]: 126.083794 129.667557
[3]: 129.818024 129.926086
[3]: 127.932617 127.448074
[3]: 61.014931 60.540619
[3]: 131.055573 131.771637
[3]: 127.396782 126.479179
[3]: 135.328064 135.141663
[3]: 129.019302 130.633560
[3]: 134.444229 135.352875
[3]: 126.663254 125.978561
[3]: 116.263504 119.108917
[3]: 126.336906 127.657806
[3]: 126.951538 128.203644
[3]: 132.072144 132.660767
[3]: 128.635818 129.234131
[3]: 131.000473 131.750046
[3]: 133.472290 132.714172
[3]: 159.659424 155.685638
[3]: 123.258972 124.603302
[3]: 123.759872 122.442459
[3]: 126.751114 124.990410
[3]: 139.129837 136.959061
[3]: 131.660675 132.554504
[3]: 130.845383 128.384995
[3]: 130.957794 129.326920
[3]: 121.104431 120.673088
[3]: 126.138435 128.321609
[3]: 129.134766 128.891006
[3]: 125.375130 125.635117
[3]: 66.089035 64.354279
[3]: 129.462280 128.957504
[3]: 121.806458 117.774368
[3]: 125.363091 124.986511
[3]: 120.250839 121.671371
[2]: 127.106445 127.894775
[2]: 136.572388 136.264862
[2]: 136.511230 137.254089
[2]: 112.274689 113.327965
[2]: 137.171890 139.689117
[2]: 125.759178 126.364342
[2]: 128.359634 130.981094
[2]: 128.102325 128.233978
[2]: 139.738007 143.741364
[2]: 138.316254 136.178146
[2]: 113.933136 114.198883
[2]: 128.218613 130.096924
[2]: 123.115967 122.856323
[2]: 140.487900 141.394409
[2]: 132.371307 131.694214
[2]: 125.186882 125.654327
[2]: 132.825974 135.343277
[2]: 66.017372 68.268845
[2]: 130.828751 129.859833
[2]: 119.244705 117.726288
[2]: 131.699615 129.149658
[2]: 146.446579 144.983566
[2]: 142.031647 140.783249
[2]: 137.757278 136.607025
[2]: 124.090744 122.202629
[2]: 115.962082 115.770721
[2]: 124.904099 127.232552
[2]: 138.708572 141.488953
[2]: 115.882843 117.123810
[2]: 185.341156 187.028641
[2]: 116.379395 115.487915
[2]: 117.377174 115.701958
[2]: 127.216782 126.823853
[2]: 117.715637 119.795769
[1]: 126.748558 124.435265
[1]: 127.422684 126.022057
[1]: 137.896179 136.218262
[1]: 195.828293 195.582352
[1]: 127.088623 128.496063
[1]: 127.187531 127.885963
[1]: 126.267189 126.182396
[1]: 125.616135 126.707695
[1]: 137.365479 139.348587
[1]: 128.145203 128.695145
[1]: 119.982544 120.969055
[1]: 130.719177 129.116302
[1]: 128.592514 129.162750
[1]: 133.662979 133.181931
[1]: 133.163361 133.151993
[1]: 117.595245 118.258011
[1]: 133.510529 134.611816
[1]: 190.751678 191.817841
[1]: 133.884796 132.786499
[1]: 123.347237 122.490532
[1]: 125.905998 125.744560
[1]: 136.953384 135.743011
[1]: 139.841537 140.021667
[1]: 133.390259 134.113419
[1]: 128.367493 129.365189
[1]: 119.038734 119.186768
[1]: 121.283707 122.164551
[1]: 135.437805 136.165558
[1]: 126.077400 127.482735
[1]: 134.207947 131.550781
[1]: 118.683556 119.676590
[1]: 115.535461 117.413986
[1]: 126.125801 126.122925
[1]: 128.581757 130.843796
[0]: 125.563492 124.891190
[0]: 117.263634 117.632103
[0]: 117.256981 117.247887
[0]: 92.656151 91.521843
[0]: 117.203133 115.437042
[0]: 129.586746 129.795883
[0]: 123.748123 121.578682
[0]: 124.675423 123.861870
[0]: 106.732819 103.972305
[0]: 119.293976 121.032570
[0]: 153.856247 151.454742
[0]: 125.572479 124.158813
[0]: 131.714325 131.248230
[0]: 105.859795 105.238052
[0]: 116.209091 117.011108
[0]: 129.564438 130.063766
[0]: 116.538246 116.268654
[0]: 155.204163 155.970764
[0]: 123.804474 124.307205
[0]: 139.438248 141.321823
[0]: 124.047455 127.129501
[0]: 101.877083 105.662453
[0]: 105.656326 105.882210
[0]: 109.854698 112.333275
[0]: 125.006744 126.447815
[0]: 147.308243 147.295670
[0]: 131.725296 128.576889
[0]: 114.458900 112.386185
[0]: 140.883316 138.924698
[0]: 186.352234 185.904358
[0]: 142.991699 143.981277
[0]: 145.243057 146.401062
[0]: 127.158615 127.767845
[0]: 139.903702 137.356873
