[4]: 133.312241 132.432159
[4]: 125.839058 126.836334
[4]: 116.854866 117.904129
[4]: 172.970444 173.930054
[4]: 126.976532 124.594322
[4]: 126.230942 126.765602
[4]: 122.059654 122.387993
[4]: 127.825943 126.389420
[4]: 113.547684 111.252876
[4]: 123.394409 123.659187
[4]: 135.149643 133.923080
[4]: 128.862366 128.397034
[4]: 129.348816 127.930695
[4]: 122.546577 122.162163
[4]: 124.491821 123.592026
[4]: 134.330566 132.753708
[4]: 120.710991 118.670052
[4]: 67.759972 67.263580
[4]: 124.895470 125.855522
[4]: 130.974487 131.628586
[4]: 130.563721 130.921097
[4]: 113.460144 113.843704
[4]: 117.333176 117.078583
[4]: 122.190491 123.219727
[4]: 128.129883 128.845459
[4]: 136.894608 137.093811
[4]: 135.371094 133.075012
[4]: 118.340683 118.086906
[4]: 130.712418 129.906662
[4]: 72.779961 74.227898
[4]: 134.354263 133.324158
[4]: 139.350708 140.945679
[4]: 132.245010 131.868683
[4]: 130.540329 128.115768
[3]: 126.980736 129.667557
[3]: 129.269531 129.926086
[3]: 127.393311 127.448074
[3]: 60.953518 60.540619
[3]: 132.083054 131.771637
[3]: 127.614494 126.479179
[3]: 135.125092 135.141663
[3]: 130.043915 130.633560
[3]: 134.495316 135.352875
[3]: 126.070114 125.978561
[3]: 117.253708 119.108917
[3]: 126.254799 127.657806
[3]: 127.089767 128.203644
[3]: 132.221573 132.660767
[3]: 128.898300 129.234131
[3]: 130.627670 131.750046
[3]: 132.727737 132.714172
[3]: 158.713776 155.685638
[3]: 124.077835 124.603302
[3]: 124.106461 122.442459
[3]: 125.566452 124.990410
[3]: 137.938614 136.959061
[3]: 131.569717 132.554504
[3]: 130.579788 128.384995
[3]: 130.068710 129.326920
[3]: 121.295349 120.673088
[3]: 126.167839 128.321609
[3]: 129.596558 128.891006
[3]: 125.366951 125.635117
[3]: 65.137657 64.354279
[3]: 129.242783 128.957504
[3]: 121.258072 117.774368
[3]: 125.616753 124.986511
[3]: 121.697861 121.671371
[2]: 126.765144 127.894775
[2]: 137.533066 136.264862
[2]: 136.465271 137.254089
[2]: 111.900360 113.327965
[2]: 137.688614 139.689117
[2]: 126.459068 126.364342
[2]: 129.205795 130.981094
[2]: 128.517349 128.233978
[2]: 141.678528 143.741364
[2]: 137.736877 136.178146
[2]: 113.584282 114.198883
[2]: 128.769836 130.096924
[2]: 122.744820 122.856323
[2]: 140.608261 141.394409
[2]: 132.125763 131.694214
[2]: 125.408974 125.654327
[2]: 133.028503 135.343277
[2]: 67.023743 68.268845
[2]: 131.008026 129.859833
[2]: 117.420799 117.726288
[2]: 130.158630 129.149658
[2]: 145.162598 144.983566
[2]: 141.558395 140.783249
[2]: 137.583328 136.607025
[2]: 123.773483 122.202629
[2]: 116.235809 115.770721
[2]: 125.610085 127.232552
[2]: 140.109650 141.488953
[2]: 116.767525 117.123810
[2]: 185.652161 187.028641
[2]: 115.435646 115.487915
[2]: 116.390472 115.701958
[2]: 125.871140 126.823853
[2]: 118.027077 119.795769
[1]: 126.535141 124.435265
[1]: 126.819206 126.022057
[1]: 137.287888 136.218262
[1]: 196.252548 195.582352
[1]: 127.288513 128.496063
[1]: 127.470245 127.885963
[1]: 126.740585 126.182396
[1]: 125.417053 126.707695
[1]: 138.112396 139.348587
[1]: 128.555420 128.695145
[1]: 120.625458 120.969055
[1]: 130.341309 129.116302
[1]: 128.322205 129.162750
[1]: 133.443100 133.181931
[1]: 132.605957 133.151993
[1]: 118.283516 118.258011
[1]: 134.212158 134.611816
[1]: 190.735672 191.817841
[1]: 133.557373 132.786499
[1]: 122.896576 122.490532
[1]: 126.053040 125.744560
[1]: 136.693710 135.743011
[1]: 139.594955 140.021667
[1]: 133.870453 134.113419
[1]: 128.593094 129.365189
[1]: 118.765617 119.186768
[1]: 121.224632 122.164551
[1]: 135.421417 136.165558
[1]: 126.353249 127.482735
[1]: 133.183289 131.550781
[1]: 118.927544 119.676590
[1]: 115.926056 117.413986
[1]: 125.691833 126.122925
[1]: 128.910934 130.843796
[0]: 125.761909 124.891190
[0]: 117.065315 117.632103
[0]: 118.037743 117.247887
[0]: 92.542870 91.521843
[0]: 115.852997 115.437042
[0]: 129.508408 129.795883
[0]: 123.221199 121.578682
[0]: 124.036621 123.861870
[0]: 105.822235 103.972305
[0]: 119.601120 121.032570
[0]: 153.443344 151.454742
[0]: 125.245499 124.158813
[0]: 132.035934 131.248230
[0]: 105.643433 105.238052
[0]: 116.449028 117.011108
[0]: 129.826706 130.063766
[0]: 116.891685 116.268654
[0]: 155.460236 155.970764
[0]: 123.808189 124.307205
[0]: 140.220596 141.321823
[0]: 125.419823 127.129501
[0]: 103.549675 105.662453
[0]: 106.130630 105.882210
[0]: 110.091599 112.333275
[0]: 125.572250 126.447815
[0]: 146.960800 147.295670
[0]: 131.236191 128.576889
[0]: 113.497978 112.386185
[0]: 140.112717 138.924698
[0]: 186.665833 185.904358
[0]: 143.594482 143.981277
[0]: 145.338654 146.401062
[0]: 128.157867 127.767845
[0]: 138.855759 137.356873
