[4]: 132.432159 96.056236
[4]: 126.836334 129.933762
[4]: 117.904129 129.224060
[4]: 173.930054 182.450806
[4]: 124.594322 130.531326
[4]: 126.765602 129.955185
[4]: 122.387993 134.277985
[4]: 126.389420 126.597748
[4]: 111.252876 138.977142
[4]: 123.659187 125.899307
[4]: 133.923080 122.823242
[4]: 128.397034 121.908585
[4]: 127.930695 125.913940
[4]: 122.162163 134.350479
[4]: 123.592026 127.282448
[4]: 132.753708 139.530975
[4]: 118.670052 133.194962
[4]: 67.263580 59.498482
[4]: 125.855522 125.644531
[4]: 131.628586 129.184616
[4]: 130.921097 136.272095
[4]: 113.843704 136.106766
[4]: 117.078583 138.028030
[4]: 123.219727 129.447952
[4]: 128.845459 123.764153
[4]: 137.093811 119.733261
[4]: 133.075012 131.558655
[4]: 118.086906 132.227097
[4]: 129.906662 123.141228
[4]: 74.227898 125.218712
[4]: 133.324158 124.579720
[4]: 140.945679 168.897873
[4]: 131.868683 126.891983
[4]: 128.115768 124.981964
[3]: 129.667557 171.764069
[3]: 129.926086 125.980217
[3]: 127.448074 124.889053
[3]: 60.540619 87.804306
[3]: 131.771637 128.861511
[3]: 126.479179 125.214546
[3]: 135.141663 130.846405
[3]: 130.633560 130.146774
[3]: 135.352875 126.886108
[3]: 125.978561 125.925011
[3]: 119.108917 125.054802
[3]: 127.657806 127.580536
[3]: 128.203644 128.260529
[3]: 132.660767 128.146103
[3]: 129.234131 129.107346
[3]: 131.750046 130.964172
[3]: 132.714172 127.553673
[3]: 155.685638 129.344879
[3]: 124.603302 125.436974
[3]: 122.442459 128.093842
[3]: 124.990410 126.227242
[3]: 136.959061 127.828636
[3]: 132.554504 129.122177
[3]: 128.384995 128.734253
[3]: 129.326920 127.105736
[3]: 120.673088 126.123116
[3]: 128.321609 127.459160
[3]: 128.891006 127.957893
[3]: 125.635117 128.776093
[3]: 64.354279 62.926346
[3]: 128.957504 128.320145
[3]: 117.774368 83.708862
[3]: 124.986511 127.723701
[3]: 121.671371 126.996925
[2]: 127.894775 169.128662
[2]: 136.264862 131.257462
[2]: 137.254089 129.844086
[2]: 113.327965 83.451462
[2]: 139.689117 128.406052
[2]: 126.364342 130.346939
[2]: 130.981094 126.249725
[2]: 128.233978 125.003120
[2]: 143.741364 127.869713
[2]: 136.178146 128.220993
[2]: 114.198883 126.104660
[2]: 130.096924 126.620934
[2]: 122.856323 130.569138
[2]: 141.394409 128.831482
[2]: 131.694214 127.175301
[2]: 125.654327 125.682076
[2]: 135.343277 133.339340
[2]: 68.268845 127.033897
[2]: 129.859833 128.898590
[2]: 117.726288 124.798264
[2]: 129.149658 130.545959
[2]: 144.983566 129.184387
[2]: 140.783249 128.518707
[2]: 136.607025 127.350464
[2]: 122.202629 124.414314
[2]: 115.770721 127.196045
[2]: 127.232552 128.801788
[2]: 141.488953 128.885986
[2]: 117.123810 125.337448
[2]: 187.028641 191.884079
[2]: 115.487915 127.548668
[2]: 115.701958 85.427467
[2]: 126.823853 126.052605
[2]: 119.795769 127.449432
[1]: 124.435265 90.565796
[1]: 126.022057 127.960205
[1]: 136.218262 131.996063
[1]: 195.582352 183.536133
[1]: 128.496063 129.318756
[1]: 127.885963 127.109818
[1]: 126.182396 131.752396
[1]: 126.707695 123.310684
[1]: 139.348587 132.472687
[1]: 128.695145 127.819038
[1]: 120.969055 113.128212
[1]: 129.116302 120.585320
[1]: 129.162750 133.937485
[1]: 133.181931 136.512482
[1]: 133.151993 134.109070
[1]: 118.258011 123.874786
[1]: 134.611816 148.983292
[1]: 191.817841 192.462738
[1]: 132.786499 133.561661
[1]: 122.490532 116.723862
[1]: 125.744560 128.399094
[1]: 135.743011 130.528259
[1]: 140.021667 142.035660
[1]: 134.113419 129.178329
[1]: 129.365189 128.084473
[1]: 119.186768 123.424820
[1]: 122.164551 130.922470
[1]: 136.165558 138.768723
[1]: 127.482735 125.191666
[1]: 131.550781 114.916466
[1]: 119.676590 132.470993
[1]: 117.413986 161.963394
[1]: 126.122925 120.507416
[1]: 130.843796 129.301483
[0]: 124.891190 71.732452
[0]: 117.632103 121.800179
[0]: 117.247887 117.124695
[0]: 91.521843 132.135910
[0]: 115.437042 122.371605
[0]: 129.795883 122.287285
[0]: 121.578682 110.817451
[0]: 123.861870 130.291763
[0]: 103.972305 103.739403
[0]: 121.032570 129.120209
[0]: 151.454742 154.050903
[0]: 124.158813 147.560211
[0]: 131.248230 121.695000
[0]: 105.238052 104.535767
[0]: 117.011108 116.635567
[0]: 130.063766 112.773491
[0]: 116.268654 88.635567
[0]: 155.970764 134.909180
[0]: 124.307205 121.767433
[0]: 141.321823 136.600357
[0]: 127.129501 114.714287
[0]: 105.662453 111.727066
[0]: 105.882210 92.130974
[0]: 112.333275 122.952454
[0]: 126.447815 135.383041
[0]: 147.295670 146.481949
[0]: 128.576889 118.087463
[0]: 112.386185 105.159225
[0]: 138.924698 136.927567
[0]: 185.904358 145.812958
[0]: 143.981277 123.668983
[0]: 146.401062 175.422745
[0]: 127.767845 138.458405
[0]: 137.356873 128.346497
