[4]: 134.557449 132.432159
[4]: 124.008842 126.836334
[4]: 116.648087 117.904129
[4]: 176.413971 173.930054
[4]: 124.099648 124.594322
[4]: 125.890015 126.765602
[4]: 123.366440 122.387993
[4]: 125.707932 126.389420
[4]: 112.452583 111.252876
[4]: 125.945122 123.659187
[4]: 136.129257 133.923080
[4]: 131.302490 128.397034
[4]: 126.383499 127.930695
[4]: 122.960045 122.162163
[4]: 120.727753 123.592026
[4]: 131.573395 132.753708
[4]: 118.147964 118.670052
[4]: 67.831978 67.263580
[4]: 128.829773 125.855522
[4]: 130.724121 131.628586
[4]: 130.355148 130.921097
[4]: 113.915359 113.843704
[4]: 114.679512 117.078583
[4]: 125.128304 123.219727
[4]: 129.545120 128.845459
[4]: 133.559891 137.093811
[4]: 130.435532 133.075012
[4]: 118.910225 118.086906
[4]: 129.333908 129.906662
[4]: 75.847610 74.227898
[4]: 133.760284 133.324158
[4]: 139.304306 140.945679
[4]: 130.599762 131.868683
[4]: 123.370316 128.115768
[3]: 126.996727 129.667557
[3]: 129.078949 129.926086
[3]: 126.859390 127.448074
[3]: 61.277794 60.540619
[3]: 131.193405 131.771637
[3]: 127.240112 126.479179
[3]: 135.930237 135.141663
[3]: 130.324356 130.633560
[3]: 133.746887 135.352875
[3]: 124.662880 125.978561
[3]: 119.311348 119.108917
[3]: 126.478355 127.657806
[3]: 129.069992 128.203644
[3]: 131.394196 132.660767
[3]: 129.731781 129.234131
[3]: 131.999146 131.750046
[3]: 132.334396 132.714172
[3]: 157.448456 155.685638
[3]: 123.244629 124.603302
[3]: 122.519539 122.442459
[3]: 126.777405 124.990410
[3]: 136.463089 136.959061
[3]: 132.624496 132.554504
[3]: 127.554581 128.384995
[3]: 130.022110 129.326920
[3]: 122.533325 120.673088
[3]: 129.245712 128.321609
[3]: 128.450562 128.891006
[3]: 128.054657 125.635117
[3]: 63.037838 64.354279
[3]: 129.782928 128.957504
[3]: 120.934601 117.774368
[3]: 125.955078 124.986511
[3]: 124.360016 121.671371
[2]: 128.185303 127.894775
[2]: 137.637619 136.264862
[2]: 141.129440 137.254089
[2]: 109.239059 113.327965
[2]: 142.721130 139.689117
[2]: 128.548798 126.364342
[2]: 130.310867 130.981094
[2]: 128.751907 128.233978
[2]: 144.490524 143.741364
[2]: 134.715485 136.178146
[2]: 111.682922 114.198883
[2]: 126.073181 130.096924
[2]: 124.588219 122.856323
[2]: 140.095032 141.394409
[2]: 132.609573 131.694214
[2]: 126.333519 125.654327
[2]: 139.117355 135.343277
[2]: 68.654793 68.268845
[2]: 127.506569 129.859833
[2]: 119.597565 117.726288
[2]: 130.261795 129.149658
[2]: 146.651489 144.983566
[2]: 146.333679 140.783249
[2]: 133.266144 136.607025
[2]: 121.031754 122.202629
[2]: 118.302406 115.770721
[2]: 130.481506 127.232552
[2]: 142.146133 141.488953
[2]: 116.769562 117.123810
[2]: 183.307724 187.028641
[2]: 112.301605 115.487915
[2]: 118.361809 115.701958
[2]: 127.190132 126.823853
[2]: 126.758362 119.795769
[1]: 125.772194 124.435265
[1]: 130.117783 126.022057
[1]: 137.710556 136.218262
[1]: 195.317596 195.582352
[1]: 129.470734 128.496063
[1]: 127.569199 127.885963
[1]: 125.758469 126.182396
[1]: 126.237656 126.707695
[1]: 138.819336 139.348587
[1]: 127.096458 128.695145
[1]: 120.024887 120.969055
[1]: 128.111969 129.116302
[1]: 130.487320 129.162750
[1]: 134.471512 133.181931
[1]: 134.756531 133.151993
[1]: 119.331627 118.258011
[1]: 134.405365 134.611816
[1]: 191.256027 191.817841
[1]: 131.008057 132.786499
[1]: 122.375671 122.490532
[1]: 126.178650 125.744560
[1]: 136.040314 135.743011
[1]: 140.631546 140.021667
[1]: 132.717834 134.113419
[1]: 129.002563 129.365189
[1]: 122.836472 119.186768
[1]: 123.577652 122.164551
[1]: 134.730789 136.165558
[1]: 127.392265 127.482735
[1]: 134.539505 131.550781
[1]: 120.866402 119.676590
[1]: 114.782661 117.413986
[1]: 125.766769 126.122925
[1]: 133.273468 130.843796
[0]: 123.732864 124.891190
[0]: 115.743904 117.632103
[0]: 113.585098 117.247887
[0]: 91.953194 91.521843
[0]: 112.436386 115.437042
[0]: 127.931633 129.795883
[0]: 120.882607 121.578682
[0]: 124.918282 123.861870
[0]: 104.373665 103.972305
[0]: 123.419785 121.032570
[0]: 152.454529 151.454742
[0]: 127.697609 124.158813
[0]: 128.612732 131.248230
[0]: 105.834686 105.238052
[0]: 116.843414 117.011108
[0]: 129.168655 130.063766
[0]: 113.538803 116.268654
[0]: 152.868912 155.970764
[0]: 127.041924 124.307205
[0]: 140.282455 141.321823
[0]: 124.135193 127.129501
[0]: 104.200737 105.662453
[0]: 101.930519 105.882210
[0]: 116.328484 112.333275
[0]: 126.489777 126.447815
[0]: 142.272095 147.295670
[0]: 125.415337 128.576889
[0]: 112.992302 112.386185
[0]: 137.252167 138.924698
[0]: 187.279633 185.904358
[0]: 144.572861 143.981277
[0]: 144.688461 146.401062
[0]: 128.067261 127.767845
[0]: 129.384277 137.356873
