[4]: 132.432159 133.699646
[4]: 126.836334 125.919876
[4]: 117.904129 116.472412
[4]: 173.930054 171.902405
[4]: 124.594322 127.835419
[4]: 126.765602 127.099098
[4]: 122.387993 122.848091
[4]: 126.389420 129.045410
[4]: 111.252876 115.363083
[4]: 123.659187 122.699249
[4]: 133.923080 136.101700
[4]: 128.397034 128.483978
[4]: 127.930695 128.571350
[4]: 122.162163 121.876503
[4]: 123.592026 123.776543
[4]: 132.753708 135.192596
[4]: 118.670052 121.067299
[4]: 67.263580 68.310982
[4]: 125.855522 126.097443
[4]: 131.628586 129.670044
[4]: 130.921097 128.692719
[4]: 113.843704 112.505783
[4]: 117.078583 116.604645
[4]: 123.219727 122.056511
[4]: 128.845459 126.977097
[4]: 137.093811 136.399689
[4]: 133.075012 135.177567
[4]: 118.086906 119.479576
[4]: 129.906662 131.727188
[4]: 74.227898 71.140022
[4]: 133.324158 134.519638
[4]: 140.945679 137.973557
[4]: 131.868683 131.285080
[4]: 128.115768 131.519638
[3]: 129.667557 126.338982
[3]: 129.926086 129.441299
[3]: 127.448074 127.991959
[3]: 60.540619 61.192242
[3]: 131.771637 130.813843
[3]: 126.479179 127.022949
[3]: 135.141663 134.960510
[3]: 130.633560 128.348190
[3]: 135.352875 134.298157
[3]: 125.978561 126.793083
[3]: 119.108917 116.165077
[3]: 127.657806 126.351234
[3]: 128.203644 127.719872
[3]: 132.660767 132.628311
[3]: 129.234131 128.631042
[3]: 131.750046 130.882919
[3]: 132.714172 133.398224
[3]: 155.685638 160.539337
[3]: 124.603302 123.418747
[3]: 122.442459 123.474243
[3]: 124.990410 126.836792
[3]: 136.959061 139.109116
[3]: 132.554504 132.482910
[3]: 128.384995 131.306671
[3]: 129.326920 131.381210
[3]: 120.673088 121.608566
[3]: 128.321609 126.501167
[3]: 128.891006 128.669373
[3]: 125.635117 124.755310
[3]: 64.354279 66.673744
[3]: 128.957504 129.469330
[3]: 117.774368 121.880112
[3]: 124.986511 125.778725
[3]: 121.671371 120.086563
[2]: 127.894775 127.295425
[2]: 136.264862 136.838821
[2]: 137.254089 136.362793
[2]: 113.327965 112.285126
[2]: 139.689117 136.495132
[2]: 126.364342 126.170219
[2]: 130.981094 128.405731
[2]: 128.233978 128.356766
[2]: 143.741364 140.106506
[2]: 136.178146 138.234177
[2]: 114.198883 113.864410
[2]: 130.096924 127.909897
[2]: 122.856323 123.187096
[2]: 141.394409 140.664948
[2]: 131.694214 133.279495
[2]: 125.654327 124.837784
[2]: 135.343277 133.195343
[2]: 68.268845 65.803787
[2]: 129.859833 129.970993
[2]: 117.726288 119.337349
[2]: 129.149658 131.489105
[2]: 144.983566 145.688889
[2]: 140.783249 142.169739
[2]: 136.607025 137.948654
[2]: 122.202629 124.531738
[2]: 115.770721 116.555511
[2]: 127.232552 125.212059
[2]: 141.488953 138.228149
[2]: 117.123810 115.315948
[2]: 187.028641 185.116486
[2]: 115.487915 115.903244
[2]: 115.701958 117.132973
[2]: 126.823853 127.308189
[2]: 119.795769 117.885887
[1]: 124.435265 127.112198
[1]: 126.022057 127.388031
[1]: 136.218262 137.698059
[1]: 195.582352 195.858200
[1]: 128.496063 126.946388
[1]: 127.885963 127.435043
[1]: 126.182396 126.132172
[1]: 126.707695 125.367912
[1]: 139.348587 136.873032
[1]: 128.695145 128.355164
[1]: 120.969055 120.150658
[1]: 129.116302 130.592773
[1]: 129.162750 128.519653
[1]: 133.181931 133.673737
[1]: 133.151993 133.336365
[1]: 118.258011 117.687645
[1]: 134.611816 133.815781
[1]: 191.817841 190.709015
[1]: 132.786499 133.946625
[1]: 122.490532 123.099998
[1]: 125.744560 126.130615
[1]: 135.743011 136.654236
[1]: 140.021667 139.659286
[1]: 134.113419 133.586166
[1]: 129.365189 128.336990
[1]: 119.186768 119.053299
[1]: 122.164551 121.311035
[1]: 136.165558 135.370392
[1]: 127.482735 125.796349
[1]: 131.550781 134.546768
[1]: 119.676590 119.159286
[1]: 117.413986 115.394638
[1]: 126.122925 126.418884
[1]: 130.843796 128.643661
[0]: 124.891190 124.784843
[0]: 117.632103 116.799461
[0]: 117.247887 117.338959
[0]: 91.521843 92.630592
[0]: 115.437042 117.885071
[0]: 129.795883 129.591782
[0]: 121.578682 124.080475
[0]: 123.861870 124.784325
[0]: 103.972305 106.929092
[0]: 121.032570 119.155647
[0]: 151.454742 154.096573
[0]: 124.158813 126.175484
[0]: 131.248230 131.528442
[0]: 105.238052 105.371239
[0]: 117.011108 115.328690
[0]: 130.063766 129.923965
[0]: 116.268654 115.901428
[0]: 155.970764 154.588821
[0]: 124.307205 123.856010
[0]: 141.321823 140.181305
[0]: 127.129501 124.490433
[0]: 105.662453 102.526619
[0]: 105.882210 104.933533
[0]: 112.333275 109.155212
[0]: 126.447815 124.821907
[0]: 147.295670 146.689667
[0]: 128.576889 131.451538
[0]: 112.386185 115.240128
[0]: 138.924698 142.023834
[0]: 185.904358 186.427704
[0]: 143.981277 142.576385
[0]: 146.401062 146.137283
[0]: 127.767845 126.642593
[0]: 137.356873 140.129288
