[4]: 133.657059 132.432159
[4]: 126.198471 126.836334
[4]: 116.502411 117.904129
[4]: 172.891525 173.930054
[4]: 126.534462 124.594322
[4]: 126.499016 126.765602
[4]: 122.132866 122.387993
[4]: 128.385330 126.389420
[4]: 113.362991 111.252876
[4]: 123.086525 123.659187
[4]: 134.777222 133.923080
[4]: 128.885056 128.397034
[4]: 129.196182 127.930695
[4]: 122.953819 122.162163
[4]: 125.124809 123.592026
[4]: 134.133179 132.753708
[4]: 120.226334 118.670052
[4]: 67.373489 67.263580
[4]: 125.263680 125.855522
[4]: 130.820877 131.628586
[4]: 129.987061 130.921097
[4]: 113.495224 113.843704
[4]: 117.023048 117.078583
[4]: 122.155205 123.219727
[4]: 127.575592 128.845459
[4]: 137.105789 137.093811
[4]: 135.452438 133.075012
[4]: 118.313255 118.086906
[4]: 130.650116 129.906662
[4]: 73.153946 74.227898
[4]: 134.060318 133.324158
[4]: 138.986740 140.945679
[4]: 131.951126 131.868683
[4]: 129.829407 128.115768
[3]: 127.141083 129.667557
[3]: 129.175293 129.926086
[3]: 127.601753 127.448074
[3]: 60.821186 60.540619
[3]: 131.827667 131.771637
[3]: 127.610420 126.479179
[3]: 135.449814 135.141663
[3]: 129.240921 130.633560
[3]: 134.633545 135.352875
[3]: 126.468170 125.978561
[3]: 117.405281 119.108917
[3]: 126.344818 127.657806
[3]: 127.209358 128.203644
[3]: 131.947113 132.660767
[3]: 128.574402 129.234131
[3]: 130.705338 131.750046
[3]: 133.125854 132.714172
[3]: 158.427780 155.685638
[3]: 124.081085 124.603302
[3]: 123.895714 122.442459
[3]: 125.920006 124.990410
[3]: 137.869705 136.959061
[3]: 131.605896 132.554504
[3]: 130.627991 128.384995
[3]: 130.477936 129.326920
[3]: 120.591049 120.673088
[3]: 126.122566 128.321609
[3]: 129.366379 128.891006
[3]: 125.589409 125.635117
[3]: 65.061165 64.354279
[3]: 129.034058 128.957504
[3]: 121.321770 117.774368
[3]: 125.748535 124.986511
[3]: 121.630890 121.671371
[2]: 126.692039 127.894775
[2]: 137.247742 136.264862
[2]: 136.772858 137.254089
[2]: 111.565689 113.327965
[2]: 138.517288 139.689117
[2]: 126.578468 126.364342
[2]: 129.219955 130.981094
[2]: 128.033066 128.233978
[2]: 141.776932 143.741364
[2]: 138.052078 136.178146
[2]: 114.089447 114.198883
[2]: 128.394775 130.096924
[2]: 122.303009 122.856323
[2]: 140.355957 141.394409
[2]: 131.578384 131.694214
[2]: 125.243591 125.654327
[2]: 133.877319 135.343277
[2]: 67.227936 68.268845
[2]: 130.755447 129.859833
[2]: 117.441177 117.726288
[2]: 131.007584 129.149658
[2]: 145.204849 144.983566
[2]: 141.940979 140.783249
[2]: 137.941376 136.607025
[2]: 123.664246 122.202629
[2]: 115.424248 115.770721
[2]: 125.178261 127.232552
[2]: 140.419128 141.488953
[2]: 116.510101 117.123810
[2]: 185.761917 187.028641
[2]: 115.451561 115.487915
[2]: 116.639488 115.701958
[2]: 126.280571 126.823853
[2]: 118.833878 119.795769
[1]: 126.256531 124.435265
[1]: 127.006996 126.022057
[1]: 137.323669 136.218262
[1]: 196.316757 195.582352
[1]: 127.211296 128.496063
[1]: 127.519661 127.885963
[1]: 126.467049 126.182396
[1]: 126.185112 126.707695
[1]: 137.759644 139.348587
[1]: 128.351105 128.695145
[1]: 120.228630 120.969055
[1]: 130.492844 129.116302
[1]: 128.426331 129.162750
[1]: 133.442963 133.181931
[1]: 132.890976 133.151993
[1]: 118.524864 118.258011
[1]: 133.753815 134.611816
[1]: 190.734848 191.817841
[1]: 133.337967 132.786499
[1]: 123.292816 122.490532
[1]: 125.712387 125.744560
[1]: 136.814972 135.743011
[1]: 139.717438 140.021667
[1]: 133.458740 134.113419
[1]: 128.845276 129.365189
[1]: 119.376907 119.186768
[1]: 121.498367 122.164551
[1]: 135.168945 136.165558
[1]: 126.359184 127.482735
[1]: 132.945129 131.550781
[1]: 118.836029 119.676590
[1]: 116.217590 117.413986
[1]: 125.873016 126.122925
[1]: 128.899292 130.843796
[0]: 125.595978 124.891190
[0]: 116.982391 117.632103
[0]: 117.878983 117.247887
[0]: 92.641502 91.521843
[0]: 115.921242 115.437042
[0]: 129.026459 129.795883
[0]: 123.117928 121.578682
[0]: 124.013313 123.861870
[0]: 106.297859 103.972305
[0]: 119.472816 121.032570
[0]: 153.406769 151.454742
[0]: 125.358238 124.158813
[0]: 132.379883 131.248230
[0]: 105.917030 105.238052
[0]: 116.440094 117.011108
[0]: 129.883270 130.063766
[0]: 116.632912 116.268654
[0]: 155.353180 155.970764
[0]: 123.924072 124.307205
[0]: 140.063477 141.321823
[0]: 125.145409 127.129501
[0]: 103.592026 105.662453
[0]: 106.007812 105.882210
[0]: 110.252258 112.333275
[0]: 125.546425 126.447815
[0]: 147.583435 147.295670
[0]: 131.351288 128.576889
[0]: 113.832603 112.386185
[0]: 140.094818 138.924698
[0]: 186.576309 185.904358
[0]: 144.130463 143.981277
[0]: 144.971054 146.401062
[0]: 127.679466 127.767845
[0]: 138.732025 137.356873
