[19]: 2000 10 11  0 20 OSCAR       7.1   4.6   65  547 1986 11 26 12 21 OSCAR       7.3   3.7   96  435
[18]: 2000 10 11  0 20 OSCAR       7.1   4.6   65  547 1976  7 18  0 20 ISAAC       7.0   6.5   30   85
[17]: 1994  7  1 18 28 RAFAEL      7.0   5.1   47  135 1988  4 10 18 10 PATTY       7.4   5.5   93  228
[16]: 1989  9  9  6 13 CHRIS       7.0   4.6   21  602 1962  8 20 18  7 LESLIE      7.4   4.2   27  298
[15]: 1985  9 28  0  6 FLORENCE    7.1   5.4   48  753 1981  6  2  0  9 FLORENCE    7.0   7.4   74  446
[14]: 1978 12  1  6  4 ALBERTO     7.1   4.7   21  674 1993  1 18  0 27 VALERIE     7.3   5.2   66  431
[13]: 1994  7  1 18 28 RAFAEL      7.0   5.1   47  135 2000  7 28  0 28 PATTY       7.0   6.2   37  236
[12]: 1994  7  1 18 28 RAFAEL      7.0   5.1   47  135 1995  1 14  0 16 MICHAEL     7.0   6.4   23  493
[10]: 1995  5 22  6 14 ERNESTO     7.1   4.9   53  190 1965  2 19  0  8 ALBERTO     7.1   7.3  119  888
[9]: 1989  9  9  6 13 CHRIS       7.0   4.6   21  602 2002  5  8  6 12 KIRK        7.2   2.8  112  375
[8]: 1978 12  1  6  4 ALBERTO     7.1   4.7   21  674 1977  3  1  0 10 HELENE      7.4   6.2  138  475
[7]: 1978 12  1  6  4 ALBERTO     7.1   4.7   21  674 1984  4 10  0  9 ALBERTO     7.5   6.0  115  292
[6]: 1989  9  9  6 13 CHRIS       7.0   4.6   21  602 1996  3 25  0 25 GORDON      7.3   6.0   74  683
[3]: 1987  5  9  6  7 PATTY       7.0   4.3   52  385 1973  3 18  6  3 PATTY       7.5   6.2   35  777
[2]: 1995  5 22  6 14 ERNESTO     7.1   4.9   53  190 2004 12 28  0  1 PATTY       7.1   6.1   94  198
[1]: 2000 10 11  0 20 OSCAR       7.1   4.6   65  547 1982  4 21 18 13 WILLIAM     7.4   3.1  145  182
[0]: 1995  5 22  6 14 ERNESTO     7.1   4.9   53  190 1995  8 20  6  7 GORDON      7.8   4.8   26  754
