[4]: 125.975975 132.432159
[4]: 127.256744 126.836334
[4]: 86.651398 117.904129
[4]: 126.240303 173.930054
[4]: 127.654266 124.594322
[4]: 169.591293 126.765602
[4]: 128.378372 122.387993
[4]: 129.890030 126.389420
[4]: 127.113724 111.252876
[4]: 125.993217 123.659187
[4]: 128.128006 133.923080
[4]: 127.414841 128.397034
[4]: 128.731445 127.930695
[4]: 126.523460 122.162163
[4]: 126.294731 123.592026
[4]: 127.758980 132.753708
[4]: 126.868156 118.670052
[4]: 127.905746 67.263580
[4]: 129.174622 125.855522
[4]: 127.264244 131.628586
[4]: 126.567276 130.921097
[4]: 124.865921 113.843704
[4]: 130.839508 117.078583
[4]: 127.179565 123.219727
[4]: 127.185951 128.845459
[4]: 127.622826 137.093811
[4]: 124.943253 133.075012
[4]: 124.627373 118.086906
[4]: 125.192101 129.906662
[4]: 127.714127 74.227898
[4]: 63.823944 133.324158
[4]: 125.687073 140.945679
[4]: 126.189941 131.868683
[4]: 172.806625 128.115768
[3]: 0.000000 129.667557
[3]: 0.000000 129.926086
[3]: 0.000000 127.448074
[3]: 0.000000 60.540619
[3]: 0.000000 131.771637
[3]: 0.000000 126.479179
[3]: 0.000000 135.141663
[3]: 0.000000 130.633560
[3]: 0.000000 135.352875
[3]: 0.000000 125.978561
[3]: 0.000000 119.108917
[3]: 0.000000 127.657806
[3]: 0.000000 128.203644
[3]: 0.000000 132.660767
[3]: 0.000000 129.234131
[3]: 0.000000 131.750046
[3]: 0.000000 132.714172
[3]: 0.000000 155.685638
[3]: 0.002631 124.603302
[3]: 0.018747 122.442459
[3]: 0.004276 124.990410
[3]: 0.010196 136.959061
[3]: 0.011018 132.554504
[3]: 0.018089 128.384995
[3]: 0.007976 129.326920
[3]: 0.000247 120.673088
[3]: 0.007565 128.321609
[3]: 0.010689 128.891006
[3]: 0.010936 125.635117
[3]: 0.002549 64.354279
[3]: 0.018829 128.957504
[3]: 0.017925 117.774368
[3]: 0.008962 124.986511
[3]: 0.013649 121.671371
[2]: 129.715652 127.894775
[2]: 128.232132 136.264862
[2]: 84.596634 137.254089
[2]: 127.955948 113.327965
[2]: 127.370171 139.689117
[2]: 171.203888 126.364342
[2]: 127.958229 130.981094
[2]: 124.164162 128.233978
[2]: 127.483444 143.741364
[2]: 128.881073 136.178146
[2]: 127.948242 114.198883
[2]: 128.015411 130.096924
[2]: 127.430267 122.856323
[2]: 127.046333 141.394409
[2]: 128.690872 131.694214
[2]: 128.284042 125.654327
[2]: 128.731216 135.343277
[2]: 127.374260 68.268845
[2]: 128.623306 129.859833
[2]: 126.792809 117.726288
[2]: 127.420280 129.149658
[2]: 129.232040 144.983566
[2]: 125.841896 140.783249
[2]: 128.018646 136.607025
[2]: 128.432785 122.202629
[2]: 126.178398 115.770721
[2]: 129.681274 127.232552
[2]: 129.004715 141.488953
[2]: 129.258240 117.123810
[2]: 128.560287 187.028641
[2]: 190.706528 115.487915
[2]: 127.831512 115.701958
[2]: 128.336975 126.823853
[2]: 169.137573 119.795769
[1]: 128.130661 124.435265
[1]: 126.904663 126.022057
[1]: 171.527237 136.218262
[1]: 126.554642 195.582352
[1]: 126.078194 128.496063
[1]: 85.780968 127.885963
[1]: 125.315735 126.182396
[1]: 127.561768 126.707695
[1]: 128.145966 139.348587
[1]: 127.203735 128.695145
[1]: 125.457619 120.969055
[1]: 127.818222 129.116302
[1]: 125.236984 129.162750
[1]: 129.225357 133.181931
[1]: 127.317177 133.151993
[1]: 127.924294 118.258011
[1]: 129.832474 134.611816
[1]: 127.315331 191.817841
[1]: 127.539093 132.786499
[1]: 126.908264 122.490532
[1]: 128.031158 125.744560
[1]: 127.840012 135.743011
[1]: 128.218948 140.021667
[1]: 125.074509 134.113419
[1]: 127.492310 129.365189
[1]: 128.959457 119.186768
[1]: 127.587326 122.164551
[1]: 127.368370 136.165558
[1]: 130.796432 127.482735
[1]: 131.542542 131.550781
[1]: 191.799957 119.676590
[1]: 128.300186 117.413986
[1]: 128.841049 126.122925
[1]: 85.498718 130.843796
[0]: 126.289940 124.891190
[0]: 128.605652 117.632103
[0]: 168.306503 117.247887
[0]: 127.337189 91.521843
[0]: 128.514236 115.437042
[0]: 83.706100 129.795883
[0]: 129.434875 121.578682
[0]: 125.691589 123.861870
[0]: 126.068893 103.972305
[0]: 127.601288 121.032570
[0]: 129.801071 151.454742
[0]: 127.784271 124.158813
[0]: 129.472839 131.248230
[0]: 126.400223 105.238052
[0]: 130.166412 117.011108
[0]: 125.806389 130.063766
[0]: 125.070404 116.268654
[0]: 127.249664 155.970764
[0]: 126.561882 124.307205
[0]: 128.019577 141.321823
[0]: 127.781494 127.129501
[0]: 128.781647 105.662453
[0]: 127.663048 105.882210
[0]: 129.135330 112.333275
[0]: 127.550545 126.447815
[0]: 126.144691 147.295670
[0]: 126.387299 128.576889
[0]: 127.201302 112.386185
[0]: 125.139458 138.924698
[0]: 124.251007 185.904358
[0]: 64.535721 143.981277
[0]: 127.119164 146.401062
[0]: 125.837868 127.767845
[0]: 84.366524 137.356873
