[4]: 132.773804 132.432159
[4]: 126.876785 126.836334
[4]: 117.792694 117.904129
[4]: 173.460846 173.930054
[4]: 124.845016 124.594322
[4]: 126.821068 126.765602
[4]: 122.186913 122.387993
[4]: 126.509209 126.389420
[4]: 111.301826 111.252876
[4]: 123.677704 123.659187
[4]: 133.829605 133.923080
[4]: 128.736984 128.397034
[4]: 128.247696 127.930695
[4]: 122.470482 122.162163
[4]: 124.386467 123.592026
[4]: 133.185562 132.753708
[4]: 118.578201 118.670052
[4]: 67.185013 67.263580
[4]: 125.254013 125.855522
[4]: 131.861771 131.628586
[4]: 130.535767 130.921097
[4]: 113.999924 113.843704
[4]: 117.450089 117.078583
[4]: 123.233307 123.219727
[4]: 128.741806 128.845459
[4]: 137.448517 137.093811
[4]: 133.458069 133.075012
[4]: 118.187309 118.086906
[4]: 130.795776 129.906662
[4]: 74.104401 74.227898
[4]: 133.493240 133.324158
[4]: 140.017227 140.945679
[4]: 132.300476 131.868683
[4]: 128.323090 128.115768
[3]: 129.022110 129.667557
[3]: 130.170288 129.926086
[3]: 127.065384 127.448074
[3]: 60.798782 60.540619
[3]: 132.050766 131.771637
[3]: 126.923843 126.479179
[3]: 135.342911 135.141663
[3]: 130.496643 130.633560
[3]: 135.389709 135.352875
[3]: 125.805420 125.978561
[3]: 118.179031 119.108917
[3]: 126.910873 127.657806
[3]: 127.765503 128.203644
[3]: 132.424545 132.660767
[3]: 128.571869 129.234131
[3]: 131.834167 131.750046
[3]: 133.178024 132.714172
[3]: 156.662247 155.685638
[3]: 124.621544 124.603302
[3]: 122.744102 122.442459
[3]: 124.854401 124.990410
[3]: 137.018204 136.959061
[3]: 132.150284 132.554504
[3]: 128.790497 128.384995
[3]: 129.196930 129.326920
[3]: 120.789177 120.673088
[3]: 128.045380 128.321609
[3]: 128.857529 128.891006
[3]: 125.704346 125.635117
[3]: 64.242851 64.354279
[3]: 129.163254 128.957504
[3]: 119.041634 117.774368
[3]: 124.869553 124.986511
[3]: 122.290894 121.671371
[2]: 127.290390 127.894775
[2]: 136.641083 136.264862
[2]: 137.379288 137.254089
[2]: 112.595322 113.327965
[2]: 139.671036 139.689117
[2]: 125.821182 126.364342
[2]: 130.732529 130.981094
[2]: 128.081863 128.233978
[2]: 143.460510 143.741364
[2]: 136.314117 136.178146
[2]: 114.475761 114.198883
[2]: 129.682129 130.096924
[2]: 122.655380 122.856323
[2]: 141.321213 141.394409
[2]: 132.073318 131.694214
[2]: 125.236885 125.654327
[2]: 134.786118 135.343277
[2]: 68.174110 68.268845
[2]: 130.451645 129.859833
[2]: 117.105583 117.726288
[2]: 129.934357 129.149658
[2]: 144.604507 144.983566
[2]: 140.920135 140.783249
[2]: 137.545959 136.607025
[2]: 122.602585 122.202629
[2]: 115.295906 115.770721
[2]: 127.000076 127.232552
[2]: 140.950882 141.488953
[2]: 116.853363 117.123810
[2]: 186.722778 187.028641
[2]: 115.544762 115.487915
[2]: 116.005028 115.701958
[2]: 126.730057 126.823853
[2]: 119.257172 119.795769
[1]: 124.791809 124.435265
[1]: 125.475624 126.022057
[1]: 136.326279 136.218262
[1]: 195.854614 195.582352
[1]: 128.131073 128.496063
[1]: 127.761719 127.885963
[1]: 126.566666 126.182396
[1]: 127.205704 126.707695
[1]: 139.266418 139.348587
[1]: 129.114594 128.695145
[1]: 121.260124 120.969055
[1]: 129.180511 129.116302
[1]: 129.029388 129.162750
[1]: 133.240067 133.181931
[1]: 133.128662 133.151993
[1]: 117.910133 118.258011
[1]: 134.795609 134.611816
[1]: 191.408920 191.817841
[1]: 132.867294 132.786499
[1]: 122.934074 122.490532
[1]: 125.846146 125.744560
[1]: 135.745392 135.743011
[1]: 139.486908 140.021667
[1]: 133.861771 134.113419
[1]: 129.334839 129.365189
[1]: 119.118477 119.186768
[1]: 121.710411 122.164551
[1]: 135.874527 136.165558
[1]: 126.530594 127.482735
[1]: 131.969910 131.550781
[1]: 119.500351 119.676590
[1]: 117.596207 117.413986
[1]: 125.839539 126.122925
[1]: 130.094147 130.843796
[0]: 125.472343 124.891190
[0]: 117.508965 117.632103
[0]: 117.522682 117.247887
[0]: 91.596092 91.521843
[0]: 115.272278 115.437042
[0]: 129.973328 129.795883
[0]: 121.441818 121.578682
[0]: 123.497986 123.861870
[0]: 104.253922 103.972305
[0]: 120.590431 121.032570
[0]: 151.999405 151.454742
[0]: 124.969131 124.158813
[0]: 131.749847 131.248230
[0]: 105.134720 105.238052
[0]: 116.466858 117.011108
[0]: 130.357681 130.063766
[0]: 116.249207 116.268654
[0]: 155.645737 155.970764
[0]: 124.192268 124.307205
[0]: 140.937485 141.321823
[0]: 126.730728 127.129501
[0]: 105.826859 105.662453
[0]: 106.322701 105.882210
[0]: 111.102219 112.333275
[0]: 126.290710 126.447815
[0]: 147.394562 147.295670
[0]: 129.215424 128.576889
[0]: 113.191833 112.386185
[0]: 139.236938 138.924698
[0]: 186.338654 185.904358
[0]: 143.749420 143.981277
[0]: 145.499191 146.401062
[0]: 127.824203 127.767845
[0]: 137.855927 137.356873
