[4]: 133.558304 132.432159
[4]: 126.372414 126.836334
[4]: 116.981926 117.904129
[4]: 172.915573 173.930054
[4]: 126.312645 124.594322
[4]: 126.311058 126.765602
[4]: 121.960129 122.387993
[4]: 127.748398 126.389420
[4]: 112.964485 111.252876
[4]: 123.049385 123.659187
[4]: 134.588669 133.923080
[4]: 128.911377 128.397034
[4]: 128.904327 127.930695
[4]: 122.767975 122.162163
[4]: 125.241776 123.592026
[4]: 134.358063 132.753708
[4]: 119.648590 118.670052
[4]: 67.191757 67.263580
[4]: 125.460243 125.855522
[4]: 130.723984 131.628586
[4]: 130.046692 130.921097
[4]: 113.776375 113.843704
[4]: 116.964012 117.078583
[4]: 122.170746 123.219727
[4]: 127.613716 128.845459
[4]: 136.919785 137.093811
[4]: 135.465790 133.075012
[4]: 117.827904 118.086906
[4]: 131.061432 129.906662
[4]: 73.211021 74.227898
[4]: 134.430679 133.324158
[4]: 139.274429 140.945679
[4]: 131.756409 131.868683
[4]: 129.754898 128.115768
[3]: 126.993675 129.667557
[3]: 129.212112 129.926086
[3]: 127.261436 127.448074
[3]: 60.795147 60.540619
[3]: 132.197433 131.771637
[3]: 127.531761 126.479179
[3]: 135.216553 135.141663
[3]: 129.804749 130.633560
[3]: 134.399796 135.352875
[3]: 126.346649 125.978561
[3]: 117.488609 119.108917
[3]: 126.365616 127.657806
[3]: 127.265488 128.203644
[3]: 132.170441 132.660767
[3]: 128.652496 129.234131
[3]: 130.579605 131.750046
[3]: 133.167862 132.714172
[3]: 158.262207 155.685638
[3]: 123.986893 124.603302
[3]: 124.026848 122.442459
[3]: 125.510925 124.990410
[3]: 137.580536 136.959061
[3]: 131.846497 132.554504
[3]: 130.586777 128.384995
[3]: 130.067581 129.326920
[3]: 120.826988 120.673088
[3]: 126.266815 128.321609
[3]: 129.501404 128.891006
[3]: 125.454422 125.635117
[3]: 64.971283 64.354279
[3]: 129.237167 128.957504
[3]: 121.284142 117.774368
[3]: 125.765022 124.986511
[3]: 121.585457 121.671371
[2]: 126.692566 127.894775
[2]: 137.089417 136.264862
[2]: 136.801575 137.254089
[2]: 111.765244 113.327965
[2]: 138.758942 139.689117
[2]: 126.593750 126.364342
[2]: 129.374374 130.981094
[2]: 128.049332 128.233978
[2]: 141.748825 143.741364
[2]: 137.795837 136.178146
[2]: 114.134674 114.198883
[2]: 128.529129 130.096924
[2]: 122.523392 122.856323
[2]: 140.330460 141.394409
[2]: 131.450317 131.694214
[2]: 125.168701 125.654327
[2]: 134.176834 135.343277
[2]: 67.430473 68.268845
[2]: 130.867874 129.859833
[2]: 117.081123 117.726288
[2]: 130.783966 129.149658
[2]: 144.984863 144.983566
[2]: 141.948685 140.783249
[2]: 138.217545 136.607025
[2]: 123.735435 122.202629
[2]: 115.364571 115.770721
[2]: 125.270622 127.232552
[2]: 140.746597 141.488953
[2]: 116.453743 117.123810
[2]: 185.766678 187.028641
[2]: 115.146545 115.487915
[2]: 116.907722 115.701958
[2]: 126.288628 126.823853
[2]: 119.073151 119.795769
[1]: 126.239067 124.435265
[1]: 126.493904 126.022057
[1]: 136.916397 136.218262
[1]: 196.403854 195.582352
[1]: 127.098824 128.496063
[1]: 127.579834 127.885963
[1]: 126.586510 126.182396
[1]: 126.591019 126.707695
[1]: 138.252045 139.348587
[1]: 128.902267 128.695145
[1]: 120.745399 120.969055
[1]: 130.315750 129.116302
[1]: 128.783157 129.162750
[1]: 133.503693 133.181931
[1]: 132.782684 133.151993
[1]: 118.358559 118.258011
[1]: 134.084305 134.611816
[1]: 190.668320 191.817841
[1]: 132.837158 132.786499
[1]: 123.280632 122.490532
[1]: 125.931549 125.744560
[1]: 136.526917 135.743011
[1]: 139.741592 140.021667
[1]: 133.315979 134.113419
[1]: 129.171707 129.365189
[1]: 119.558151 119.186768
[1]: 121.665604 122.164551
[1]: 135.112350 136.165558
[1]: 126.224068 127.482735
[1]: 132.484039 131.550781
[1]: 118.353973 119.676590
[1]: 116.009865 117.413986
[1]: 125.920441 126.122925
[1]: 129.258804 130.843796
[0]: 125.915199 124.891190
[0]: 117.467171 117.632103
[0]: 118.085655 117.247887
[0]: 92.654449 91.521843
[0]: 115.591110 115.437042
[0]: 129.230103 129.795883
[0]: 123.229507 121.578682
[0]: 123.620377 123.861870
[0]: 106.379280 103.972305
[0]: 119.275169 121.032570
[0]: 152.959747 151.454742
[0]: 125.363831 124.158813
[0]: 132.019394 131.248230
[0]: 105.790146 105.238052
[0]: 116.469742 117.011108
[0]: 130.074585 130.063766
[0]: 116.476357 116.268654
[0]: 155.393951 155.970764
[0]: 124.233971 124.307205
[0]: 140.460907 141.321823
[0]: 125.536003 127.129501
[0]: 104.058189 105.662453
[0]: 105.697708 105.882210
[0]: 110.098877 112.333275
[0]: 125.526390 126.447815
[0]: 147.457306 147.295670
[0]: 130.935455 128.576889
[0]: 113.852715 112.386185
[0]: 140.042145 138.924698
[0]: 186.762772 185.904358
[0]: 144.414474 143.981277
[0]: 144.716675 146.401062
[0]: 127.836151 127.767845
[0]: 138.237488 137.356873
