[4]: 133.518387 132.432159
[4]: 126.315125 126.836334
[4]: 116.833504 117.904129
[4]: 172.732712 173.930054
[4]: 126.380112 124.594322
[4]: 126.295753 126.765602
[4]: 122.200966 122.387993
[4]: 127.860619 126.389420
[4]: 113.214561 111.252876
[4]: 123.070206 123.659187
[4]: 134.696106 133.923080
[4]: 128.942047 128.397034
[4]: 128.979843 127.930695
[4]: 122.788361 122.162163
[4]: 125.192825 123.592026
[4]: 134.445328 132.753708
[4]: 120.116531 118.670052
[4]: 67.278679 67.263580
[4]: 125.364220 125.855522
[4]: 130.796906 131.628586
[4]: 129.937225 130.921097
[4]: 113.611588 113.843704
[4]: 117.148552 117.078583
[4]: 121.964500 123.219727
[4]: 127.652618 128.845459
[4]: 136.994385 137.093811
[4]: 135.437820 133.075012
[4]: 118.031700 118.086906
[4]: 130.899048 129.906662
[4]: 73.065460 74.227898
[4]: 134.329910 133.324158
[4]: 139.219788 140.945679
[4]: 131.964981 131.868683
[4]: 129.875320 128.115768
[3]: 126.904694 129.667557
[3]: 129.149826 129.926086
[3]: 127.331459 127.448074
[3]: 60.873421 60.540619
[3]: 132.220016 131.771637
[3]: 127.483856 126.479179
[3]: 135.040634 135.141663
[3]: 129.763062 130.633560
[3]: 134.358521 135.352875
[3]: 126.206985 125.978561
[3]: 117.228127 119.108917
[3]: 126.349632 127.657806
[3]: 127.336296 128.203644
[3]: 132.163788 132.660767
[3]: 128.762909 129.234131
[3]: 130.389252 131.750046
[3]: 132.977615 132.714172
[3]: 158.655746 155.685638
[3]: 123.996956 124.603302
[3]: 124.050850 122.442459
[3]: 125.670799 124.990410
[3]: 137.751358 136.959061
[3]: 131.764862 132.554504
[3]: 130.711746 128.384995
[3]: 130.205658 129.326920
[3]: 120.840431 120.673088
[3]: 126.165810 128.321609
[3]: 129.597183 128.891006
[3]: 125.358292 125.635117
[3]: 65.208313 64.354279
[3]: 129.076828 128.957504
[3]: 121.281700 117.774368
[3]: 125.739044 124.986511
[3]: 121.562004 121.671371
[2]: 126.728157 127.894775
[2]: 137.180328 136.264862
[2]: 136.751770 137.254089
[2]: 111.681404 113.327965
[2]: 138.555252 139.689117
[2]: 126.559082 126.364342
[2]: 129.145859 130.981094
[2]: 128.071976 128.233978
[2]: 141.756882 143.741364
[2]: 138.004547 136.178146
[2]: 114.111946 114.198883
[2]: 128.399582 130.096924
[2]: 122.359772 122.856323
[2]: 140.429184 141.394409
[2]: 131.516556 131.694214
[2]: 125.283173 125.654327
[2]: 133.797821 135.343277
[2]: 67.183594 68.268845
[2]: 130.713715 129.859833
[2]: 117.439880 117.726288
[2]: 131.087524 129.149658
[2]: 145.007812 144.983566
[2]: 141.885422 140.783249
[2]: 138.188461 136.607025
[2]: 123.793587 122.202629
[2]: 115.524696 115.770721
[2]: 125.280937 127.232552
[2]: 140.517670 141.488953
[2]: 116.385223 117.123810
[2]: 185.738205 187.028641
[2]: 115.515602 115.487915
[2]: 116.687546 115.701958
[2]: 126.236572 126.823853
[2]: 118.829651 119.795769
[1]: 126.379318 124.435265
[1]: 126.717575 126.022057
[1]: 137.157471 136.218262
[1]: 196.441605 195.582352
[1]: 127.196342 128.496063
[1]: 127.738106 127.885963
[1]: 126.737556 126.182396
[1]: 126.328072 126.707695
[1]: 138.095718 139.348587
[1]: 128.634766 128.695145
[1]: 120.629318 120.969055
[1]: 130.337402 129.116302
[1]: 128.557159 129.162750
[1]: 133.504974 133.181931
[1]: 132.589584 133.151993
[1]: 118.439270 118.258011
[1]: 134.053894 134.611816
[1]: 190.571457 191.817841
[1]: 133.150238 132.786499
[1]: 123.151321 122.490532
[1]: 125.906532 125.744560
[1]: 136.810577 135.743011
[1]: 139.625275 140.021667
[1]: 133.575348 134.113419
[1]: 128.939346 129.365189
[1]: 119.410263 119.186768
[1]: 121.626907 122.164551
[1]: 135.201324 136.165558
[1]: 126.492302 127.482735
[1]: 132.807312 131.550781
[1]: 118.470917 119.676590
[1]: 116.033516 117.413986
[1]: 125.816956 126.122925
[1]: 129.145721 130.843796
[0]: 125.841614 124.891190
[0]: 117.254379 117.632103
[0]: 117.997505 117.247887
[0]: 92.727310 91.521843
[0]: 115.604500 115.437042
[0]: 129.166473 129.795883
[0]: 123.247849 121.578682
[0]: 123.803108 123.861870
[0]: 106.357254 103.972305
[0]: 119.495964 121.032570
[0]: 153.276993 151.454742
[0]: 125.461670 124.158813
[0]: 132.281540 131.248230
[0]: 105.673515 105.238052
[0]: 116.545380 117.011108
[0]: 129.946289 130.063766
[0]: 116.639397 116.268654
[0]: 155.406921 155.970764
[0]: 124.161140 124.307205
[0]: 140.103043 141.321823
[0]: 125.173943 127.129501
[0]: 103.746391 105.662453
[0]: 105.814888 105.882210
[0]: 109.941299 112.333275
[0]: 125.517876 126.447815
[0]: 147.330963 147.295670
[0]: 131.082245 128.576889
[0]: 113.708580 112.386185
[0]: 140.092728 138.924698
[0]: 186.696030 185.904358
[0]: 144.148682 143.981277
[0]: 144.956421 146.401062
[0]: 127.794518 127.767845
[0]: 138.515381 137.356873
