[19]: 2000 10 11  0 20 OSCAR       7.1   4.6   65  547 1995  5 22  6 14 ERNESTO     7.1   4.9   53  190
[18]: 2000 10 11  0 20 OSCAR       7.1   4.6   65  547 1983  6 22  0 14 GORDON      7.1   5.8  130  838
[17]: 1994  7  1 18 28 RAFAEL      7.0   5.1   47  135 1983  6 22  0 14 GORDON      7.1   5.8  130  838
[16]: 1989  9  9  6 13 CHRIS       7.0   4.6   21  602 1978 12  1  6  4 ALBERTO     7.1   4.7   21  674
[15]: 1985  9 28  0  6 FLORENCE    7.1   5.4   48  753 1989  9  9  6 13 CHRIS       7.0   4.6   21  602
[14]: 1978 12  1  6  4 ALBERTO     7.1   4.7   21  674 1989  9  9  6 13 CHRIS       7.0   4.6   21  602
[13]: 1994  7  1 18 28 RAFAEL      7.0   5.1   47  135 1988  9 19 12  3 LESLIE      7.1   6.0   62  879
[12]: 1994  7  1 18 28 RAFAEL      7.0   5.1   47  135 2000 10 11  0 20 OSCAR       7.1   4.6   65  547
[9]: 1989  9  9  6 13 CHRIS       7.0   4.6   21  602 1994  7  1 18 28 RAFAEL      7.0   5.1   47  135
[7]: 1978 12  1  6  4 ALBERTO     7.1   4.7   21  674 1994  7  1 18 28 RAFAEL      7.0   5.1   47  135
[2]: 1995  5 22  6 14 ERNESTO     7.1   4.9   53  190 1994  7  1 18 28 RAFAEL      7.0   5.1   47  135
[1]: 2000 10 11  0 20 OSCAR       7.1   4.6   65  547 1978 12  1  6  4 ALBERTO     7.1   4.7   21  674
[0]: 1995  5 22  6 14 ERNESTO     7.1   4.9   53  190 1985  9 28  0  6 FLORENCE    7.1   5.4   48  753
