[4]: 132.432159 133.407806
[4]: 126.836334 126.390503
[4]: 117.904129 116.314270
[4]: 173.930054 173.406311
[4]: 124.594322 126.559013
[4]: 126.765602 125.675064
[4]: 122.387993 122.087372
[4]: 126.389420 128.022125
[4]: 111.252876 113.047478
[4]: 123.659187 123.003952
[4]: 133.923080 135.139984
[4]: 128.397034 128.716309
[4]: 127.930695 128.916412
[4]: 122.162163 123.001740
[4]: 123.592026 124.898170
[4]: 132.753708 133.811417
[4]: 118.670052 120.055931
[4]: 67.263580 67.968002
[4]: 125.855522 125.275955
[4]: 131.628586 130.503952
[4]: 130.921097 130.304871
[4]: 113.843704 113.688026
[4]: 117.078583 116.674911
[4]: 123.219727 122.032387
[4]: 128.845459 127.438461
[4]: 137.093811 136.724594
[4]: 133.075012 134.959152
[4]: 118.086906 118.369331
[4]: 129.906662 131.193390
[4]: 74.227898 72.960976
[4]: 133.324158 134.795944
[4]: 140.945679 138.795074
[4]: 131.868683 131.808502
[4]: 128.115768 129.513504
[3]: 129.667557 127.226051
[3]: 129.926086 129.582520
[3]: 127.448074 127.773949
[3]: 60.540619 60.876232
[3]: 131.771637 131.553680
[3]: 126.479179 127.650337
[3]: 135.141663 135.704407
[3]: 130.633560 129.187134
[3]: 135.352875 134.723938
[3]: 125.978561 126.287392
[3]: 119.108917 117.035080
[3]: 127.657806 126.800362
[3]: 128.203644 127.167061
[3]: 132.660767 132.037430
[3]: 129.234131 128.597977
[3]: 131.750046 131.305511
[3]: 132.714172 132.915527
[3]: 155.685638 158.365921
[3]: 124.603302 123.953506
[3]: 122.442459 123.326378
[3]: 124.990410 125.677452
[3]: 136.959061 137.647522
[3]: 132.554504 131.467880
[3]: 128.384995 129.879349
[3]: 129.326920 130.852249
[3]: 120.673088 120.995003
[3]: 128.321609 126.772774
[3]: 128.891006 129.209091
[3]: 125.635117 125.532509
[3]: 64.354279 65.046417
[3]: 128.957504 129.186676
[3]: 117.774368 120.883812
[3]: 124.986511 125.599236
[3]: 121.671371 121.611580
[2]: 127.894775 126.570862
[2]: 136.264862 136.642792
[2]: 137.254089 137.071060
[2]: 113.327965 110.895004
[2]: 139.689117 138.842987
[2]: 126.364342 127.450493
[2]: 130.981094 129.282486
[2]: 128.233978 128.720383
[2]: 143.741364 142.330444
[2]: 136.178146 138.091049
[2]: 114.198883 114.495338
[2]: 130.096924 128.416153
[2]: 122.856323 123.188797
[2]: 141.394409 139.780777
[2]: 131.694214 132.103958
[2]: 125.654327 125.870865
[2]: 135.343277 133.674103
[2]: 68.268845 66.687965
[2]: 129.859833 130.708603
[2]: 117.726288 118.278419
[2]: 129.149658 131.051697
[2]: 144.983566 144.667572
[2]: 140.783249 142.807770
[2]: 136.607025 138.266632
[2]: 122.202629 124.437668
[2]: 115.770721 116.474388
[2]: 127.232552 125.377998
[2]: 141.488953 139.678650
[2]: 117.123810 116.215408
[2]: 187.028641 185.474869
[2]: 115.487915 114.443161
[2]: 115.701958 117.827209
[2]: 126.823853 126.146896
[2]: 119.795769 119.981201
[1]: 124.435265 126.611198
[1]: 126.022057 126.992546
[1]: 136.218262 137.274887
[1]: 195.582352 195.931122
[1]: 128.496063 127.600555
[1]: 127.885963 127.483459
[1]: 126.182396 126.589142
[1]: 126.707695 125.959152
[1]: 139.348587 137.704376
[1]: 128.695145 128.750809
[1]: 120.969055 120.150024
[1]: 129.116302 130.123932
[1]: 129.162750 128.454651
[1]: 133.181931 133.797562
[1]: 133.151993 133.003571
[1]: 118.258011 117.911087
[1]: 134.611816 134.318756
[1]: 191.817841 190.517776
[1]: 132.786499 133.242432
[1]: 122.490532 123.094971
[1]: 125.744560 125.950539
[1]: 135.743011 136.871094
[1]: 140.021667 139.822723
[1]: 134.113419 133.643341
[1]: 129.365189 128.831421
[1]: 119.186768 118.687996
[1]: 122.164551 121.565926
[1]: 136.165558 136.120667
[1]: 127.482735 126.179611
[1]: 131.550781 133.538910
[1]: 119.676590 118.612366
[1]: 117.413986 115.620827
[1]: 126.122925 126.066162
[1]: 130.843796 128.833664
[0]: 124.891190 125.514771
[0]: 117.632103 116.940063
[0]: 117.247887 117.558685
[0]: 91.521843 93.084908
[0]: 115.437042 115.353050
[0]: 129.795883 128.983810
[0]: 121.578682 122.666664
[0]: 123.861870 123.967880
[0]: 103.972305 105.893051
[0]: 121.032570 119.222420
[0]: 151.454742 153.180923
[0]: 124.158813 125.416344
[0]: 131.248230 131.769913
[0]: 105.238052 105.895119
[0]: 117.011108 115.922157
[0]: 130.063766 129.601227
[0]: 116.268654 116.588394
[0]: 155.970764 155.742706
[0]: 124.307205 124.182037
[0]: 141.321823 140.416168
[0]: 127.129501 124.741844
[0]: 105.662453 104.018517
[0]: 105.882210 105.372772
[0]: 112.333275 110.573067
[0]: 126.447815 124.467926
[0]: 147.295670 147.280380
[0]: 128.576889 130.908890
[0]: 112.386185 113.605698
[0]: 138.924698 140.148804
[0]: 185.904358 186.383881
[0]: 143.981277 144.587616
[0]: 146.401062 145.132614
[0]: 127.767845 127.938004
[0]: 137.356873 137.982178
