[4]: 132.533630 132.432159
[4]: 126.897552 126.836334
[4]: 117.929718 117.904129
[4]: 173.630615 173.930054
[4]: 124.994530 124.594322
[4]: 126.880592 126.765602
[4]: 121.998497 122.387993
[4]: 126.522545 126.389420
[4]: 111.505188 111.252876
[4]: 123.625786 123.659187
[4]: 133.749542 133.923080
[4]: 128.523331 128.397034
[4]: 128.098083 127.930695
[4]: 122.249825 122.162163
[4]: 124.051102 123.592026
[4]: 133.434113 132.753708
[4]: 118.631882 118.670052
[4]: 67.160919 67.263580
[4]: 125.457176 125.855522
[4]: 131.981461 131.628586
[4]: 130.510895 130.921097
[4]: 113.988831 113.843704
[4]: 117.176216 117.078583
[4]: 123.246811 123.219727
[4]: 128.716736 128.845459
[4]: 137.490845 137.093811
[4]: 133.379044 133.075012
[4]: 118.169319 118.086906
[4]: 130.585846 129.906662
[4]: 74.084068 74.227898
[4]: 133.492584 133.324158
[4]: 140.309250 140.945679
[4]: 132.035660 131.868683
[4]: 128.363922 128.115768
[3]: 129.487961 129.667557
[3]: 129.882584 129.926086
[3]: 127.279938 127.448074
[3]: 60.782444 60.540619
[3]: 132.043549 131.771637
[3]: 126.767273 126.479179
[3]: 135.131409 135.141663
[3]: 130.739990 130.633560
[3]: 134.650558 135.352875
[3]: 125.792763 125.978561
[3]: 118.459816 119.108917
[3]: 127.193794 127.657806
[3]: 128.160095 128.203644
[3]: 132.520950 132.660767
[3]: 128.828873 129.234131
[3]: 131.637115 131.750046
[3]: 132.915497 132.714172
[3]: 156.402588 155.685638
[3]: 124.390793 124.603302
[3]: 122.805580 122.442459
[3]: 125.014778 124.990410
[3]: 136.790176 136.959061
[3]: 132.469910 132.554504
[3]: 128.658295 128.384995
[3]: 129.045578 129.326920
[3]: 120.572235 120.673088
[3]: 128.199493 128.321609
[3]: 128.977493 128.891006
[3]: 125.469513 125.635117
[3]: 64.159004 64.354279
[3]: 129.124924 128.957504
[3]: 118.502892 117.774368
[3]: 124.928940 124.986511
[3]: 121.756882 121.671371
[2]: 127.512100 127.894775
[2]: 136.550934 136.264862
[2]: 137.151627 137.254089
[2]: 112.783577 113.327965
[2]: 139.646164 139.689117
[2]: 125.844688 126.364342
[2]: 130.630341 130.981094
[2]: 128.171448 128.233978
[2]: 143.564987 143.741364
[2]: 136.407532 136.178146
[2]: 114.319565 114.198883
[2]: 130.101944 130.096924
[2]: 122.647278 122.856323
[2]: 141.407928 141.394409
[2]: 131.929291 131.694214
[2]: 125.201729 125.654327
[2]: 134.689301 135.343277
[2]: 68.180794 68.268845
[2]: 130.278900 129.859833
[2]: 116.945671 117.726288
[2]: 129.731003 129.149658
[2]: 144.667572 144.983566
[2]: 140.864746 140.783249
[2]: 137.384750 136.607025
[2]: 122.418152 122.202629
[2]: 115.335304 115.770721
[2]: 127.282097 127.232552
[2]: 141.138214 141.488953
[2]: 116.946152 117.123810
[2]: 186.699615 187.028641
[2]: 115.265076 115.487915
[2]: 115.845810 115.701958
[2]: 126.522331 126.823853
[2]: 119.224815 119.795769
[1]: 124.614822 124.435265
[1]: 125.622826 126.022057
[1]: 136.153900 136.218262
[1]: 195.793350 195.582352
[1]: 128.189560 128.496063
[1]: 127.734932 127.885963
[1]: 126.567825 126.182396
[1]: 127.099289 126.707695
[1]: 139.454788 139.348587
[1]: 128.977081 128.695145
[1]: 121.216286 120.969055
[1]: 129.150253 129.116302
[1]: 128.990982 129.162750
[1]: 133.102707 133.181931
[1]: 133.208282 133.151993
[1]: 117.948723 118.258011
[1]: 134.639923 134.611816
[1]: 191.439789 191.817841
[1]: 133.114197 132.786499
[1]: 122.735703 122.490532
[1]: 125.715736 125.744560
[1]: 135.876938 135.743011
[1]: 139.686996 140.021667
[1]: 133.773697 134.113419
[1]: 129.576828 129.365189
[1]: 119.086311 119.186768
[1]: 121.807877 122.164551
[1]: 135.757538 136.165558
[1]: 126.837013 127.482735
[1]: 131.957275 131.550781
[1]: 119.548790 119.676590
[1]: 117.666794 117.413986
[1]: 125.957428 126.122925
[1]: 130.181641 130.843796
[0]: 125.203712 124.891190
[0]: 117.772522 117.632103
[0]: 117.574715 117.247887
[0]: 91.421356 91.521843
[0]: 115.120110 115.437042
[0]: 130.073685 129.795883
[0]: 121.997604 121.578682
[0]: 123.251663 123.861870
[0]: 104.556076 103.972305
[0]: 120.723373 121.032570
[0]: 151.926315 151.454742
[0]: 124.484695 124.158813
[0]: 131.516663 131.248230
[0]: 105.387245 105.238052
[0]: 116.638657 117.011108
[0]: 130.316971 130.063766
[0]: 116.766197 116.268654
[0]: 155.615997 155.970764
[0]: 124.137291 124.307205
[0]: 141.095825 141.321823
[0]: 126.953835 127.129501
[0]: 105.915199 105.662453
[0]: 106.146606 105.882210
[0]: 111.541458 112.333275
[0]: 126.419899 126.447815
[0]: 147.540176 147.295670
[0]: 128.738754 128.576889
[0]: 113.027443 112.386185
[0]: 139.251236 138.924698
[0]: 186.121567 185.904358
[0]: 144.006500 143.981277
[0]: 145.839722 146.401062
[0]: 128.148407 127.767845
[0]: 138.294403 137.356873
