[4]: 134.813492 132.432159
[4]: 126.319969 126.836334
[4]: 116.239403 117.904129
[4]: 173.254272 173.930054
[4]: 127.577484 124.594322
[4]: 126.385201 126.765602
[4]: 122.055344 122.387993
[4]: 128.331039 126.389420
[4]: 113.406860 111.252876
[4]: 122.261147 123.659187
[4]: 135.230392 133.923080
[4]: 128.897766 128.397034
[4]: 128.638763 127.930695
[4]: 122.590927 122.162163
[4]: 124.677338 123.592026
[4]: 134.186981 132.753708
[4]: 119.634804 118.670052
[4]: 68.185165 67.263580
[4]: 125.760437 125.855522
[4]: 130.837372 131.628586
[4]: 129.439987 130.921097
[4]: 113.399666 113.843704
[4]: 116.057243 117.078583
[4]: 122.189835 123.219727
[4]: 126.099144 128.845459
[4]: 136.436905 137.093811
[4]: 134.719330 133.075012
[4]: 118.303131 118.086906
[4]: 132.102386 129.906662
[4]: 72.757431 74.227898
[4]: 135.489563 133.324158
[4]: 137.781860 140.945679
[4]: 131.411377 131.868683
[4]: 128.979919 128.115768
[3]: 126.142509 129.667557
[3]: 129.206558 129.926086
[3]: 127.550644 127.448074
[3]: 60.898708 60.540619
[3]: 130.660583 131.771637
[3]: 127.322891 126.479179
[3]: 135.234604 135.141663
[3]: 129.191910 130.633560
[3]: 134.622330 135.352875
[3]: 126.941872 125.978561
[3]: 116.753548 119.108917
[3]: 126.022827 127.657806
[3]: 127.271698 128.203644
[3]: 132.076431 132.660767
[3]: 128.891464 129.234131
[3]: 131.073166 131.750046
[3]: 133.052048 132.714172
[3]: 158.697281 155.685638
[3]: 123.243492 124.603302
[3]: 123.474678 122.442459
[3]: 126.646797 124.990410
[3]: 138.386703 136.959061
[3]: 132.105347 132.554504
[3]: 130.087418 128.384995
[3]: 131.459717 129.326920
[3]: 121.191681 120.673088
[3]: 126.887329 128.321609
[3]: 129.130356 128.891006
[3]: 125.314011 125.635117
[3]: 65.453720 64.354279
[3]: 128.770447 128.957504
[3]: 121.878448 117.774368
[3]: 125.877121 124.986511
[3]: 121.734459 121.671371
[2]: 125.938019 127.894775
[2]: 136.445892 136.264862
[2]: 137.209732 137.254089
[2]: 111.271881 113.327965
[2]: 137.906662 139.689117
[2]: 127.006126 126.364342
[2]: 129.875961 130.981094
[2]: 127.860916 128.233978
[2]: 141.471588 143.741364
[2]: 138.282776 136.178146
[2]: 114.658417 114.198883
[2]: 128.065170 130.096924
[2]: 123.972153 122.856323
[2]: 139.648392 141.394409
[2]: 132.268143 131.694214
[2]: 125.706718 125.654327
[2]: 133.943024 135.343277
[2]: 66.147758 68.268845
[2]: 130.082275 129.859833
[2]: 118.100258 117.726288
[2]: 131.578049 129.149658
[2]: 144.794952 144.983566
[2]: 143.318192 140.783249
[2]: 138.331558 136.607025
[2]: 125.256126 122.202629
[2]: 116.334183 115.770721
[2]: 125.478600 127.232552
[2]: 139.666931 141.488953
[2]: 115.668762 117.123810
[2]: 185.127792 187.028641
[2]: 114.317314 115.487915
[2]: 118.672501 115.701958
[2]: 126.793526 126.823853
[2]: 120.126274 119.795769
[1]: 125.984352 124.435265
[1]: 127.604843 126.022057
[1]: 138.022568 136.218262
[1]: 196.010117 195.582352
[1]: 127.408234 128.496063
[1]: 127.294830 127.885963
[1]: 126.972450 126.182396
[1]: 125.633873 126.707695
[1]: 137.596512 139.348587
[1]: 128.360916 128.695145
[1]: 119.966301 120.969055
[1]: 130.695755 129.116302
[1]: 128.739883 129.162750
[1]: 134.082108 133.181931
[1]: 132.771484 133.151993
[1]: 117.747429 118.258011
[1]: 134.558533 134.611816
[1]: 190.429871 191.817841
[1]: 133.930344 132.786499
[1]: 123.194275 122.490532
[1]: 126.563515 125.744560
[1]: 136.345184 135.743011
[1]: 139.420303 140.021667
[1]: 134.054489 134.113419
[1]: 129.593170 129.365189
[1]: 119.091217 119.186768
[1]: 121.581650 122.164551
[1]: 135.930725 136.165558
[1]: 125.442635 127.482735
[1]: 133.709442 131.550781
[1]: 118.714432 119.676590
[1]: 115.486298 117.413986
[1]: 125.673256 126.122925
[1]: 128.613251 130.843796
[0]: 126.563606 124.891190
[0]: 116.937508 117.632103
[0]: 116.902084 117.247887
[0]: 93.142128 91.521843
[0]: 116.418633 115.437042
[0]: 129.261505 129.795883
[0]: 122.114548 121.578682
[0]: 124.903381 123.861870
[0]: 106.615326 103.972305
[0]: 119.513878 121.032570
[0]: 153.481812 151.454742
[0]: 125.832443 124.158813
[0]: 130.806763 131.248230
[0]: 106.090073 105.238052
[0]: 115.909065 117.011108
[0]: 129.780807 130.063766
[0]: 116.315720 116.268654
[0]: 155.943207 155.970764
[0]: 124.372604 124.307205
[0]: 140.000000 141.321823
[0]: 123.360283 127.129501
[0]: 103.895966 105.662453
[0]: 105.203156 105.882210
[0]: 109.619461 112.333275
[0]: 123.519913 126.447815
[0]: 147.120148 147.295670
[0]: 130.916565 128.576889
[0]: 113.968193 112.386185
[0]: 140.840286 138.924698
[0]: 186.485611 185.904358
[0]: 144.326324 143.981277
[0]: 144.398987 146.401062
[0]: 127.806244 127.767845
[0]: 138.558014 137.356873
