[4]: 133.874146 132.432159
[4]: 124.570908 126.836334
[4]: 116.537491 117.904129
[4]: 175.835587 173.930054
[4]: 124.332382 124.594322
[4]: 125.785812 126.765602
[4]: 123.482185 122.387993
[4]: 125.884964 126.389420
[4]: 112.078293 111.252876
[4]: 126.322273 123.659187
[4]: 135.974564 133.923080
[4]: 131.194122 128.397034
[4]: 125.702454 127.930695
[4]: 121.877693 122.162163
[4]: 120.851860 123.592026
[4]: 131.115189 132.753708
[4]: 118.246819 118.670052
[4]: 68.263412 67.263580
[4]: 128.176498 125.855522
[4]: 131.252670 131.628586
[4]: 129.670456 130.921097
[4]: 113.059731 113.843704
[4]: 114.240814 117.078583
[4]: 124.879669 123.219727
[4]: 129.859528 128.845459
[4]: 133.116699 137.093811
[4]: 130.937027 133.075012
[4]: 118.735321 118.086906
[4]: 128.874695 129.906662
[4]: 75.150032 74.227898
[4]: 133.742203 133.324158
[4]: 140.083664 140.945679
[4]: 130.607727 131.868683
[4]: 124.722443 128.115768
[3]: 127.375809 129.667557
[3]: 128.921585 129.926086
[3]: 127.301598 127.448074
[3]: 61.320419 60.540619
[3]: 130.446747 131.771637
[3]: 127.221161 126.479179
[3]: 135.534653 135.141663
[3]: 130.062775 130.633560
[3]: 134.141113 135.352875
[3]: 124.234070 125.978561
[3]: 119.268921 119.108917
[3]: 126.521507 127.657806
[3]: 129.414398 128.203644
[3]: 132.166779 132.660767
[3]: 130.049789 129.234131
[3]: 132.396271 131.750046
[3]: 131.958694 132.714172
[3]: 157.341431 155.685638
[3]: 123.919174 124.603302
[3]: 122.560791 122.442459
[3]: 127.200546 124.990410
[3]: 137.382187 136.959061
[3]: 133.295609 132.554504
[3]: 127.475380 128.384995
[3]: 129.544067 129.326920
[3]: 122.613228 120.673088
[3]: 128.004898 128.321609
[3]: 129.169037 128.891006
[3]: 127.799530 125.635117
[3]: 63.483315 64.354279
[3]: 130.016571 128.957504
[3]: 120.447998 117.774368
[3]: 125.576820 124.986511
[3]: 123.797745 121.671371
[2]: 128.126389 127.894775
[2]: 136.995407 136.264862
[2]: 140.475540 137.254089
[2]: 109.903381 113.327965
[2]: 142.539658 139.689117
[2]: 128.628647 126.364342
[2]: 129.867416 130.981094
[2]: 128.179733 128.233978
[2]: 143.786240 143.741364
[2]: 134.663239 136.178146
[2]: 112.339981 114.198883
[2]: 125.287292 130.096924
[2]: 124.865242 122.856323
[2]: 141.034195 141.394409
[2]: 132.506836 131.694214
[2]: 127.277397 125.654327
[2]: 139.046906 135.343277
[2]: 67.976913 68.268845
[2]: 128.088974 129.859833
[2]: 118.717056 117.726288
[2]: 131.305313 129.149658
[2]: 146.926468 144.983566
[2]: 145.874252 140.783249
[2]: 133.601120 136.607025
[2]: 121.160660 122.202629
[2]: 119.002090 115.770721
[2]: 129.637573 127.232552
[2]: 142.408844 141.488953
[2]: 117.004341 117.123810
[2]: 183.393723 187.028641
[2]: 112.905952 115.487915
[2]: 118.462990 115.701958
[2]: 126.691551 126.823853
[2]: 126.389542 119.795769
[1]: 125.385468 124.435265
[1]: 129.727097 126.022057
[1]: 138.427292 136.218262
[1]: 195.582611 195.582352
[1]: 129.338287 128.496063
[1]: 127.669456 127.885963
[1]: 125.477417 126.182396
[1]: 126.777290 126.707695
[1]: 138.991394 139.348587
[1]: 127.002167 128.695145
[1]: 120.258118 120.969055
[1]: 128.537064 129.116302
[1]: 129.799591 129.162750
[1]: 134.316376 133.181931
[1]: 134.620499 133.151993
[1]: 119.291969 118.258011
[1]: 134.908981 134.611816
[1]: 190.967621 191.817841
[1]: 131.054153 132.786499
[1]: 122.360527 122.490532
[1]: 126.133629 125.744560
[1]: 135.978851 135.743011
[1]: 140.479050 140.021667
[1]: 132.982330 134.113419
[1]: 128.320633 129.365189
[1]: 122.537613 119.186768
[1]: 123.474861 122.164551
[1]: 134.536987 136.165558
[1]: 127.759163 127.482735
[1]: 134.765350 131.550781
[1]: 120.850418 119.676590
[1]: 115.108917 117.413986
[1]: 125.589668 126.122925
[1]: 132.883499 130.843796
[0]: 124.541847 124.891190
[0]: 116.360115 117.632103
[0]: 113.031075 117.247887
[0]: 91.478409 91.521843
[0]: 113.260796 115.437042
[0]: 127.867889 129.795883
[0]: 121.941887 121.578682
[0]: 125.013649 123.861870
[0]: 104.769249 103.972305
[0]: 123.617905 121.032570
[0]: 151.843857 151.454742
[0]: 128.141647 124.158813
[0]: 129.443207 131.248230
[0]: 105.218391 105.238052
[0]: 116.558929 117.011108
[0]: 128.279770 130.063766
[0]: 113.276505 116.268654
[0]: 153.625198 155.970764
[0]: 126.334618 124.307205
[0]: 140.688477 141.321823
[0]: 123.336166 127.129501
[0]: 103.750450 105.662453
[0]: 102.178040 105.882210
[0]: 115.980598 112.333275
[0]: 127.300797 126.447815
[0]: 142.330078 147.295670
[0]: 127.245857 128.576889
[0]: 112.233414 112.386185
[0]: 137.429398 138.924698
[0]: 187.306900 185.904358
[0]: 143.802216 143.981277
[0]: 144.010651 146.401062
[0]: 129.212128 127.767845
[0]: 129.363129 137.356873
