[19]: 2000 10 11  0 20 OSCAR       7.1   4.6   65  547 2004  5  3 18  1 BERYL      10.7   4.5   77   35
[18]: 2000 10 11  0 20 OSCAR       7.1   4.6   65  547 2001  7 27  0  1 FLORENCE    7.3  11.0  144  213
[17]: 1994  7  1 18 28 RAFAEL      7.0   5.1   47  135 1988  1 16  6  7 KIRK        9.7   3.8   65  775
[16]: 1989  9  9  6 13 CHRIS       7.0   4.6   21  602 1987  3 16 12  3 ISAAC       9.7   8.5  153  816
[15]: 1985  9 28  0  6 FLORENCE    7.1   5.4   48  753 1964  4  8  0  1 RAFAEL      7.1   9.1   74  153
[14]: 1978 12  1  6  4 ALBERTO     7.1   4.7   21  674 1978  9  5 12 19 KIRK        8.1   9.7  112   49
[13]: 1994  7  1 18 28 RAFAEL      7.0   5.1   47  135 1985  5  9 18 10 MICHAEL     8.7   4.3  113  435
[12]: 1994  7  1 18 28 RAFAEL      7.0   5.1   47  135 1976 11 11  0 26 VALERIE     8.5   1.8   85  580
[11]: 1952  3 21 18 10 DEBBY       7.1   5.7   77  178 1996  5 19 18 13 PATTY       9.2   5.7  154  244
[10]: 1995  5 22  6 14 ERNESTO     7.1   4.9   53  190 1969  6 22  6  4 LESLIE      8.3   4.1   64   19
[9]: 1989  9  9  6 13 CHRIS       7.0   4.6   21  602 1959  2 27  6  9 ERNESTO     7.7   1.5   92  187
[8]: 1978 12  1  6  4 ALBERTO     7.1   4.7   21  674 1996  2 12 12  8 FLORENCE    8.1   2.9   36  540
[7]: 1978 12  1  6  4 ALBERTO     7.1   4.7   21  674 1985  4 13  6 12 WILLIAM     8.5   4.0   86  285
[6]: 1989  9  9  6 13 CHRIS       7.0   4.6   21  602 1973  2 10  0 27 CHRIS       7.9   2.5   45  718
[5]: 1999  8 15 18 25 BERYL       7.0   4.2  101   90 1979 12 21 18 24 FLORENCE    9.1   6.5  151  444
[4]: 1983  5  8 12  1 ALBERTO     7.1   4.5  121  234 1962 12  8  6 11 ERNESTO     8.2  10.8   23  152
[3]: 1987  5  9  6  7 PATTY       7.0   4.3   52  385 1957  9 10 12 21 BERYL      10.7   7.9   87  414
[2]: 1995  5 22  6 14 ERNESTO     7.1   4.9   53  190 1967  2  6 18 18 VALERIE    11.2   5.7   98  284
[1]: 2000 10 11  0 20 OSCAR       7.1   4.6   65  547 1982  4 21 18 13 WILLIAM     7.4   3.1  145  182
[0]: 1995  5 22  6 14 ERNESTO     7.1   4.9   53  190 1995  8 20  6  7 GORDON      7.8   4.8   26  754
