[4]: 133.505066 132.432159
[4]: 126.242683 126.836334
[4]: 116.932999 117.904129
[4]: 172.778442 173.930054
[4]: 126.450638 124.594322
[4]: 126.322182 126.765602
[4]: 122.130440 122.387993
[4]: 127.798370 126.389420
[4]: 113.193878 111.252876
[4]: 123.139221 123.659187
[4]: 134.705582 133.923080
[4]: 129.098160 128.397034
[4]: 129.059723 127.930695
[4]: 122.680664 122.162163
[4]: 125.216972 123.592026
[4]: 134.328354 132.753708
[4]: 120.236511 118.670052
[4]: 67.219109 67.263580
[4]: 125.405556 125.855522
[4]: 130.742126 131.628586
[4]: 129.935135 130.921097
[4]: 113.532906 113.843704
[4]: 117.174652 117.078583
[4]: 121.842194 123.219727
[4]: 127.712944 128.845459
[4]: 136.626404 137.093811
[4]: 135.409988 133.075012
[4]: 117.915596 118.086906
[4]: 130.737152 129.906662
[4]: 73.134789 74.227898
[4]: 134.511780 133.324158
[4]: 139.421768 140.945679
[4]: 132.057114 131.868683
[4]: 129.985443 128.115768
[3]: 127.105278 129.667557
[3]: 129.185211 129.926086
[3]: 127.425873 127.448074
[3]: 60.883102 60.540619
[3]: 132.066284 131.771637
[3]: 127.429153 126.479179
[3]: 135.122589 135.141663
[3]: 129.920151 130.633560
[3]: 134.422363 135.352875
[3]: 126.260780 125.978561
[3]: 117.506042 119.108917
[3]: 126.312798 127.657806
[3]: 127.351166 128.203644
[3]: 132.368088 132.660767
[3]: 128.746704 129.234131
[3]: 130.593460 131.750046
[3]: 132.835770 132.714172
[3]: 158.480927 155.685638
[3]: 123.984406 124.603302
[3]: 124.069481 122.442459
[3]: 125.763626 124.990410
[3]: 137.787415 136.959061
[3]: 131.760590 132.554504
[3]: 130.668869 128.384995
[3]: 129.962570 129.326920
[3]: 121.108475 120.673088
[3]: 126.220695 128.321609
[3]: 129.754196 128.891006
[3]: 125.466118 125.635117
[3]: 65.062157 64.354279
[3]: 129.303589 128.957504
[3]: 121.128990 117.774368
[3]: 125.539268 124.986511
[3]: 121.506668 121.671371
[2]: 126.734886 127.894775
[2]: 137.123749 136.264862
[2]: 136.552917 137.254089
[2]: 111.730751 113.327965
[2]: 138.591309 139.689117
[2]: 126.470970 126.364342
[2]: 129.211670 130.981094
[2]: 128.099869 128.233978
[2]: 141.482605 143.741364
[2]: 137.751297 136.178146
[2]: 114.125267 114.198883
[2]: 128.415390 130.096924
[2]: 122.536278 122.856323
[2]: 140.372543 141.394409
[2]: 131.524490 131.694214
[2]: 125.259377 125.654327
[2]: 133.811737 135.343277
[2]: 67.352791 68.268845
[2]: 130.797638 129.859833
[2]: 117.158714 117.726288
[2]: 130.920914 129.149658
[2]: 145.305481 144.983566
[2]: 141.781082 140.783249
[2]: 138.166763 136.607025
[2]: 123.706375 122.202629
[2]: 115.708847 115.770721
[2]: 125.399620 127.232552
[2]: 140.622681 141.488953
[2]: 116.620850 117.123810
[2]: 185.835709 187.028641
[2]: 115.391975 115.487915
[2]: 116.409096 115.701958
[2]: 126.388870 126.823853
[2]: 118.755753 119.795769
[1]: 126.248657 124.435265
[1]: 126.686691 126.022057
[1]: 137.074066 136.218262
[1]: 196.431335 195.582352
[1]: 127.119896 128.496063
[1]: 127.777481 127.885963
[1]: 126.645454 126.182396
[1]: 126.362869 126.707695
[1]: 138.267868 139.348587
[1]: 128.612228 128.695145
[1]: 120.594337 120.969055
[1]: 130.201981 129.116302
[1]: 128.540878 129.162750
[1]: 133.424728 133.181931
[1]: 132.721542 133.151993
[1]: 118.305450 118.258011
[1]: 133.884460 134.611816
[1]: 190.625763 191.817841
[1]: 133.006454 132.786499
[1]: 123.411575 122.490532
[1]: 126.015953 125.744560
[1]: 136.676956 135.743011
[1]: 139.823074 140.021667
[1]: 133.699219 134.113419
[1]: 129.064972 129.365189
[1]: 119.597992 119.186768
[1]: 121.599937 122.164551
[1]: 135.077957 136.165558
[1]: 126.446976 127.482735
[1]: 132.677200 131.550781
[1]: 118.343269 119.676590
[1]: 116.114059 117.413986
[1]: 125.691978 126.122925
[1]: 129.168060 130.843796
[0]: 125.775055 124.891190
[0]: 117.358368 117.632103
[0]: 118.063484 117.247887
[0]: 92.699181 91.521843
[0]: 115.707611 115.437042
[0]: 129.252640 129.795883
[0]: 123.253159 121.578682
[0]: 123.623573 123.861870
[0]: 106.363014 103.972305
[0]: 119.628906 121.032570
[0]: 153.037506 151.454742
[0]: 125.464088 124.158813
[0]: 132.022278 131.248230
[0]: 105.668213 105.238052
[0]: 116.365417 117.011108
[0]: 130.027267 130.063766
[0]: 116.813423 116.268654
[0]: 155.571701 155.970764
[0]: 124.190971 124.307205
[0]: 140.190369 141.321823
[0]: 125.123871 127.129501
[0]: 103.556129 105.662453
[0]: 105.635696 105.882210
[0]: 109.969460 112.333275
[0]: 125.682236 126.447815
[0]: 147.073898 147.295670
[0]: 130.962921 128.576889
[0]: 113.643440 112.386185
[0]: 139.981934 138.924698
[0]: 186.731964 185.904358
[0]: 144.014450 143.981277
[0]: 145.156479 146.401062
[0]: 127.893074 127.767845
[0]: 138.548737 137.356873
