[4]: 135.749924 132.432159
[4]: 127.729378 126.836334
[4]: 116.849358 117.904129
[4]: 169.648285 173.930054
[4]: 126.782860 124.594322
[4]: 127.363312 126.765602
[4]: 120.754944 122.387993
[4]: 129.215424 126.389420
[4]: 111.872490 111.252876
[4]: 124.978119 123.659187
[4]: 132.835403 133.923080
[4]: 129.282227 128.397034
[4]: 127.930443 127.930695
[4]: 122.430283 122.162163
[4]: 125.708519 123.592026
[4]: 133.160217 132.753708
[4]: 119.857277 118.670052
[4]: 66.496315 67.263580
[4]: 126.448555 125.855522
[4]: 131.351547 131.628586
[4]: 129.349899 130.921097
[4]: 111.806854 113.843704
[4]: 116.849747 117.078583
[4]: 121.724510 123.219727
[4]: 128.303329 128.845459
[4]: 135.855240 137.093811
[4]: 135.232040 133.075012
[4]: 116.318069 118.086906
[4]: 127.965492 129.906662
[4]: 71.899155 74.227898
[4]: 133.967697 133.324158
[4]: 135.164993 140.945679
[4]: 130.463379 131.868683
[4]: 128.759415 128.115768
[3]: 123.608398 129.667557
[3]: 128.120575 129.926086
[3]: 127.304047 127.448074
[3]: 60.583576 60.540619
[3]: 131.152649 131.771637
[3]: 127.720779 126.479179
[3]: 135.917404 135.141663
[3]: 128.721725 130.633560
[3]: 136.770905 135.352875
[3]: 125.172195 125.978561
[3]: 119.124046 119.108917
[3]: 125.281975 127.657806
[3]: 127.811256 128.203644
[3]: 132.262741 132.660767
[3]: 128.240128 129.234131
[3]: 130.904251 131.750046
[3]: 133.221298 132.714172
[3]: 161.267395 155.685638
[3]: 123.732758 124.603302
[3]: 123.321541 122.442459
[3]: 126.976044 124.990410
[3]: 140.287415 136.959061
[3]: 132.566467 132.554504
[3]: 130.793991 128.384995
[3]: 129.270233 129.326920
[3]: 122.415009 120.673088
[3]: 125.696587 128.321609
[3]: 130.467255 128.891006
[3]: 126.487274 125.635117
[3]: 66.441406 64.354279
[3]: 129.592484 128.957504
[3]: 124.587830 117.774368
[3]: 126.443848 124.986511
[3]: 123.065331 121.671371
[2]: 123.490349 127.894775
[2]: 135.174255 136.264862
[2]: 137.749069 137.254089
[2]: 110.678825 113.327965
[2]: 138.473022 139.689117
[2]: 124.334045 126.364342
[2]: 129.690659 130.981094
[2]: 125.807076 128.233978
[2]: 142.960342 143.741364
[2]: 135.528885 136.178146
[2]: 115.242111 114.198883
[2]: 127.199440 130.096924
[2]: 123.799126 122.856323
[2]: 140.940170 141.394409
[2]: 130.422089 131.694214
[2]: 125.591103 125.654327
[2]: 134.870560 135.343277
[2]: 67.704094 68.268845
[2]: 130.050858 129.859833
[2]: 116.924911 117.726288
[2]: 130.811768 129.149658
[2]: 147.883835 144.983566
[2]: 142.653076 140.783249
[2]: 136.927139 136.607025
[2]: 122.271751 122.202629
[2]: 116.863571 115.770721
[2]: 125.162651 127.232552
[2]: 143.477081 141.488953
[2]: 117.401749 117.123810
[2]: 185.606125 187.028641
[2]: 116.615021 115.487915
[2]: 119.116089 115.701958
[2]: 127.730476 126.823853
[2]: 120.991814 119.795769
[1]: 126.700150 124.435265
[1]: 126.461800 126.022057
[1]: 137.069412 136.218262
[1]: 196.718765 195.582352
[1]: 127.178314 128.496063
[1]: 127.038628 127.885963
[1]: 126.538895 126.182396
[1]: 125.583649 126.707695
[1]: 138.803619 139.348587
[1]: 128.072372 128.695145
[1]: 120.758087 120.969055
[1]: 129.496155 129.116302
[1]: 129.163422 129.162750
[1]: 134.690140 133.181931
[1]: 131.744827 133.151993
[1]: 118.803307 118.258011
[1]: 135.240128 134.611816
[1]: 189.968201 191.817841
[1]: 133.399124 132.786499
[1]: 123.126816 122.490532
[1]: 126.180252 125.744560
[1]: 138.080734 135.743011
[1]: 139.072372 140.021667
[1]: 133.199173 134.113419
[1]: 128.400452 129.365189
[1]: 120.292564 119.186768
[1]: 121.761421 122.164551
[1]: 136.622437 136.165558
[1]: 127.464592 127.482735
[1]: 132.153809 131.550781
[1]: 119.334366 119.676590
[1]: 116.868149 117.413986
[1]: 125.890793 126.122925
[1]: 129.152100 130.843796
[0]: 130.095840 124.891190
[0]: 119.229172 117.632103
[0]: 117.003105 117.247887
[0]: 95.764099 91.521843
[0]: 116.398842 115.437042
[0]: 130.949997 129.795883
[0]: 123.616875 121.578682
[0]: 126.748291 123.861870
[0]: 103.107155 103.972305
[0]: 121.781456 121.032570
[0]: 151.897156 151.454742
[0]: 128.449783 124.158813
[0]: 130.705292 131.248230
[0]: 104.001297 105.238052
[0]: 118.630600 117.011108
[0]: 130.075989 130.063766
[0]: 114.201538 116.268654
[0]: 154.629913 155.970764
[0]: 123.632240 124.307205
[0]: 140.926773 141.321823
[0]: 124.320183 127.129501
[0]: 98.438820 105.662453
[0]: 104.985840 105.882210
[0]: 111.842331 112.333275
[0]: 128.112854 126.447815
[0]: 144.432953 147.295670
[0]: 131.759521 128.576889
[0]: 109.806496 112.386185
[0]: 139.956573 138.924698
[0]: 187.273544 185.904358
[0]: 141.942490 143.981277
[0]: 142.218979 146.401062
[0]: 126.922028 127.767845
[0]: 135.743195 137.356873
