[4]: 132.432159 89.877441
[4]: 126.836334 129.094055
[4]: 117.904129 125.795441
[4]: 173.930054 175.685989
[4]: 124.594322 130.910873
[4]: 126.765602 128.767395
[4]: 122.387993 127.571167
[4]: 126.389420 129.299911
[4]: 111.252876 129.834396
[4]: 123.659187 131.042145
[4]: 133.923080 126.147415
[4]: 128.397034 128.975296
[4]: 127.930695 126.681068
[4]: 122.162163 133.231400
[4]: 123.592026 126.721085
[4]: 132.753708 133.100266
[4]: 118.670052 128.656891
[4]: 67.263580 59.755569
[4]: 125.855522 127.586784
[4]: 131.628586 126.982872
[4]: 130.921097 130.554047
[4]: 113.843704 130.465363
[4]: 117.078583 131.988556
[4]: 123.219727 132.639755
[4]: 128.845459 126.996208
[4]: 137.093811 124.645599
[4]: 133.075012 126.826134
[4]: 118.086906 130.011902
[4]: 129.906662 122.375702
[4]: 74.227898 124.510307
[4]: 133.324158 125.849777
[4]: 140.945679 169.942398
[4]: 131.868683 129.541077
[4]: 128.115768 122.348564
[3]: 129.667557 171.110886
[3]: 129.926086 126.965790
[3]: 127.448074 126.139137
[3]: 60.540619 87.602814
[3]: 131.771637 130.448502
[3]: 126.479179 128.722488
[3]: 135.141663 129.639374
[3]: 130.633560 127.853317
[3]: 135.352875 126.998474
[3]: 125.978561 125.627052
[3]: 119.108917 125.049377
[3]: 127.657806 128.814117
[3]: 128.203644 127.575180
[3]: 132.660767 128.468735
[3]: 129.234131 127.191147
[3]: 131.750046 130.351196
[3]: 132.714172 128.244888
[3]: 155.685638 126.460556
[3]: 124.603302 127.251404
[3]: 122.442459 126.633911
[3]: 124.990410 127.207146
[3]: 136.959061 128.011566
[3]: 132.554504 127.365257
[3]: 128.384995 127.727615
[3]: 129.326920 128.712860
[3]: 120.673088 124.632179
[3]: 128.321609 128.179169
[3]: 128.891006 127.887733
[3]: 125.635117 128.282425
[3]: 64.354279 60.458897
[3]: 128.957504 128.695480
[3]: 117.774368 83.255630
[3]: 124.986511 127.216217
[3]: 121.671371 126.025490
[2]: 127.894775 168.823364
[2]: 136.264862 130.145203
[2]: 137.254089 130.739746
[2]: 113.327965 90.346619
[2]: 139.689117 129.734375
[2]: 126.364342 127.579323
[2]: 130.981094 130.030228
[2]: 128.233978 132.218658
[2]: 143.741364 134.219711
[2]: 136.178146 131.629868
[2]: 114.198883 120.731392
[2]: 130.096924 128.759903
[2]: 122.856323 132.730576
[2]: 141.394409 135.951553
[2]: 131.694214 131.584991
[2]: 125.654327 129.117508
[2]: 135.343277 136.411118
[2]: 68.268845 125.267784
[2]: 129.859833 130.441360
[2]: 117.726288 122.098167
[2]: 129.149658 129.911392
[2]: 144.983566 131.872345
[2]: 140.783249 136.230164
[2]: 136.607025 136.911606
[2]: 122.202629 126.102348
[2]: 115.770721 123.790222
[2]: 127.232552 123.145355
[2]: 141.488953 130.040680
[2]: 117.123810 120.904816
[2]: 187.028641 189.738785
[2]: 115.487915 123.500931
[2]: 115.701958 78.228447
[2]: 126.823853 133.404327
[2]: 119.795769 122.355278
[1]: 124.435265 84.564018
[1]: 126.022057 128.841125
[1]: 136.218262 134.747055
[1]: 195.582352 180.654892
[1]: 128.496063 130.980072
[1]: 127.885963 127.022797
[1]: 126.182396 131.514908
[1]: 126.707695 129.933517
[1]: 139.348587 134.343033
[1]: 128.695145 128.993866
[1]: 120.969055 117.777267
[1]: 129.116302 126.830673
[1]: 129.162750 133.698181
[1]: 133.181931 134.026947
[1]: 133.151993 132.785553
[1]: 118.258011 124.280853
[1]: 134.611816 139.518021
[1]: 191.817841 190.619263
[1]: 132.786499 131.657837
[1]: 122.490532 120.978394
[1]: 125.744560 126.010361
[1]: 135.743011 131.956955
[1]: 140.021667 134.959579
[1]: 134.113419 136.220428
[1]: 129.365189 129.121338
[1]: 119.186768 122.471222
[1]: 122.164551 123.025108
[1]: 136.165558 130.691086
[1]: 127.482735 125.902824
[1]: 131.550781 117.356667
[1]: 119.676590 124.984535
[1]: 117.413986 159.636963
[1]: 126.122925 131.528702
[1]: 130.843796 125.778618
[0]: 124.891190 113.708336
[0]: 117.632103 119.954750
[0]: 117.247887 116.336357
[0]: 91.521843 102.050400
[0]: 115.437042 114.219200
[0]: 129.795883 123.666107
[0]: 121.578682 113.489922
[0]: 123.861870 111.827621
[0]: 103.972305 102.495628
[0]: 121.032570 114.815186
[0]: 151.454742 157.626236
[0]: 124.158813 125.328850
[0]: 131.248230 114.432793
[0]: 105.238052 93.987900
[0]: 117.011108 112.832550
[0]: 130.063766 117.723343
[0]: 116.268654 95.862679
[0]: 155.970764 145.934021
[0]: 124.307205 117.760529
[0]: 141.321823 142.689514
[0]: 127.129501 122.470657
[0]: 105.662453 111.543907
[0]: 105.882210 98.361786
[0]: 112.333275 90.804100
[0]: 126.447815 124.490814
[0]: 147.295670 150.257721
[0]: 128.576889 142.642242
[0]: 112.386185 115.855286
[0]: 138.924698 147.044357
[0]: 185.904358 161.181900
[0]: 143.981277 141.349915
[0]: 146.401062 163.834000
[0]: 127.767845 110.406586
[0]: 137.356873 147.035507
