[4]: 132.081161 132.432159
[4]: 126.431465 126.836334
[4]: 118.022873 117.904129
[4]: 174.446396 173.930054
[4]: 123.967361 124.594322
[4]: 126.919312 126.765602
[4]: 122.302414 122.387993
[4]: 126.255241 126.389420
[4]: 111.549156 111.252876
[4]: 123.515724 123.659187
[4]: 134.271912 133.923080
[4]: 128.537888 128.397034
[4]: 127.326241 127.930695
[4]: 122.030334 122.162163
[4]: 123.082748 123.592026
[4]: 132.155579 132.753708
[4]: 118.203545 118.670052
[4]: 67.374603 67.263580
[4]: 126.006119 125.855522
[4]: 131.787247 131.628586
[4]: 131.183212 130.921097
[4]: 114.035820 113.843704
[4]: 117.297096 117.078583
[4]: 123.768822 123.219727
[4]: 128.697830 128.845459
[4]: 136.781448 137.093811
[4]: 132.872772 133.075012
[4]: 117.817902 118.086906
[4]: 129.723953 129.906662
[4]: 74.553841 74.227898
[4]: 133.231415 133.324158
[4]: 141.899460 140.945679
[4]: 131.656998 131.868683
[4]: 127.596489 128.115768
[3]: 130.233627 129.667557
[3]: 130.127731 129.926086
[3]: 127.295227 127.448074
[3]: 60.742748 60.540619
[3]: 132.176544 131.771637
[3]: 126.347786 126.479179
[3]: 135.086090 135.141663
[3]: 130.673187 130.633560
[3]: 135.272766 135.352875
[3]: 126.208672 125.978561
[3]: 119.495163 119.108917
[3]: 127.853790 127.657806
[3]: 128.435516 128.203644
[3]: 132.692612 132.660767
[3]: 129.381088 129.234131
[3]: 131.921860 131.750046
[3]: 133.008499 132.714172
[3]: 155.426392 155.685638
[3]: 124.656662 124.603302
[3]: 122.511154 122.442459
[3]: 124.997658 124.990410
[3]: 137.012314 136.959061
[3]: 132.665161 132.554504
[3]: 128.169052 128.384995
[3]: 129.374847 129.326920
[3]: 120.822128 120.673088
[3]: 128.403854 128.321609
[3]: 129.043900 128.891006
[3]: 125.814644 125.635117
[3]: 64.010368 64.354279
[3]: 129.298508 128.957504
[3]: 117.586090 117.774368
[3]: 124.942688 124.986511
[3]: 121.709297 121.671371
[2]: 128.767181 127.894775
[2]: 136.045502 136.264862
[2]: 136.998962 137.254089
[2]: 113.234650 113.327965
[2]: 139.762970 139.689117
[2]: 126.398270 126.364342
[2]: 131.399704 130.981094
[2]: 128.772583 128.233978
[2]: 144.076355 143.741364
[2]: 136.240051 136.178146
[2]: 113.218819 114.198883
[2]: 129.814026 130.096924
[2]: 123.924835 122.856323
[2]: 140.811172 141.394409
[2]: 131.971680 131.694214
[2]: 126.330818 125.654327
[2]: 135.521957 135.343277
[2]: 68.406776 68.268845
[2]: 129.957047 129.859833
[2]: 117.760422 117.726288
[2]: 128.841629 129.149658
[2]: 145.057434 144.983566
[2]: 140.558380 140.783249
[2]: 135.713089 136.607025
[2]: 122.637451 122.202629
[2]: 116.379257 115.770721
[2]: 127.885780 127.232552
[2]: 141.597595 141.488953
[2]: 117.194321 117.123810
[2]: 186.802734 187.028641
[2]: 115.333679 115.487915
[2]: 114.088295 115.701958
[2]: 127.592110 126.823853
[2]: 120.224785 119.795769
[1]: 123.957237 124.435265
[1]: 125.989449 126.022057
[1]: 136.373276 136.218262
[1]: 195.725693 195.582352
[1]: 129.053238 128.496063
[1]: 127.795654 127.885963
[1]: 126.306053 126.182396
[1]: 126.226082 126.707695
[1]: 139.120148 139.348587
[1]: 128.656891 128.695145
[1]: 121.134384 120.969055
[1]: 129.322540 129.116302
[1]: 129.385635 129.162750
[1]: 133.418304 133.181931
[1]: 133.149780 133.151993
[1]: 118.533066 118.258011
[1]: 134.512436 134.611816
[1]: 191.968964 191.817841
[1]: 132.657837 132.786499
[1]: 122.388130 122.490532
[1]: 125.685974 125.744560
[1]: 135.452866 135.743011
[1]: 140.097488 140.021667
[1]: 133.897430 134.113419
[1]: 129.312698 129.365189
[1]: 119.128128 119.186768
[1]: 122.214981 122.164551
[1]: 136.246017 136.165558
[1]: 127.682846 127.482735
[1]: 131.681915 131.550781
[1]: 119.926674 119.676590
[1]: 117.638054 117.413986
[1]: 125.625465 126.122925
[1]: 131.083649 130.843796
[0]: 124.236946 124.891190
[0]: 118.102051 117.632103
[0]: 117.391556 117.247887
[0]: 91.077560 91.521843
[0]: 114.962540 115.437042
[0]: 129.836014 129.795883
[0]: 121.135925 121.578682
[0]: 123.911003 123.861870
[0]: 103.634895 103.972305
[0]: 120.891724 121.032570
[0]: 151.515610 151.454742
[0]: 123.875771 124.158813
[0]: 130.268509 131.248230
[0]: 105.718689 105.238052
[0]: 117.119621 117.011108
[0]: 129.473801 130.063766
[0]: 116.369026 116.268654
[0]: 156.068436 155.970764
[0]: 124.134979 124.307205
[0]: 141.147446 141.321823
[0]: 127.229355 127.129501
[0]: 105.624657 105.662453
[0]: 105.705116 105.882210
[0]: 113.186775 112.333275
[0]: 126.171844 126.447815
[0]: 146.869110 147.295670
[0]: 127.939674 128.576889
[0]: 112.298805 112.386185
[0]: 138.646332 138.924698
[0]: 185.652725 185.904358
[0]: 143.593689 143.981277
[0]: 147.060410 146.401062
[0]: 127.766045 127.767845
[0]: 137.168518 137.356873
