[4]: 88.819412 132.432159
[4]: 128.792404 126.836334
[4]: 126.171562 117.904129
[4]: 174.026077 173.930054
[4]: 130.284912 124.594322
[4]: 129.165878 126.765602
[4]: 127.191742 122.387993
[4]: 128.695267 126.389420
[4]: 128.892120 111.252876
[4]: 130.390869 123.659187
[4]: 127.259468 133.923080
[4]: 129.186203 128.397034
[4]: 125.798096 127.930695
[4]: 130.676071 122.162163
[4]: 127.086563 123.592026
[4]: 131.767822 132.753708
[4]: 126.790352 118.670052
[4]: 61.116623 67.263580
[4]: 125.403099 125.855522
[4]: 127.009804 131.628586
[4]: 130.291031 130.921097
[4]: 129.273331 113.843704
[4]: 129.438141 117.078583
[4]: 130.382919 123.219727
[4]: 127.653687 128.845459
[4]: 125.918839 137.093811
[4]: 127.013077 133.075012
[4]: 128.866394 118.086906
[4]: 124.546585 129.906662
[4]: 125.534576 74.227898
[4]: 126.608200 133.324158
[4]: 170.546021 140.945679
[4]: 128.540115 131.868683
[4]: 122.797386 128.115768
[3]: 170.331802 129.667557
[3]: 127.851593 129.926086
[3]: 127.310104 127.448074
[3]: 88.246422 60.540619
[3]: 129.802292 131.771637
[3]: 128.939240 126.479179
[3]: 129.822601 135.141663
[3]: 128.219330 130.633560
[3]: 127.119118 135.352875
[3]: 125.895561 125.978561
[3]: 124.402863 119.108917
[3]: 128.441864 127.657806
[3]: 128.180099 128.203644
[3]: 128.810913 132.660767
[3]: 127.372917 129.234131
[3]: 131.043381 131.750046
[3]: 128.559814 132.714172
[3]: 126.540024 155.685638
[3]: 127.216110 124.603302
[3]: 126.023155 122.442459
[3]: 126.851517 124.990410
[3]: 127.767525 136.959061
[3]: 127.217422 132.554504
[3]: 128.204865 128.384995
[3]: 129.653076 129.326920
[3]: 123.345604 120.673088
[3]: 127.444420 128.321609
[3]: 128.080704 128.891006
[3]: 127.599770 125.635117
[3]: 58.448582 64.354279
[3]: 129.433823 128.957504
[3]: 81.833481 117.774368
[3]: 128.154327 124.986511
[3]: 125.968521 121.671371
[2]: 166.580231 127.894775
[2]: 129.703049 136.264862
[2]: 129.149338 137.254089
[2]: 94.199005 113.327965
[2]: 130.733322 139.689117
[2]: 127.177155 126.364342
[2]: 130.823578 130.981094
[2]: 135.928314 128.233978
[2]: 136.817932 143.741364
[2]: 135.069473 136.178146
[2]: 117.341949 114.198883
[2]: 132.509201 130.096924
[2]: 130.481705 122.856323
[2]: 138.278290 141.394409
[2]: 133.886505 131.694214
[2]: 129.613205 125.654327
[2]: 135.788803 135.343277
[2]: 124.098518 68.268845
[2]: 127.163979 129.859833
[2]: 119.852715 117.726288
[2]: 129.750015 129.149658
[2]: 132.549377 144.983566
[2]: 134.631134 140.783249
[2]: 142.819489 136.607025
[2]: 128.859497 122.202629
[2]: 120.600113 115.770721
[2]: 122.032158 127.232552
[2]: 129.734390 141.488953
[2]: 122.302597 117.123810
[2]: 187.719574 187.028641
[2]: 121.769165 115.487915
[2]: 72.405617 115.701958
[2]: 136.948120 126.823853
[2]: 117.120369 119.795769
[1]: 83.255081 124.435265
[1]: 127.807770 126.022057
[1]: 131.771347 136.218262
[1]: 177.474197 195.582352
[1]: 129.037308 128.496063
[1]: 126.004921 127.885963
[1]: 130.278809 126.182396
[1]: 129.763275 126.707695
[1]: 132.321533 139.348587
[1]: 129.428009 128.695145
[1]: 120.708199 120.969055
[1]: 127.903374 129.116302
[1]: 130.665756 129.162750
[1]: 131.116821 133.181931
[1]: 130.865768 133.151993
[1]: 124.656288 118.258011
[1]: 134.555481 134.611816
[1]: 191.129227 191.817841
[1]: 129.621414 132.786499
[1]: 121.793228 122.490532
[1]: 124.696526 125.744560
[1]: 130.010574 135.743011
[1]: 130.936188 140.021667
[1]: 134.843826 134.113419
[1]: 130.710327 129.365189
[1]: 123.099129 119.186768
[1]: 124.286072 122.164551
[1]: 129.511337 136.165558
[1]: 127.746384 127.482735
[1]: 119.424919 131.550781
[1]: 126.266907 119.676590
[1]: 161.525955 117.413986
[1]: 131.530365 126.122925
[1]: 126.080551 130.843796
[0]: 139.628189 124.891190
[0]: 121.216476 117.632103
[0]: 120.245811 117.247887
[0]: 83.748901 91.521843
[0]: 117.544792 115.437042
[0]: 124.845345 129.795883
[0]: 114.583008 121.578682
[0]: 107.511856 123.861870
[0]: 103.026192 103.972305
[0]: 109.856583 121.032570
[0]: 157.345840 151.454742
[0]: 118.980553 124.158813
[0]: 122.612007 131.248230
[0]: 98.487465 105.238052
[0]: 111.652245 117.011108
[0]: 117.765541 130.063766
[0]: 106.343262 116.268654
[0]: 143.218277 155.970764
[0]: 128.709900 124.307205
[0]: 145.530289 141.321823
[0]: 125.821739 127.129501
[0]: 115.587616 105.662453
[0]: 110.673485 105.882210
[0]: 87.203888 112.333275
[0]: 115.545128 126.447815
[0]: 153.882767 147.295670
[0]: 143.218506 128.576889
[0]: 119.290657 112.386185
[0]: 139.881195 138.924698
[0]: 166.484879 185.904358
[0]: 139.517471 143.981277
[0]: 152.018204 146.401062
[0]: 105.683380 127.767845
[0]: 153.123077 137.356873
