[4]: 132.432159 88.855225
[4]: 126.836334 128.357285
[4]: 117.904129 126.792244
[4]: 173.930054 174.253021
[4]: 124.594322 129.710510
[4]: 126.765602 128.530334
[4]: 122.387993 127.956619
[4]: 126.389420 128.032471
[4]: 111.252876 129.295639
[4]: 123.659187 129.567978
[4]: 133.923080 127.590164
[4]: 128.397034 128.357071
[4]: 127.930695 126.303200
[4]: 122.162163 130.471420
[4]: 123.592026 127.110977
[4]: 132.753708 131.028687
[4]: 118.670052 126.162903
[4]: 67.263580 61.695332
[4]: 125.855522 125.159264
[4]: 131.628586 126.619553
[4]: 130.921097 130.235046
[4]: 113.843704 129.511230
[4]: 117.078583 128.961090
[4]: 123.219727 129.766220
[4]: 128.845459 127.889511
[4]: 137.093811 126.063820
[4]: 133.075012 126.916588
[4]: 118.086906 128.528168
[4]: 129.906662 124.614372
[4]: 74.227898 124.988731
[4]: 133.324158 126.442657
[4]: 140.945679 170.353439
[4]: 131.868683 128.912186
[4]: 128.115768 122.774963
[3]: 129.667557 170.408066
[3]: 129.926086 127.020317
[3]: 127.448074 127.692764
[3]: 60.540619 88.473534
[3]: 131.771637 129.384720
[3]: 126.479179 128.337112
[3]: 135.141663 129.687729
[3]: 130.633560 127.358246
[3]: 135.352875 127.931793
[3]: 125.978561 126.606094
[3]: 119.108917 123.657326
[3]: 127.657806 127.635895
[3]: 128.203644 127.821472
[3]: 132.660767 128.386932
[3]: 129.234131 127.718864
[3]: 131.750046 131.042786
[3]: 132.714172 128.116776
[3]: 155.685638 126.160217
[3]: 124.603302 127.179642
[3]: 122.442459 126.388786
[3]: 124.990410 128.136200
[3]: 136.959061 127.404213
[3]: 132.554504 126.686539
[3]: 128.384995 127.911034
[3]: 129.326920 129.635086
[3]: 120.673088 123.402435
[3]: 128.321609 127.947357
[3]: 128.891006 127.943207
[3]: 125.635117 127.622482
[3]: 64.354279 57.909180
[3]: 128.957504 129.779144
[3]: 117.774368 81.681938
[3]: 124.986511 128.099121
[3]: 121.671371 125.166145
[2]: 127.894775 167.806656
[2]: 136.264862 128.996658
[2]: 137.254089 132.544373
[2]: 113.327965 95.384529
[2]: 139.689117 130.391708
[2]: 126.364342 126.489220
[2]: 130.981094 134.649811
[2]: 128.233978 134.490311
[2]: 143.741364 139.734299
[2]: 136.178146 133.240479
[2]: 114.198883 116.155998
[2]: 130.096924 133.117569
[2]: 122.856323 133.679138
[2]: 141.394409 138.989059
[2]: 131.694214 134.944763
[2]: 125.654327 128.992065
[2]: 135.343277 133.976273
[2]: 68.268845 126.317596
[2]: 129.859833 126.842163
[2]: 117.726288 119.304977
[2]: 129.149658 127.540024
[2]: 144.983566 133.390381
[2]: 140.783249 134.982117
[2]: 136.607025 143.263626
[2]: 122.202629 129.489395
[2]: 115.770721 121.660675
[2]: 127.232552 118.887535
[2]: 141.488953 128.965073
[2]: 117.123810 122.187416
[2]: 187.028641 186.822937
[2]: 115.487915 118.324028
[2]: 115.701958 72.644302
[2]: 126.823853 136.660507
[2]: 119.795769 116.091660
[1]: 124.435265 83.832924
[1]: 126.022057 127.570801
[1]: 136.218262 132.898819
[1]: 195.582352 176.470993
[1]: 128.496063 128.614182
[1]: 127.885963 125.916069
[1]: 126.182396 130.555573
[1]: 126.707695 128.561844
[1]: 139.348587 132.223434
[1]: 128.695145 128.929916
[1]: 120.969055 121.332634
[1]: 129.116302 127.978928
[1]: 129.162750 131.015808
[1]: 133.181931 130.037018
[1]: 133.151993 130.524612
[1]: 118.258011 124.957275
[1]: 134.611816 133.176239
[1]: 191.817841 191.828949
[1]: 132.786499 129.607178
[1]: 122.490532 122.870888
[1]: 125.744560 124.137558
[1]: 135.743011 129.473221
[1]: 140.021667 130.176956
[1]: 134.113419 133.774689
[1]: 129.365189 130.300659
[1]: 119.186768 124.867058
[1]: 122.164551 124.219978
[1]: 136.165558 129.128891
[1]: 127.482735 128.313950
[1]: 131.550781 121.004616
[1]: 119.676590 125.841438
[1]: 117.413986 163.107819
[1]: 126.122925 130.310913
[1]: 130.843796 126.307449
[0]: 124.891190 141.133865
[0]: 117.632103 124.525459
[0]: 117.247887 112.307518
[0]: 91.521843 78.678993
[0]: 115.437042 120.253906
[0]: 129.795883 127.865234
[0]: 121.578682 108.062271
[0]: 123.861870 113.853661
[0]: 103.972305 97.469147
[0]: 121.032570 113.392830
[0]: 151.454742 158.394745
[0]: 124.158813 120.709793
[0]: 131.248230 117.556252
[0]: 105.238052 100.346184
[0]: 117.011108 110.295609
[0]: 130.063766 119.432053
[0]: 116.268654 112.698547
[0]: 155.970764 138.617508
[0]: 124.307205 129.591217
[0]: 141.321823 144.574127
[0]: 127.129501 127.862198
[0]: 105.662453 115.500839
[0]: 105.882210 113.011688
[0]: 112.333275 89.892433
[0]: 126.447815 114.983025
[0]: 147.295670 149.248627
[0]: 128.576889 146.884903
[0]: 112.386185 121.662361
[0]: 138.924698 138.929871
[0]: 185.904358 167.318192
[0]: 143.981277 144.493088
[0]: 146.401062 145.188034
[0]: 127.767845 107.606049
[0]: 137.356873 155.229736
