[4]: 134.075729 132.432159
[4]: 126.085670 126.836334
[4]: 115.853668 117.904129
[4]: 172.536331 173.930054
[4]: 126.887039 124.594322
[4]: 126.867401 126.765602
[4]: 121.714836 122.387993
[4]: 128.577820 126.389420
[4]: 113.310562 111.252876
[4]: 123.157211 123.659187
[4]: 134.885300 133.923080
[4]: 128.649841 128.397034
[4]: 129.098679 127.930695
[4]: 122.608742 122.162163
[4]: 124.698509 123.592026
[4]: 134.180084 132.753708
[4]: 120.011200 118.670052
[4]: 67.911575 67.263580
[4]: 125.295891 125.855522
[4]: 131.056870 131.628586
[4]: 130.180557 130.921097
[4]: 113.723122 113.843704
[4]: 117.432121 117.078583
[4]: 122.338570 123.219727
[4]: 127.325233 128.845459
[4]: 137.357025 137.093811
[4]: 135.438202 133.075012
[4]: 118.293678 118.086906
[4]: 130.544998 129.906662
[4]: 72.378479 74.227898
[4]: 134.428101 133.324158
[4]: 138.185135 140.945679
[4]: 131.946594 131.868683
[4]: 129.752075 128.115768
[3]: 126.828484 129.667557
[3]: 129.653915 129.926086
[3]: 128.184189 127.448074
[3]: 60.747887 60.540619
[3]: 131.634659 131.771637
[3]: 127.571281 126.479179
[3]: 135.544281 135.141663
[3]: 128.926208 130.633560
[3]: 134.955551 135.352875
[3]: 126.619873 125.978561
[3]: 116.327072 119.108917
[3]: 126.116821 127.657806
[3]: 127.036697 128.203644
[3]: 132.008835 132.660767
[3]: 128.686462 129.234131
[3]: 131.170807 131.750046
[3]: 133.028168 132.714172
[3]: 158.942490 155.685638
[3]: 123.843658 124.603302
[3]: 123.382866 122.442459
[3]: 125.431145 124.990410
[3]: 138.672226 136.959061
[3]: 131.774490 132.554504
[3]: 130.182083 128.384995
[3]: 130.847336 129.326920
[3]: 120.558922 120.673088
[3]: 126.209152 128.321609
[3]: 129.204926 128.891006
[3]: 125.528481 125.635117
[3]: 65.806732 64.354279
[3]: 129.252655 128.957504
[3]: 121.895149 117.774368
[3]: 125.710640 124.986511
[3]: 121.250786 121.671371
[2]: 126.362770 127.894775
[2]: 136.886917 136.264862
[2]: 137.536972 137.254089
[2]: 111.782516 113.327965
[2]: 137.944855 139.689117
[2]: 126.371696 126.364342
[2]: 129.312881 130.981094
[2]: 128.028534 128.233978
[2]: 141.726089 143.741364
[2]: 137.616516 136.178146
[2]: 114.597389 114.198883
[2]: 129.000870 130.096924
[2]: 123.003746 122.856323
[2]: 140.941269 141.394409
[2]: 132.449631 131.694214
[2]: 125.247688 125.654327
[2]: 134.266891 135.343277
[2]: 66.390739 68.268845
[2]: 130.865875 129.859833
[2]: 118.455132 117.726288
[2]: 131.264511 129.149658
[2]: 144.672943 144.983566
[2]: 141.477203 140.783249
[2]: 138.177719 136.607025
[2]: 124.964058 122.202629
[2]: 115.596512 115.770721
[2]: 124.978798 127.232552
[2]: 139.701065 141.488953
[2]: 116.827705 117.123810
[2]: 185.681778 187.028641
[2]: 115.857430 115.487915
[2]: 117.385323 115.701958
[2]: 126.339577 126.823853
[2]: 119.713501 119.795769
[1]: 126.479652 124.435265
[1]: 126.913033 126.022057
[1]: 137.611893 136.218262
[1]: 196.210587 195.582352
[1]: 127.379639 128.496063
[1]: 127.277992 127.885963
[1]: 126.872032 126.182396
[1]: 125.450928 126.707695
[1]: 137.759430 139.348587
[1]: 128.334290 128.695145
[1]: 120.159340 120.969055
[1]: 130.488739 129.116302
[1]: 128.511887 129.162750
[1]: 133.575012 133.181931
[1]: 132.680542 133.151993
[1]: 118.352852 118.258011
[1]: 134.100555 134.611816
[1]: 190.610031 191.817841
[1]: 133.807495 132.786499
[1]: 122.769608 122.490532
[1]: 126.026871 125.744560
[1]: 136.457764 135.743011
[1]: 139.364426 140.021667
[1]: 133.457840 134.113419
[1]: 128.569580 129.365189
[1]: 119.112518 119.186768
[1]: 121.645828 122.164551
[1]: 135.655533 136.165558
[1]: 126.079903 127.482735
[1]: 133.276215 131.550781
[1]: 118.580139 119.676590
[1]: 115.924835 117.413986
[1]: 125.870399 126.122925
[1]: 128.660110 130.843796
[0]: 125.584061 124.891190
[0]: 117.031250 117.632103
[0]: 116.759407 117.247887
[0]: 92.733406 91.521843
[0]: 116.137901 115.437042
[0]: 129.165359 129.795883
[0]: 122.926918 121.578682
[0]: 124.962730 123.861870
[0]: 105.991562 103.972305
[0]: 119.676598 121.032570
[0]: 154.074036 151.454742
[0]: 125.202896 124.158813
[0]: 131.844711 131.248230
[0]: 105.375740 105.238052
[0]: 116.039337 117.011108
[0]: 129.524658 130.063766
[0]: 116.141861 116.268654
[0]: 155.498062 155.970764
[0]: 123.485497 124.307205
[0]: 139.900665 141.321823
[0]: 124.829041 127.129501
[0]: 103.359131 105.662453
[0]: 106.192474 105.882210
[0]: 110.230698 112.333275
[0]: 124.323578 126.447815
[0]: 147.510895 147.295670
[0]: 131.333389 128.576889
[0]: 114.211845 112.386185
[0]: 140.291641 138.924698
[0]: 186.247910 185.904358
[0]: 143.403717 143.981277
[0]: 144.786957 146.401062
[0]: 127.662910 127.767845
[0]: 138.581039 137.356873
