[4]: 88.618607 132.432159
[4]: 127.787582 126.836334
[4]: 126.810211 117.904129
[4]: 171.755966 173.930054
[4]: 127.594971 124.594322
[4]: 125.590256 126.765602
[4]: 126.346436 122.387993
[4]: 128.269562 126.389420
[4]: 128.048584 111.252876
[4]: 129.252304 123.659187
[4]: 130.073898 133.923080
[4]: 129.375153 128.397034
[4]: 127.777138 127.930695
[4]: 128.195297 122.162163
[4]: 122.499603 123.592026
[4]: 128.924286 132.753708
[4]: 125.719704 118.670052
[4]: 60.692219 67.263580
[4]: 125.661758 125.855522
[4]: 129.458191 131.628586
[4]: 129.596848 130.921097
[4]: 127.658783 113.843704
[4]: 126.638695 117.078583
[4]: 129.011246 123.219727
[4]: 125.686348 128.845459
[4]: 124.626587 137.093811
[4]: 127.216988 133.075012
[4]: 128.075714 118.086906
[4]: 127.688156 129.906662
[4]: 143.378052 74.227898
[4]: 125.735008 133.324158
[4]: 172.611786 140.945679
[4]: 127.710564 131.868683
[4]: 124.414459 128.115768
[3]: 169.328461 129.667557
[3]: 128.140808 129.926086
[3]: 120.060349 127.448074
[3]: 86.253830 60.540619
[3]: 127.784393 131.771637
[3]: 130.636887 126.479179
[3]: 131.700806 135.141663
[3]: 127.463860 130.633560
[3]: 125.700279 135.352875
[3]: 126.004700 125.978561
[3]: 126.155609 119.108917
[3]: 128.357712 127.657806
[3]: 129.713867 128.203644
[3]: 127.867119 132.660767
[3]: 122.866943 129.234131
[3]: 129.894196 131.750046
[3]: 126.589081 132.714172
[3]: 173.669983 155.685638
[3]: 128.152298 124.603302
[3]: 127.087074 122.442459
[3]: 128.238937 124.990410
[3]: 129.903687 136.959061
[3]: 126.364510 132.554504
[3]: 131.310776 128.384995
[3]: 128.377045 129.326920
[3]: 126.827499 120.673088
[3]: 128.418839 128.321609
[3]: 125.731537 128.891006
[3]: 128.203232 125.635117
[3]: 68.341080 64.354279
[3]: 128.945831 128.957504
[3]: 82.829063 117.774368
[3]: 128.769073 124.986511
[3]: 127.378181 121.671371
[2]: 170.181519 127.894775
[2]: 127.754173 136.264862
[2]: 132.391434 137.254089
[2]: 84.562286 113.327965
[2]: 129.484283 139.689117
[2]: 125.593704 126.364342
[2]: 125.153702 130.981094
[2]: 127.669411 128.233978
[2]: 127.567436 143.741364
[2]: 129.167023 136.178146
[2]: 128.151871 114.198883
[2]: 128.927750 130.096924
[2]: 128.612900 122.856323
[2]: 127.659409 141.394409
[2]: 130.046127 131.694214
[2]: 126.318375 125.654327
[2]: 129.048630 135.343277
[2]: 58.746082 68.268845
[2]: 124.729012 129.859833
[2]: 125.389740 117.726288
[2]: 127.759399 129.149658
[2]: 127.770729 144.983566
[2]: 129.397476 140.783249
[2]: 123.699509 136.607025
[2]: 124.896698 122.202629
[2]: 128.746384 115.770721
[2]: 127.684204 127.232552
[2]: 128.285187 141.488953
[2]: 126.062103 117.123810
[2]: 139.806564 187.028641
[2]: 127.650505 115.487915
[2]: 85.370758 115.701958
[2]: 127.516518 126.823853
[2]: 127.307556 119.795769
[1]: 82.538795 124.435265
[1]: 125.981346 126.022057
[1]: 126.966736 136.218262
[1]: 171.170456 195.582352
[1]: 127.861038 128.496063
[1]: 130.046860 127.885963
[1]: 128.771713 126.182396
[1]: 126.205658 126.707695
[1]: 127.194679 139.348587
[1]: 126.832924 128.695145
[1]: 126.168259 120.969055
[1]: 125.362686 129.116302
[1]: 128.568008 129.162750
[1]: 128.277420 133.181931
[1]: 131.705948 133.151993
[1]: 125.918953 118.258011
[1]: 127.798058 134.611816
[1]: 173.303162 191.817841
[1]: 127.115997 132.786499
[1]: 121.984131 122.490532
[1]: 127.282906 125.744560
[1]: 129.000504 135.743011
[1]: 129.557022 140.021667
[1]: 124.927223 134.113419
[1]: 130.189194 129.365189
[1]: 132.945129 119.186768
[1]: 128.027359 122.164551
[1]: 127.304092 136.165558
[1]: 125.514565 127.482735
[1]: 71.447533 131.550781
[1]: 129.221359 119.676590
[1]: 167.114136 117.413986
[1]: 126.876740 126.122925
[1]: 130.888062 130.843796
[0]: 130.449234 124.891190
[0]: 128.756256 117.632103
[0]: 130.939102 117.247887
[0]: 121.923584 91.521843
[0]: 125.816216 115.437042
[0]: 125.288437 129.795883
[0]: 125.398438 121.578682
[0]: 125.811974 123.861870
[0]: 129.198624 103.972305
[0]: 125.498177 121.032570
[0]: 124.337715 151.454742
[0]: 125.532524 124.158813
[0]: 124.507843 131.248230
[0]: 126.266388 105.238052
[0]: 129.006622 117.011108
[0]: 127.020187 130.063766
[0]: 130.681030 116.268654
[0]: 192.979553 155.970764
[0]: 131.463654 124.307205
[0]: 132.686966 141.321823
[0]: 125.918327 127.129501
[0]: 121.572983 105.662453
[0]: 124.922401 105.882210
[0]: 129.465363 112.333275
[0]: 128.956406 126.447815
[0]: 126.593842 147.295670
[0]: 128.068954 128.576889
[0]: 128.366547 112.386185
[0]: 133.236115 138.924698
[0]: 208.632004 185.904358
[0]: 126.385460 143.981277
[0]: 124.760834 146.401062
[0]: 126.595032 127.767845
[0]: 127.112457 137.356873
