[4]: 134.835526 132.432159
[4]: 125.559196 126.836334
[4]: 116.450439 117.904129
[4]: 175.928635 173.930054
[4]: 122.988068 124.594322
[4]: 126.566788 126.765602
[4]: 122.296555 122.387993
[4]: 126.069557 126.389420
[4]: 110.827774 111.252876
[4]: 125.997467 123.659187
[4]: 136.207077 133.923080
[4]: 130.517395 128.397034
[4]: 126.431709 127.930695
[4]: 122.501816 122.162163
[4]: 123.218704 123.592026
[4]: 131.809509 132.753708
[4]: 118.152702 118.670052
[4]: 67.989960 67.263580
[4]: 126.060783 125.855522
[4]: 131.248413 131.628586
[4]: 131.416931 130.921097
[4]: 113.874962 113.843704
[4]: 115.867058 117.078583
[4]: 124.835121 123.219727
[4]: 130.652542 128.845459
[4]: 133.804459 137.093811
[4]: 132.964905 133.075012
[4]: 117.894562 118.086906
[4]: 129.332916 129.906662
[4]: 75.705658 74.227898
[4]: 133.339478 133.324158
[4]: 139.364365 140.945679
[4]: 131.898758 131.868683
[4]: 126.092476 128.115768
[3]: 127.963600 129.667557
[3]: 129.449097 129.926086
[3]: 127.894531 127.448074
[3]: 61.381504 60.540619
[3]: 131.586761 131.771637
[3]: 126.433617 126.479179
[3]: 135.958084 135.141663
[3]: 130.381653 130.633560
[3]: 135.337708 135.352875
[3]: 123.989731 125.978561
[3]: 118.116280 119.108917
[3]: 125.870346 127.657806
[3]: 129.880615 128.203644
[3]: 131.574005 132.660767
[3]: 129.192108 129.234131
[3]: 132.095123 131.750046
[3]: 133.125229 132.714172
[3]: 155.733459 155.685638
[3]: 124.827873 124.603302
[3]: 122.612816 122.442459
[3]: 125.972778 124.990410
[3]: 136.658859 136.959061
[3]: 133.045975 132.554504
[3]: 127.727150 128.384995
[3]: 128.376221 129.326920
[3]: 121.282417 120.673088
[3]: 127.530296 128.321609
[3]: 130.223999 128.891006
[3]: 127.446297 125.635117
[3]: 63.233101 64.354279
[3]: 130.036942 128.957504
[3]: 120.087349 117.774368
[3]: 125.741852 124.986511
[3]: 122.091934 121.671371
[2]: 126.871712 127.894775
[2]: 135.166229 136.264862
[2]: 139.362030 137.254089
[2]: 110.788925 113.327965
[2]: 141.286880 139.689117
[2]: 126.914078 126.364342
[2]: 131.342819 130.981094
[2]: 127.730247 128.233978
[2]: 144.388474 143.741364
[2]: 134.106827 136.178146
[2]: 112.231255 114.198883
[2]: 128.070419 130.096924
[2]: 124.189613 122.856323
[2]: 141.855484 141.394409
[2]: 131.278107 131.694214
[2]: 126.903305 125.654327
[2]: 136.856445 135.343277
[2]: 67.970665 68.268845
[2]: 130.604614 129.859833
[2]: 117.255127 117.726288
[2]: 129.415970 129.149658
[2]: 145.595856 144.983566
[2]: 142.687561 140.783249
[2]: 135.964630 136.607025
[2]: 120.132225 122.202629
[2]: 118.969215 115.770721
[2]: 127.693352 127.232552
[2]: 143.432281 141.488953
[2]: 117.650352 117.123810
[2]: 185.160431 187.028641
[2]: 115.001450 115.487915
[2]: 117.366051 115.701958
[2]: 127.233421 126.823853
[2]: 122.507515 119.795769
[1]: 124.335205 124.435265
[1]: 127.530510 126.022057
[1]: 138.337296 136.218262
[1]: 195.133514 195.582352
[1]: 129.863098 128.496063
[1]: 127.820419 127.885963
[1]: 126.077660 126.182396
[1]: 126.524345 126.707695
[1]: 139.971954 139.348587
[1]: 127.163635 128.695145
[1]: 120.455086 120.969055
[1]: 129.451157 129.116302
[1]: 129.367645 129.162750
[1]: 133.909393 133.181931
[1]: 132.856079 133.151993
[1]: 118.468872 118.258011
[1]: 135.587051 134.611816
[1]: 191.490601 191.817841
[1]: 132.151535 132.786499
[1]: 123.206085 122.490532
[1]: 124.269028 125.744560
[1]: 136.107788 135.743011
[1]: 138.824570 140.021667
[1]: 132.800003 134.113419
[1]: 128.824265 129.365189
[1]: 122.046227 119.186768
[1]: 121.975883 122.164551
[1]: 134.837128 136.165558
[1]: 127.523109 127.482735
[1]: 134.410553 131.550781
[1]: 120.860168 119.676590
[1]: 116.985283 117.413986
[1]: 126.204857 126.122925
[1]: 130.711792 130.843796
[0]: 125.359726 124.891190
[0]: 119.024117 117.632103
[0]: 113.582802 117.247887
[0]: 90.245720 91.521843
[0]: 114.097664 115.437042
[0]: 129.563004 129.795883
[0]: 120.477097 121.578682
[0]: 125.210197 123.861870
[0]: 102.810371 103.972305
[0]: 124.631546 121.032570
[0]: 152.996536 151.454742
[0]: 125.589020 124.158813
[0]: 129.339325 131.248230
[0]: 104.557991 105.238052
[0]: 118.098015 117.011108
[0]: 129.237427 130.063766
[0]: 113.519447 116.268654
[0]: 154.945801 155.970764
[0]: 123.672859 124.307205
[0]: 141.391098 141.321823
[0]: 126.891441 127.129501
[0]: 104.708298 105.662453
[0]: 105.683060 105.882210
[0]: 113.293434 112.333275
[0]: 128.272522 126.447815
[0]: 143.786514 147.295670
[0]: 129.350296 128.576889
[0]: 110.377617 112.386185
[0]: 136.967758 138.924698
[0]: 185.774765 185.904358
[0]: 142.124023 143.981277
[0]: 144.476486 146.401062
[0]: 126.370010 127.767845
[0]: 136.365433 137.356873
