[4]: 134.689285 132.432159
[4]: 126.455055 126.836334
[4]: 117.363136 117.904129
[4]: 171.581146 173.930054
[4]: 128.114639 124.594322
[4]: 127.098190 126.765602
[4]: 122.965752 122.387993
[4]: 128.684433 126.389420
[4]: 116.724945 111.252876
[4]: 122.989265 123.659187
[4]: 136.136581 133.923080
[4]: 127.825951 128.397034
[4]: 128.947891 127.930695
[4]: 122.700104 122.162163
[4]: 123.780739 123.592026
[4]: 134.816635 132.753708
[4]: 120.576286 118.670052
[4]: 68.230469 67.263580
[4]: 126.345428 125.855522
[4]: 130.483109 131.628586
[4]: 128.379745 130.921097
[4]: 111.757774 113.843704
[4]: 117.236191 117.078583
[4]: 122.068726 123.219727
[4]: 127.087692 128.845459
[4]: 136.518295 137.093811
[4]: 135.640778 133.075012
[4]: 121.157509 118.086906
[4]: 131.742111 129.906662
[4]: 70.627541 74.227898
[4]: 134.012619 133.324158
[4]: 137.406937 140.945679
[4]: 130.734421 131.868683
[4]: 132.448639 128.115768
[3]: 125.641113 129.667557
[3]: 129.579987 129.926086
[3]: 127.912766 127.448074
[3]: 61.382160 60.540619
[3]: 131.234344 131.771637
[3]: 127.792458 126.479179
[3]: 135.648712 135.141663
[3]: 129.171646 130.633560
[3]: 134.599731 135.352875
[3]: 127.295868 125.978561
[3]: 116.335686 119.108917
[3]: 126.482246 127.657806
[3]: 127.786346 128.203644
[3]: 131.859390 132.660767
[3]: 128.408569 129.234131
[3]: 131.606323 131.750046
[3]: 133.810486 132.714172
[3]: 161.138733 155.685638
[3]: 123.308960 124.603302
[3]: 123.603416 122.442459
[3]: 127.148369 124.990410
[3]: 140.320480 136.959061
[3]: 132.013947 132.554504
[3]: 132.043259 128.384995
[3]: 131.403397 129.326920
[3]: 121.598167 120.673088
[3]: 125.679131 128.321609
[3]: 127.907356 128.891006
[3]: 124.192490 125.635117
[3]: 66.903046 64.354279
[3]: 129.279648 128.957504
[3]: 122.573479 117.774368
[3]: 125.725449 124.986511
[3]: 119.693626 121.671371
[2]: 126.359032 127.894775
[2]: 135.423981 136.264862
[2]: 135.883270 137.254089
[2]: 111.584145 113.327965
[2]: 135.670761 139.689117
[2]: 126.036255 126.364342
[2]: 128.484512 130.981094
[2]: 127.603928 128.233978
[2]: 138.599899 143.741364
[2]: 138.961609 136.178146
[2]: 113.882637 114.198883
[2]: 128.073303 130.096924
[2]: 123.564751 122.856323
[2]: 139.967453 141.394409
[2]: 133.009140 131.694214
[2]: 124.720421 125.654327
[2]: 133.641754 135.343277
[2]: 66.060455 68.268845
[2]: 129.488922 129.859833
[2]: 119.825409 117.726288
[2]: 131.784744 129.149658
[2]: 146.867737 144.983566
[2]: 141.548203 140.783249
[2]: 137.493820 136.607025
[2]: 124.703239 122.202629
[2]: 116.256638 115.770721
[2]: 124.847481 127.232552
[2]: 136.842667 141.488953
[2]: 115.309135 117.123810
[2]: 185.587143 187.028641
[2]: 116.586349 115.487915
[2]: 117.681564 115.701958
[2]: 128.314651 126.823853
[2]: 116.639473 119.795769
[1]: 127.407585 124.435265
[1]: 126.734482 126.022057
[1]: 138.181793 136.218262
[1]: 196.057251 195.582352
[1]: 126.617104 128.496063
[1]: 127.023132 127.885963
[1]: 126.639305 126.182396
[1]: 125.959343 126.707695
[1]: 136.137863 139.348587
[1]: 128.265289 128.695145
[1]: 120.107094 120.969055
[1]: 129.868362 129.116302
[1]: 127.943535 129.162750
[1]: 133.703720 133.181931
[1]: 133.573959 133.151993
[1]: 117.359840 118.258011
[1]: 133.303528 134.611816
[1]: 190.486099 191.817841
[1]: 134.102188 132.786499
[1]: 122.370041 122.490532
[1]: 126.455795 125.744560
[1]: 137.558609 135.743011
[1]: 139.622635 140.021667
[1]: 133.921249 134.113419
[1]: 127.585327 129.365189
[1]: 119.671005 119.186768
[1]: 121.345428 122.164551
[1]: 134.493027 136.165558
[1]: 125.551910 127.482735
[1]: 135.083267 131.550781
[1]: 118.888779 119.676590
[1]: 115.138252 117.413986
[1]: 127.615158 126.122925
[1]: 128.209824 130.843796
[0]: 125.120743 124.891190
[0]: 118.272041 117.632103
[0]: 116.419418 117.247887
[0]: 92.959930 91.521843
[0]: 118.312988 115.437042
[0]: 129.360489 129.795883
[0]: 122.563293 121.578682
[0]: 124.416183 123.861870
[0]: 107.538239 103.972305
[0]: 117.497116 121.032570
[0]: 153.955734 151.454742
[0]: 127.384842 124.158813
[0]: 131.300598 131.248230
[0]: 105.961670 105.238052
[0]: 115.567398 117.011108
[0]: 130.010208 130.063766
[0]: 116.070457 116.268654
[0]: 155.050644 155.970764
[0]: 124.039635 124.307205
[0]: 139.460800 141.321823
[0]: 123.753273 127.129501
[0]: 99.647720 105.662453
[0]: 105.425179 105.882210
[0]: 108.383881 112.333275
[0]: 125.357605 126.447815
[0]: 146.246109 147.295670
[0]: 132.184906 128.576889
[0]: 116.697052 112.386185
[0]: 143.000778 138.924698
[0]: 185.497467 185.904358
[0]: 142.972855 143.981277
[0]: 145.692596 146.401062
[0]: 124.828445 127.767845
[0]: 141.449188 137.356873
