[4]: 133.090347 132.432159
[4]: 126.305176 126.836334
[4]: 117.010712 117.904129
[4]: 173.415985 173.930054
[4]: 126.209267 124.594322
[4]: 126.075203 126.765602
[4]: 122.012932 122.387993
[4]: 127.865219 126.389420
[4]: 112.893387 111.252876
[4]: 123.285179 123.659187
[4]: 134.767014 133.923080
[4]: 128.702209 128.397034
[4]: 129.125809 127.930695
[4]: 122.702286 122.162163
[4]: 124.967476 123.592026
[4]: 133.826111 132.753708
[4]: 119.802155 118.670052
[4]: 67.194115 67.263580
[4]: 125.175629 125.855522
[4]: 131.146118 131.628586
[4]: 130.293350 130.921097
[4]: 113.605270 113.843704
[4]: 117.373711 117.078583
[4]: 121.940979 123.219727
[4]: 128.065292 128.845459
[4]: 136.583450 137.093811
[4]: 134.963593 133.075012
[4]: 118.203949 118.086906
[4]: 130.610107 129.906662
[4]: 73.487701 74.227898
[4]: 134.324524 133.324158
[4]: 139.774231 140.945679
[4]: 132.090042 131.868683
[4]: 129.164993 128.115768
[3]: 128.456802 129.667557
[3]: 130.117340 129.926086
[3]: 127.326019 127.448074
[3]: 60.852501 60.540619
[3]: 131.682114 131.771637
[3]: 126.958984 126.479179
[3]: 135.296570 135.141663
[3]: 129.325699 130.633560
[3]: 134.522186 135.352875
[3]: 125.865623 125.978561
[3]: 117.448441 119.108917
[3]: 126.633362 127.657806
[3]: 127.095314 128.203644
[3]: 132.525620 132.660767
[3]: 128.821793 129.234131
[3]: 131.286484 131.750046
[3]: 132.665314 132.714172
[3]: 157.619919 155.685638
[3]: 124.313751 124.603302
[3]: 122.650314 122.442459
[3]: 125.315392 124.990410
[3]: 137.189926 136.959061
[3]: 131.440475 132.554504
[3]: 129.818756 128.384995
[3]: 129.738129 129.326920
[3]: 121.022499 120.673088
[3]: 127.287262 128.321609
[3]: 128.943283 128.891006
[3]: 125.351952 125.635117
[3]: 64.627579 64.354279
[3]: 129.207657 128.957504
[3]: 119.289764 117.774368
[3]: 125.386169 124.986511
[3]: 122.256721 121.671371
[2]: 127.293755 127.894775
[2]: 136.557846 136.264862
[2]: 136.828552 137.254089
[2]: 111.755310 113.327965
[2]: 138.974472 139.689117
[2]: 127.231331 126.364342
[2]: 129.163498 130.981094
[2]: 128.606522 128.233978
[2]: 142.433319 143.741364
[2]: 137.978134 136.178146
[2]: 114.252563 114.198883
[2]: 128.783539 130.096924
[2]: 122.593079 122.856323
[2]: 140.357300 141.394409
[2]: 131.543625 131.694214
[2]: 125.408188 125.654327
[2]: 133.791260 135.343277
[2]: 67.709106 68.268845
[2]: 130.696136 129.859833
[2]: 117.457260 117.726288
[2]: 130.708954 129.149658
[2]: 145.594437 144.983566
[2]: 142.247238 140.783249
[2]: 137.504730 136.607025
[2]: 123.271965 122.202629
[2]: 115.275391 115.770721
[2]: 125.854630 127.232552
[2]: 140.150772 141.488953
[2]: 116.856300 117.123810
[2]: 185.895355 187.028641
[2]: 114.463142 115.487915
[2]: 116.981949 115.701958
[2]: 125.928909 126.823853
[2]: 119.621155 119.795769
[1]: 125.395058 124.435265
[1]: 126.183395 126.022057
[1]: 137.014603 136.218262
[1]: 196.145416 195.582352
[1]: 127.717651 128.496063
[1]: 127.992546 127.885963
[1]: 126.710190 126.182396
[1]: 126.827248 126.707695
[1]: 137.949432 139.348587
[1]: 128.801376 128.695145
[1]: 120.723549 120.969055
[1]: 130.293381 129.116302
[1]: 128.654648 129.162750
[1]: 133.403839 133.181931
[1]: 132.728989 133.151993
[1]: 117.739861 118.258011
[1]: 134.107269 134.611816
[1]: 191.012268 191.817841
[1]: 133.082184 132.786499
[1]: 123.462097 122.490532
[1]: 125.692329 125.744560
[1]: 136.422638 135.743011
[1]: 139.170578 140.021667
[1]: 134.327713 134.113419
[1]: 129.503036 129.365189
[1]: 119.519188 119.186768
[1]: 121.285225 122.164551
[1]: 135.632828 136.165558
[1]: 126.769066 127.482735
[1]: 132.543259 131.550781
[1]: 118.981827 119.676590
[1]: 116.892883 117.413986
[1]: 125.856148 126.122925
[1]: 128.916183 130.843796
[0]: 125.102791 124.891190
[0]: 117.437096 117.632103
[0]: 117.809357 117.247887
[0]: 92.300476 91.521843
[0]: 115.326149 115.437042
[0]: 128.972260 129.795883
[0]: 123.174240 121.578682
[0]: 123.157578 123.861870
[0]: 105.868698 103.972305
[0]: 119.430916 121.032570
[0]: 152.745819 151.454742
[0]: 125.041565 124.158813
[0]: 132.047409 131.248230
[0]: 105.512840 105.238052
[0]: 116.522972 117.011108
[0]: 130.316696 130.063766
[0]: 117.231949 116.268654
[0]: 155.538864 155.970764
[0]: 124.080978 124.307205
[0]: 140.939545 141.321823
[0]: 125.821037 127.129501
[0]: 104.077888 105.662453
[0]: 105.959808 105.882210
[0]: 110.808243 112.333275
[0]: 125.544014 126.447815
[0]: 147.784546 147.295670
[0]: 130.160248 128.576889
[0]: 114.083466 112.386185
[0]: 139.637863 138.924698
[0]: 186.418640 185.904358
[0]: 144.651779 143.981277
[0]: 145.348557 146.401062
[0]: 128.355438 127.767845
[0]: 137.943756 137.356873
