[4]: 133.177414 132.432159
[4]: 126.586655 126.836334
[4]: 117.438843 117.904129
[4]: 173.313202 173.930054
[4]: 125.386429 124.594322
[4]: 126.519356 126.765602
[4]: 121.747131 122.387993
[4]: 127.161346 126.389420
[4]: 111.616737 111.252876
[4]: 123.082809 123.659187
[4]: 134.018051 133.923080
[4]: 128.890198 128.397034
[4]: 128.512711 127.930695
[4]: 122.534561 122.162163
[4]: 124.936745 123.592026
[4]: 133.373520 132.753708
[4]: 118.853691 118.670052
[4]: 67.282318 67.263580
[4]: 125.253662 125.855522
[4]: 131.889313 131.628586
[4]: 130.574783 130.921097
[4]: 114.044731 113.843704
[4]: 117.360542 117.078583
[4]: 122.943314 123.219727
[4]: 128.270447 128.845459
[4]: 137.101257 137.093811
[4]: 134.300217 133.075012
[4]: 117.519356 118.086906
[4]: 130.854797 129.906662
[4]: 73.820679 74.227898
[4]: 133.632095 133.324158
[4]: 139.829788 140.945679
[4]: 131.939041 131.868683
[4]: 128.468933 128.115768
[3]: 128.157379 129.667557
[3]: 129.611084 129.926086
[3]: 126.969444 127.448074
[3]: 60.729076 60.540619
[3]: 132.252014 131.771637
[3]: 127.466438 126.479179
[3]: 135.296783 135.141663
[3]: 129.927567 130.633560
[3]: 134.935226 135.352875
[3]: 126.061188 125.978561
[3]: 117.615067 119.108917
[3]: 126.826050 127.657806
[3]: 127.806671 128.203644
[3]: 132.300064 132.660767
[3]: 128.685318 129.234131
[3]: 131.634369 131.750046
[3]: 132.959518 132.714172
[3]: 156.998047 155.685638
[3]: 124.218254 124.603302
[3]: 122.762520 122.442459
[3]: 125.434944 124.990410
[3]: 137.168396 136.959061
[3]: 131.891388 132.554504
[3]: 129.265915 128.384995
[3]: 129.420013 129.326920
[3]: 120.759476 120.673088
[3]: 127.315933 128.321609
[3]: 128.992569 128.891006
[3]: 125.519966 125.635117
[3]: 64.384468 64.354279
[3]: 129.454559 128.957504
[3]: 119.626083 117.774368
[3]: 125.100182 124.986511
[3]: 122.521370 121.671371
[2]: 126.716682 127.894775
[2]: 136.845169 136.264862
[2]: 137.381088 137.254089
[2]: 112.360817 113.327965
[2]: 139.646606 139.689117
[2]: 126.375496 126.364342
[2]: 130.232559 130.981094
[2]: 128.088745 128.233978
[2]: 142.834076 143.741364
[2]: 137.056503 136.178146
[2]: 114.725861 114.198883
[2]: 129.051163 130.096924
[2]: 122.607025 122.856323
[2]: 140.973907 141.394409
[2]: 131.678375 131.694214
[2]: 125.302315 125.654327
[2]: 134.725296 135.343277
[2]: 67.774704 68.268845
[2]: 130.400558 129.859833
[2]: 116.721870 117.726288
[2]: 130.269669 129.149658
[2]: 144.683243 144.983566
[2]: 141.377411 140.783249
[2]: 137.623856 136.607025
[2]: 122.796730 122.202629
[2]: 115.325935 115.770721
[2]: 126.519951 127.232552
[2]: 141.082916 141.488953
[2]: 116.542938 117.123810
[2]: 186.208466 187.028641
[2]: 114.865921 115.487915
[2]: 116.858742 115.701958
[2]: 126.374619 126.823853
[2]: 119.710373 119.795769
[1]: 125.614700 124.435265
[1]: 126.246948 126.022057
[1]: 136.529175 136.218262
[1]: 195.874237 195.582352
[1]: 127.554802 128.496063
[1]: 127.711182 127.885963
[1]: 126.716690 126.182396
[1]: 127.149071 126.707695
[1]: 138.908264 139.348587
[1]: 129.360367 128.695145
[1]: 121.022919 120.969055
[1]: 129.749634 129.116302
[1]: 128.751495 129.162750
[1]: 133.386002 133.181931
[1]: 132.591858 133.151993
[1]: 118.029755 118.258011
[1]: 134.535767 134.611816
[1]: 191.222717 191.817841
[1]: 133.191254 132.786499
[1]: 123.050880 122.490532
[1]: 125.702789 125.744560
[1]: 136.126007 135.743011
[1]: 139.679565 140.021667
[1]: 133.542145 134.113419
[1]: 129.682053 129.365189
[1]: 119.411324 119.186768
[1]: 121.568245 122.164551
[1]: 135.798721 136.165558
[1]: 126.633415 127.482735
[1]: 132.147827 131.550781
[1]: 119.169037 119.676590
[1]: 116.762680 117.413986
[1]: 126.191956 126.122925
[1]: 129.496780 130.843796
[0]: 125.706490 124.891190
[0]: 117.367729 117.632103
[0]: 117.758331 117.247887
[0]: 92.098122 91.521843
[0]: 115.122887 115.437042
[0]: 129.163254 129.795883
[0]: 122.335587 121.578682
[0]: 123.473221 123.861870
[0]: 105.445625 103.972305
[0]: 119.874199 121.032570
[0]: 152.413574 151.454742
[0]: 124.946693 124.158813
[0]: 131.777359 131.248230
[0]: 105.406204 105.238052
[0]: 116.756874 117.011108
[0]: 130.191711 130.063766
[0]: 116.524040 116.268654
[0]: 155.676926 155.970764
[0]: 124.322304 124.307205
[0]: 141.179535 141.321823
[0]: 125.854568 127.129501
[0]: 105.082443 105.662453
[0]: 105.976944 105.882210
[0]: 111.154251 112.333275
[0]: 125.970863 126.447815
[0]: 147.466537 147.295670
[0]: 129.791840 128.576889
[0]: 113.683861 112.386185
[0]: 139.601593 138.924698
[0]: 186.628845 185.904358
[0]: 144.391037 143.981277
[0]: 145.088959 146.401062
[0]: 127.965118 127.767845
[0]: 137.614014 137.356873
