[4]: 109.429947 132.432159
[4]: 131.474335 126.836334
[4]: 122.804024 117.904129
[4]: 200.680984 173.930054
[4]: 130.241089 124.594322
[4]: 127.948402 126.765602
[4]: 124.192688 122.387993
[4]: 128.426208 126.389420
[4]: 125.934700 111.252876
[4]: 129.940659 123.659187
[4]: 129.243484 133.923080
[4]: 129.531631 128.397034
[4]: 125.114670 127.930695
[4]: 129.118942 122.162163
[4]: 125.392937 123.592026
[4]: 130.762299 132.753708
[4]: 125.749847 118.670052
[4]: 60.988258 67.263580
[4]: 125.630638 125.855522
[4]: 129.897522 131.628586
[4]: 130.636505 130.921097
[4]: 126.950630 113.843704
[4]: 127.920822 117.078583
[4]: 125.949028 123.219727
[4]: 126.441330 128.845459
[4]: 124.814606 137.093811
[4]: 129.195267 133.075012
[4]: 128.060135 118.086906
[4]: 125.391068 129.906662
[4]: 128.895111 74.227898
[4]: 126.515526 133.324158
[4]: 162.314026 140.945679
[4]: 126.440971 131.868683
[4]: 124.985321 128.115768
[3]: 170.422394 129.667557
[3]: 126.283905 129.926086
[3]: 124.855614 127.448074
[3]: 86.016190 60.540619
[3]: 128.868607 131.771637
[3]: 126.903168 126.479179
[3]: 128.212097 135.141663
[3]: 128.080002 130.633560
[3]: 127.035332 135.352875
[3]: 125.276672 125.978561
[3]: 126.249344 119.108917
[3]: 128.676926 127.657806
[3]: 127.713280 128.203644
[3]: 127.087105 132.660767
[3]: 127.100929 129.234131
[3]: 129.691132 131.750046
[3]: 126.671165 132.714172
[3]: 127.300995 155.685638
[3]: 126.477890 124.603302
[3]: 126.823296 122.442459
[3]: 126.443970 124.990410
[3]: 127.403137 136.959061
[3]: 127.037506 132.554504
[3]: 126.793472 128.384995
[3]: 127.959747 129.326920
[3]: 125.630852 120.673088
[3]: 128.857849 128.321609
[3]: 127.015297 128.891006
[3]: 128.575485 125.635117
[3]: 63.180096 64.354279
[3]: 128.810944 128.957504
[3]: 84.154686 117.774368
[3]: 127.825729 124.986511
[3]: 125.988029 121.671371
[2]: 168.643265 127.894775
[2]: 128.697266 136.264862
[2]: 128.772614 137.254089
[2]: 81.944130 113.327965
[2]: 127.523064 139.689117
[2]: 128.296906 126.364342
[2]: 126.995003 130.981094
[2]: 127.490265 128.233978
[2]: 126.744682 143.741364
[2]: 128.806320 136.178146
[2]: 127.708549 114.198883
[2]: 127.962006 130.096924
[2]: 128.407227 122.856323
[2]: 127.928497 141.394409
[2]: 127.499168 131.694214
[2]: 126.381088 125.654327
[2]: 128.728027 135.343277
[2]: 128.972519 68.268845
[2]: 128.675232 129.859833
[2]: 126.737892 117.726288
[2]: 129.289719 129.149658
[2]: 127.756538 144.983566
[2]: 127.985008 140.783249
[2]: 127.478409 136.607025
[2]: 126.035301 122.202629
[2]: 129.315414 115.770721
[2]: 126.727127 127.232552
[2]: 127.742889 141.488953
[2]: 126.814201 117.123810
[2]: 191.535233 187.028641
[2]: 127.512299 115.487915
[2]: 86.449707 115.701958
[2]: 127.134094 126.823853
[2]: 128.010056 119.795769
[1]: 95.349571 124.435265
[1]: 124.722649 126.022057
[1]: 133.670715 136.218262
[1]: 203.213715 195.582352
[1]: 127.801575 128.496063
[1]: 127.037270 127.885963
[1]: 128.447083 126.182396
[1]: 124.985703 126.707695
[1]: 129.167236 139.348587
[1]: 125.357079 128.695145
[1]: 125.480606 120.969055
[1]: 126.610390 129.116302
[1]: 129.584106 129.162750
[1]: 126.190201 133.181931
[1]: 128.418121 133.151993
[1]: 123.363159 118.258011
[1]: 132.026459 134.611816
[1]: 192.341171 191.817841
[1]: 129.978195 132.786499
[1]: 122.604309 122.490532
[1]: 124.006973 125.744560
[1]: 127.587776 135.743011
[1]: 129.191635 140.021667
[1]: 128.966843 134.113419
[1]: 128.188324 129.365189
[1]: 126.968445 119.186768
[1]: 125.526367 122.164551
[1]: 128.195206 136.165558
[1]: 128.833038 127.482735
[1]: 126.997231 131.550781
[1]: 127.869507 119.676590
[1]: 145.180817 117.413986
[1]: 129.868973 126.122925
[1]: 132.072495 130.843796
[0]: 45.480198 124.891190
[0]: 125.793961 117.632103
[0]: 127.239761 117.247887
[0]: 92.547523 91.521843
[0]: 125.990379 115.437042
[0]: 126.622536 129.795883
[0]: 129.122543 121.578682
[0]: 126.534508 123.861870
[0]: 126.839333 103.972305
[0]: 126.525795 121.032570
[0]: 130.033371 151.454742
[0]: 126.261147 124.158813
[0]: 128.341141 131.248230
[0]: 125.430870 105.238052
[0]: 126.933693 117.011108
[0]: 127.714638 130.063766
[0]: 124.840462 116.268654
[0]: 129.758423 155.970764
[0]: 126.716110 124.307205
[0]: 128.904160 141.321823
[0]: 127.179565 127.129501
[0]: 129.902573 105.662453
[0]: 125.649353 105.882210
[0]: 126.519798 112.333275
[0]: 128.121521 126.447815
[0]: 132.969788 147.295670
[0]: 129.255264 128.576889
[0]: 127.335480 112.386185
[0]: 128.913666 138.924698
[0]: 126.955643 185.904358
[0]: 129.794189 143.981277
[0]: 208.682388 146.401062
[0]: 125.901108 127.767845
[0]: 126.076828 137.356873
