[4]: 132.432159 155.252441
[4]: 126.836334 127.373161
[4]: 117.904129 143.574188
[4]: 173.930054 159.638062
[4]: 124.594322 122.751587
[4]: 126.765602 119.237259
[4]: 122.387993 130.627609
[4]: 126.389420 127.327087
[4]: 111.252876 118.758865
[4]: 123.659187 116.792320
[4]: 133.923080 126.520287
[4]: 128.397034 126.810829
[4]: 127.930695 134.964539
[4]: 122.162163 137.548248
[4]: 123.592026 125.862633
[4]: 132.753708 151.014938
[4]: 118.670052 127.102676
[4]: 67.263580 75.802307
[4]: 125.855522 125.253830
[4]: 131.628586 142.834213
[4]: 130.921097 131.503403
[4]: 113.843704 98.893913
[4]: 117.078583 119.197540
[4]: 123.219727 127.377419
[4]: 128.845459 119.512856
[4]: 137.093811 131.768463
[4]: 133.075012 161.171371
[4]: 118.086906 121.786896
[4]: 129.906662 114.473129
[4]: 74.227898 102.187164
[4]: 133.324158 127.253754
[4]: 140.945679 131.159286
[4]: 131.868683 113.937355
[4]: 128.115768 112.420937
[3]: 129.667557 123.377228
[3]: 129.926086 141.184845
[3]: 127.448074 124.314102
[3]: 60.540619 105.995308
[3]: 131.771637 140.061264
[3]: 126.479179 134.098984
[3]: 135.141663 147.255981
[3]: 130.633560 136.920761
[3]: 135.352875 118.226608
[3]: 125.978561 143.965286
[3]: 119.108917 103.073975
[3]: 127.657806 113.846474
[3]: 128.203644 122.586678
[3]: 132.660767 119.959045
[3]: 129.234131 133.185501
[3]: 131.750046 158.094284
[3]: 132.714172 131.060287
[3]: 155.685638 151.753799
[3]: 124.603302 106.240372
[3]: 122.442459 113.612656
[3]: 124.990410 131.666718
[3]: 136.959061 147.877304
[3]: 132.554504 123.814507
[3]: 128.384995 132.309250
[3]: 129.326920 164.814499
[3]: 120.673088 131.274765
[3]: 128.321609 105.705971
[3]: 128.891006 121.345901
[3]: 125.635117 132.121719
[3]: 64.354279 92.014809
[3]: 128.957504 151.517151
[3]: 117.774368 130.648346
[3]: 124.986511 106.665749
[3]: 121.671371 140.189301
[2]: 127.894775 117.926506
[2]: 136.264862 118.712852
[2]: 137.254089 129.578278
[2]: 113.327965 105.304916
[2]: 139.689117 137.453918
[2]: 126.364342 131.670013
[2]: 130.981094 107.168236
[2]: 128.233978 142.160278
[2]: 143.741364 139.716263
[2]: 136.178146 131.614044
[2]: 114.198883 99.646088
[2]: 130.096924 121.735153
[2]: 122.856323 137.847183
[2]: 141.394409 132.432343
[2]: 131.694214 115.135139
[2]: 125.654327 92.278633
[2]: 135.343277 120.562943
[2]: 68.268845 97.605614
[2]: 129.859833 116.042015
[2]: 117.726288 117.675133
[2]: 129.149658 140.171478
[2]: 144.983566 152.543961
[2]: 140.783249 146.999115
[2]: 136.607025 138.798508
[2]: 122.202629 111.147148
[2]: 115.770721 145.853424
[2]: 127.232552 118.329819
[2]: 141.488953 120.829254
[2]: 117.123810 113.640900
[2]: 187.028641 158.579819
[2]: 115.487915 107.786911
[2]: 115.701958 104.030418
[2]: 126.823853 143.934616
[2]: 119.795769 140.155899
[1]: 124.435265 142.119919
[1]: 126.022057 114.421707
[1]: 136.218262 115.587303
[1]: 195.582352 159.035248
[1]: 128.496063 118.893288
[1]: 127.885963 131.674576
[1]: 126.182396 132.734726
[1]: 126.707695 119.620583
[1]: 139.348587 147.117386
[1]: 128.695145 141.980713
[1]: 120.969055 145.450317
[1]: 129.116302 140.061569
[1]: 129.162750 113.904037
[1]: 133.181931 125.523674
[1]: 133.151993 149.059280
[1]: 118.258011 102.908623
[1]: 134.611816 139.280380
[1]: 191.817841 157.390167
[1]: 132.786499 139.244965
[1]: 122.490532 150.904907
[1]: 125.744560 123.682556
[1]: 135.743011 141.384720
[1]: 140.021667 132.039520
[1]: 134.113419 124.673943
[1]: 129.365189 116.610153
[1]: 119.186768 90.139198
[1]: 122.164551 109.259430
[1]: 136.165558 144.225677
[1]: 127.482735 138.311829
[1]: 131.550781 127.899216
[1]: 119.676590 131.457520
[1]: 117.413986 129.396652
[1]: 126.122925 155.601135
[1]: 130.843796 107.138489
[0]: 124.891190 98.989876
[0]: 117.632103 136.033142
[0]: 117.247887 123.366829
[0]: 91.521843 105.210510
[0]: 115.437042 122.184067
[0]: 129.795883 120.657173
[0]: 121.578682 118.597336
[0]: 123.861870 110.149536
[0]: 103.972305 111.570892
[0]: 121.032570 101.495636
[0]: 151.454742 162.914459
[0]: 124.158813 137.074036
[0]: 131.248230 129.963837
[0]: 105.238052 120.406990
[0]: 117.011108 111.657661
[0]: 130.063766 133.432373
[0]: 116.268654 120.260307
[0]: 155.970764 158.188065
[0]: 124.307205 150.887192
[0]: 141.321823 107.967758
[0]: 127.129501 110.658562
[0]: 105.662453 99.075424
[0]: 105.882210 116.283409
[0]: 112.333275 112.608276
[0]: 126.447815 124.812012
[0]: 147.295670 140.230759
[0]: 128.576889 143.817734
[0]: 112.386185 129.891434
[0]: 138.924698 140.151993
[0]: 185.904358 158.260956
[0]: 143.981277 122.063667
[0]: 146.401062 141.200562
[0]: 127.767845 117.240387
[0]: 137.356873 138.451065
