[4]: 132.798157 132.432159
[4]: 128.046295 126.836334
[4]: 124.244026 117.904129
[4]: 129.292633 173.930054
[4]: 128.695419 124.594322
[4]: 126.775047 126.765602
[4]: 128.840546 122.387993
[4]: 128.417221 126.389420
[4]: 125.733047 111.252876
[4]: 131.004562 123.659187
[4]: 135.118164 133.923080
[4]: 128.060822 128.397034
[4]: 125.643013 127.930695
[4]: 125.560303 122.162163
[4]: 127.815308 123.592026
[4]: 129.196503 132.753708
[4]: 124.164009 118.670052
[4]: 58.019073 67.263580
[4]: 126.719818 125.855522
[4]: 127.250641 131.628586
[4]: 126.975533 130.921097
[4]: 129.395584 113.843704
[4]: 122.538658 117.078583
[4]: 126.092346 123.219727
[4]: 126.310493 128.845459
[4]: 126.132675 137.093811
[4]: 129.527481 133.075012
[4]: 127.228294 118.086906
[4]: 126.579628 129.906662
[4]: 67.730927 74.227898
[4]: 126.307152 133.324158
[4]: 131.122589 140.945679
[4]: 129.827057 131.868683
[4]: 126.597290 128.115768
[3]: 125.474777 129.667557
[3]: 127.421257 129.926086
[3]: 128.250992 127.448074
[3]: 127.866638 60.540619
[3]: 129.122070 131.771637
[3]: 127.893402 126.479179
[3]: 127.200485 135.141663
[3]: 127.593056 130.633560
[3]: 129.012833 135.352875
[3]: 120.735527 125.978561
[3]: 118.127647 119.108917
[3]: 126.566170 127.657806
[3]: 132.568481 128.203644
[3]: 131.188873 132.660767
[3]: 126.501091 129.234131
[3]: 127.383003 131.750046
[3]: 130.602753 132.714172
[3]: 196.708313 155.685638
[3]: 127.970161 124.603302
[3]: 125.430367 122.442459
[3]: 126.315620 124.990410
[3]: 127.144142 136.959061
[3]: 130.415482 132.554504
[3]: 129.034393 128.384995
[3]: 129.141571 129.326920
[3]: 129.978302 120.673088
[3]: 126.558723 128.321609
[3]: 127.551537 128.891006
[3]: 126.689896 125.635117
[3]: 66.885956 64.354279
[3]: 131.453339 128.957504
[3]: 124.401100 117.774368
[3]: 126.134064 124.986511
[3]: 129.471573 121.671371
[2]: 126.342033 127.894775
[2]: 130.282028 136.264862
[2]: 129.830139 137.254089
[2]: 123.081932 113.327965
[2]: 132.611740 139.689117
[2]: 129.814224 126.364342
[2]: 128.228775 130.981094
[2]: 126.804871 128.233978
[2]: 127.959328 143.741364
[2]: 124.542580 136.178146
[2]: 58.217236 114.198883
[2]: 127.089989 130.096924
[2]: 127.136467 122.856323
[2]: 123.341522 141.394409
[2]: 129.294006 131.694214
[2]: 128.255585 125.654327
[2]: 128.905045 135.343277
[2]: 119.998001 68.268845
[2]: 127.479530 129.859833
[2]: 124.682915 117.726288
[2]: 130.611816 129.149658
[2]: 128.290588 144.983566
[2]: 128.582291 140.783249
[2]: 127.022560 136.607025
[2]: 125.717461 122.202629
[2]: 128.519623 115.770721
[2]: 128.925873 127.232552
[2]: 127.507378 141.488953
[2]: 127.063171 117.123810
[2]: 187.764267 187.028641
[2]: 124.240829 115.487915
[2]: 123.762650 115.701958
[2]: 125.346550 126.823853
[2]: 127.889061 119.795769
[1]: 2.000000 124.435265
[1]: 238.000000 126.022057
[1]: 67.000000 136.218262
[1]: 43.000000 195.582352
[1]: 156.000000 128.496063
[1]: 168.000000 127.885963
[1]: 112.000000 126.182396
[1]: 5.000000 126.707695
[1]: 74.000000 139.348587
[1]: 4.000000 128.695145
[1]: 252.000000 120.969055
[1]: 220.000000 129.116302
[1]: 106.000000 129.162750
[1]: 176.000000 133.181931
[1]: 98.000000 133.151993
[1]: 219.000000 118.258011
[1]: 132.000000 134.611816
[1]: 254.000000 191.817841
[1]: 217.000000 132.786499
[1]: 101.000000 122.490532
[1]: 65.000000 125.744560
[1]: 93.000000 135.743011
[1]: 105.000000 140.021667
[1]: 151.000000 134.113419
[1]: 60.000000 129.365189
[1]: 190.000000 119.186768
[1]: 192.000000 122.164551
[1]: 38.000000 136.165558
[1]: 235.000000 127.482735
[1]: 232.000000 131.550781
[1]: 3.000000 119.676590
[1]: 215.000000 117.413986
[1]: 82.000000 126.122925
[1]: 309583166964173910310912.000000 130.843796
[0]: 127.010735 124.891190
[0]: 124.194160 117.632103
[0]: 127.209953 117.247887
[0]: 129.810257 91.521843
[0]: 122.407280 115.437042
[0]: 125.253853 129.795883
[0]: 125.194855 121.578682
[0]: 126.099800 123.861870
[0]: 125.797058 103.972305
[0]: 132.384598 121.032570
[0]: 197.306595 151.454742
[0]: 130.002655 124.158813
[0]: 126.049202 131.248230
[0]: 128.932602 105.238052
[0]: 124.858955 117.011108
[0]: 125.772484 130.063766
[0]: 127.214500 116.268654
[0]: 136.180084 155.970764
[0]: 127.955284 124.307205
[0]: 130.151535 141.321823
[0]: 126.438225 127.129501
[0]: 126.383781 105.662453
[0]: 128.934189 105.882210
[0]: 126.510292 112.333275
[0]: 127.896667 126.447815
[0]: 126.118813 147.295670
[0]: 126.397995 128.576889
[0]: 128.273178 112.386185
[0]: 130.242920 138.924698
[0]: 186.869507 185.904358
[0]: 130.132446 143.981277
[0]: 129.927368 146.401062
[0]: 128.658798 127.767845
[0]: 125.726440 137.356873
