[19]: 1971  1 26 12 27 WILLIAM     7.1   1.0   21  894 2000 11  9 18 12 DEBBY       7.3   1.2  123  748
[18]: 1990  9 27  6  7 VALERIE     7.1   1.2  122   71 1976  7 18  0 20 ISAAC       7.0   6.5   30   85
[17]: 1954  7 28 12 14 MICHAEL     7.1   0.3   25  842 1988  4 10 18 10 PATTY       7.4   5.5   93  228
[16]: 1980  1 25  0 25 JOYCE       7.0   0.1   64  108 1969 12 24 18 27 ERNESTO     7.2   1.4   12  301
[15]: 1971  1 26 12 27 WILLIAM     7.1   1.0   21  894 1953  5 14 12  6 PATTY       7.0   1.2   71   55
[14]: 1976  1  4 18 15 SANDY       7.4   0.2   41  589 1999  4  3 18 11 RAFAEL      7.2   1.2  118  189
[12]: 1971  1 26 12 27 WILLIAM     7.1   1.0   21  894 1952  7 13 12 11 ISAAC       7.5   0.8  134  638
[11]: 1965  9 26 18 22 HELENE      7.1   0.9  159  717 1999  4  3 18 11 RAFAEL      7.2   1.2  118  189
[10]: 1980  1 25  0 25 JOYCE       7.0   0.1   64  108 1950  2  6  6  8 TONY        7.3   0.2   90  769
[9]: 1954  7 28 12 14 MICHAEL     7.1   0.3   25  842 1952  7 13 12 11 ISAAC       7.5   0.8  134  638
[8]: 1980  1 25  0 25 JOYCE       7.0   0.1   64  108 1969 12 24 18 27 ERNESTO     7.2   1.4   12  301
[7]: 1953  5 14 12  6 PATTY       7.0   1.2   71   55 1976  1  4 18 15 SANDY       7.4   0.2   41  589
[6]: 1950  2  6  6  8 TONY        7.3   0.2   90  769 1971  8  4 18  1 ALBERTO     7.0   0.3   16  595
[5]: 1971  8  4 18  1 ALBERTO     7.0   0.3   16  595 1965  9 26 18 22 HELENE      7.1   0.9  159  717
[3]: 1950  2  6  6  8 TONY        7.3   0.2   90  769 1969 12 24 18 27 ERNESTO     7.2   1.4   12  301
[2]: 1954  7 28 12 14 MICHAEL     7.1   0.3   25  842 1950  2  6  6  8 TONY        7.3   0.2   90  769
[1]: 1969  8 15  0 27 LESLIE      7.2   0.7   74  196 1984  9 20  0 22 CHRIS       8.8   0.7   85  128
[0]: 1971  4  1 12 11 ERNESTO     7.2   0.8   38  123 1999  4  3 18 11 RAFAEL      7.2   1.2  118  189
