[19]: 1957  6  6 12  6 ERNESTO    37.5 159.6   70  274 1999  8 27  6 15 FLORENCE    7.1   5.2  125  119
[18]: 1962  1 15  0 20 OSCAR       7.2   4.7   94  108 1990 11 26  6 15 TONY        7.2   5.6  132  735
[17]: 1999  8 27  6 15 FLORENCE    7.1   5.2  125  119 1990 11 26  6 15 TONY        7.2   5.6  132  735
[16]: 2003 10 15 18  7 GORDON      7.0   5.5   96  195 1976  8  7  6 14 BERYL       7.2   4.6   90   20
[15]: 1971  6  3 12 22 ERNESTO     7.5  72.9  151  733 1978 12 14  0  5 JOYCE       7.1   4.3   43  618
[13]: 1978 12 14  0  5 JOYCE       7.1   4.3   43  618 2003 10 15 18  7 GORDON      7.0   5.5   96  195
[12]: 1964  8 21  6  4 KIRK       57.9 208.8   20  514 1964  6 25 12  9 ISAAC       7.1   5.8  132  283
[11]: 1957  1 18 18 10 VALERIE    25.8  58.0  101  385 1970  1 28 12 11 ISAAC       7.0   6.0   78   92
[10]: 1978 12 14  0  5 JOYCE       7.1   4.3   43  618 1962  1 15  0 20 OSCAR       7.2   4.7   94  108
[9]: 1981  4  9 18  3 SANDY      43.4  90.8   68  254 1975  9 11  6 10 ALBERTO     7.2   5.5   37  230
[8]: 1998  1  7 12 15 GORDON     14.9 122.3   48  470 1975  9 11  6 10 ALBERTO     7.2   5.5   37  230
[7]: 1962  7 24  0  6 DEBBY      16.4  46.9  115  529 2003 10 15 18  7 GORDON      7.0   5.5   96  195
[6]: 2003 10 15 18  7 GORDON      7.0   5.5   96  195 1964  6 25 12  9 ISAAC       7.1   5.8  132  283
[5]: 1952  6  9 12 18 GORDON     38.5 229.3  121  453 1978 12 14  0  5 JOYCE       7.1   4.3   43  618
[4]: 1986  9  8  0  5 VALERIE    27.2 116.8  141  738 1962  1 15  0 20 OSCAR       7.2   4.7   94  108
[2]: 1954  2 17 12  4 VALERIE    29.1 220.2  155   59 1970  1 28 12 11 ISAAC       7.0   6.0   78   92
[0]: 1962  1 15  0 20 OSCAR       7.2   4.7   94  108 1976  8  7  6 14 BERYL       7.2   4.6   90   20
