[4]: 132.432159 133.507401
[4]: 126.836334 126.158348
[4]: 117.904129 117.021828
[4]: 173.930054 172.765320
[4]: 124.594322 126.502014
[4]: 126.765602 126.309105
[4]: 122.387993 122.177414
[4]: 126.389420 127.695877
[4]: 111.252876 113.325638
[4]: 123.659187 123.175514
[4]: 133.923080 134.693115
[4]: 128.397034 129.124344
[4]: 127.930695 129.050308
[4]: 122.162163 122.652061
[4]: 123.592026 125.120781
[4]: 132.753708 134.365662
[4]: 118.670052 120.305389
[4]: 67.263580 67.176147
[4]: 125.855522 125.450371
[4]: 131.628586 130.731003
[4]: 130.921097 129.946930
[4]: 113.843704 113.542198
[4]: 117.078583 117.231590
[4]: 123.219727 121.930634
[4]: 128.845459 127.802422
[4]: 137.093811 136.610855
[4]: 133.075012 135.435501
[4]: 118.086906 117.976982
[4]: 129.906662 130.767700
[4]: 74.227898 73.086296
[4]: 133.324158 134.538315
[4]: 140.945679 139.321991
[4]: 131.868683 132.092941
[4]: 128.115768 129.954437
[3]: 129.667557 126.887100
[3]: 129.926086 129.171341
[3]: 127.448074 127.258247
[3]: 60.540619 60.887962
[3]: 131.771637 132.119064
[3]: 126.479179 127.509247
[3]: 135.141663 135.111572
[3]: 130.633560 129.782013
[3]: 135.352875 134.408127
[3]: 125.978561 126.190369
[3]: 119.108917 117.285789
[3]: 127.657806 126.182495
[3]: 128.203644 127.279938
[3]: 132.660767 132.198181
[3]: 129.234131 128.765701
[3]: 131.750046 130.475388
[3]: 132.714172 132.881790
[3]: 155.685638 158.662399
[3]: 124.603302 123.967468
[3]: 122.442459 124.112427
[3]: 124.990410 125.780373
[3]: 136.959061 137.862213
[3]: 132.554504 131.696503
[3]: 128.384995 130.798630
[3]: 129.326920 130.063736
[3]: 120.673088 121.093391
[3]: 128.321609 126.126709
[3]: 128.891006 129.759155
[3]: 125.635117 125.471558
[3]: 64.354279 65.179138
[3]: 128.957504 129.156906
[3]: 117.774368 121.331360
[3]: 124.986511 125.672234
[3]: 121.671371 121.435982
[2]: 127.894775 126.716049
[2]: 136.264862 137.123383
[2]: 137.254089 136.534149
[2]: 113.327965 111.673622
[2]: 139.689117 138.561218
[2]: 126.364342 126.514885
[2]: 130.981094 129.136765
[2]: 128.233978 128.115585
[2]: 143.741364 141.439667
[2]: 136.178146 137.803452
[2]: 114.198883 114.069336
[2]: 130.096924 128.366028
[2]: 122.856323 122.519981
[2]: 141.394409 140.299316
[2]: 131.694214 131.543777
[2]: 125.654327 125.290398
[2]: 135.343277 133.810379
[2]: 68.268845 67.343018
[2]: 129.859833 130.812378
[2]: 117.726288 117.210876
[2]: 129.149658 130.951447
[2]: 144.983566 145.325500
[2]: 140.783249 141.812210
[2]: 136.607025 138.198380
[2]: 122.202629 123.684044
[2]: 115.770721 115.772728
[2]: 127.232552 125.415543
[2]: 141.488953 140.616867
[2]: 117.123810 116.583427
[2]: 187.028641 185.819931
[2]: 115.487915 115.427399
[2]: 115.701958 116.447777
[2]: 126.823853 126.367538
[2]: 119.795769 118.731491
[1]: 124.435265 126.483337
[1]: 126.022057 126.811050
[1]: 136.218262 137.160049
[1]: 195.582352 196.357620
[1]: 128.496063 127.090439
[1]: 127.885963 127.583946
[1]: 126.182396 126.687279
[1]: 126.707695 126.259422
[1]: 139.348587 138.257553
[1]: 128.695145 128.605942
[1]: 120.969055 120.597702
[1]: 129.116302 130.376114
[1]: 129.162750 128.531815
[1]: 133.181931 133.460648
[1]: 133.151993 132.672440
[1]: 118.258011 118.481781
[1]: 134.611816 133.944839
[1]: 191.817841 190.610519
[1]: 132.786499 133.134094
[1]: 122.490532 123.423508
[1]: 125.744560 126.041176
[1]: 135.743011 136.647186
[1]: 140.021667 139.775620
[1]: 134.113419 133.485825
[1]: 129.365189 128.981430
[1]: 119.186768 119.551941
[1]: 122.164551 121.484497
[1]: 136.165558 135.092606
[1]: 127.482735 126.420479
[1]: 131.550781 132.820053
[1]: 119.676590 118.466011
[1]: 117.413986 115.922775
[1]: 126.122925 125.669411
[1]: 130.843796 129.239761
[0]: 124.891190 125.772469
[0]: 117.632103 117.310417
[0]: 117.247887 118.044281
[0]: 91.521843 92.659256
[0]: 115.437042 115.638580
[0]: 129.795883 129.348328
[0]: 121.578682 123.247261
[0]: 123.861870 123.982162
[0]: 103.972305 106.242439
[0]: 121.032570 119.599037
[0]: 151.454742 153.401398
[0]: 124.158813 125.431290
[0]: 131.248230 132.146210
[0]: 105.238052 105.880760
[0]: 117.011108 116.456535
[0]: 130.063766 129.908066
[0]: 116.268654 116.596275
[0]: 155.970764 155.438354
[0]: 124.307205 123.986649
[0]: 141.321823 140.113815
[0]: 127.129501 125.027573
[0]: 105.662453 103.422249
[0]: 105.882210 105.607307
[0]: 112.333275 109.892998
[0]: 126.447815 125.587494
[0]: 147.295670 147.133026
[0]: 128.576889 131.163788
[0]: 112.386185 113.524254
[0]: 138.924698 140.036880
[0]: 185.904358 186.545364
[0]: 143.981277 144.018433
[0]: 146.401062 145.257431
[0]: 127.767845 127.757820
[0]: 137.356873 138.622299
