[4]: 133.702362 132.432159
[4]: 126.423225 126.836334
[4]: 116.896370 117.904129
[4]: 172.597229 173.930054
[4]: 126.371643 124.594322
[4]: 126.276779 126.765602
[4]: 122.161377 122.387993
[4]: 128.210342 126.389420
[4]: 113.230568 111.252876
[4]: 123.240677 123.659187
[4]: 134.732544 133.923080
[4]: 128.749374 128.397034
[4]: 129.124481 127.930695
[4]: 122.898422 122.162163
[4]: 125.051422 123.592026
[4]: 134.489883 132.753708
[4]: 120.053001 118.670052
[4]: 67.439728 67.263580
[4]: 125.189415 125.855522
[4]: 130.892105 131.628586
[4]: 129.943924 130.921097
[4]: 113.496918 113.843704
[4]: 117.417618 117.078583
[4]: 122.048424 123.219727
[4]: 127.480804 128.845459
[4]: 137.139343 137.093811
[4]: 135.669189 133.075012
[4]: 117.966980 118.086906
[4]: 130.754105 129.906662
[4]: 72.847000 74.227898
[4]: 134.148972 133.324158
[4]: 139.040283 140.945679
[4]: 131.986572 131.868683
[4]: 130.037750 128.115768
[3]: 126.729965 129.667557
[3]: 129.165268 129.926086
[3]: 127.392303 127.448074
[3]: 60.656010 60.540619
[3]: 132.247910 131.771637
[3]: 127.564926 126.479179
[3]: 135.172546 135.141663
[3]: 129.451874 130.633560
[3]: 134.286835 135.352875
[3]: 126.151276 125.978561
[3]: 117.097176 119.108917
[3]: 126.476112 127.657806
[3]: 127.277855 128.203644
[3]: 131.999222 132.660767
[3]: 128.880157 129.234131
[3]: 130.565323 131.750046
[3]: 133.049561 132.714172
[3]: 158.505035 155.685638
[3]: 124.024315 124.603302
[3]: 124.035179 122.442459
[3]: 125.740837 124.990410
[3]: 137.876862 136.959061
[3]: 131.596741 132.554504
[3]: 130.502304 128.384995
[3]: 130.237122 129.326920
[3]: 120.634430 120.673088
[3]: 125.890549 128.321609
[3]: 129.652023 128.891006
[3]: 125.568443 125.635117
[3]: 65.263153 64.354279
[3]: 129.159485 128.957504
[3]: 121.518570 117.774368
[3]: 125.659523 124.986511
[3]: 121.482056 121.671371
[2]: 126.316284 127.894775
[2]: 137.381668 136.264862
[2]: 136.350174 137.254089
[2]: 112.041115 113.327965
[2]: 138.269608 139.689117
[2]: 126.763718 126.364342
[2]: 129.434631 130.981094
[2]: 127.752502 128.233978
[2]: 141.539444 143.741364
[2]: 137.720139 136.178146
[2]: 114.042389 114.198883
[2]: 128.641953 130.096924
[2]: 122.442345 122.856323
[2]: 140.287094 141.394409
[2]: 131.742569 131.694214
[2]: 125.224991 125.654327
[2]: 133.828613 135.343277
[2]: 67.186813 68.268845
[2]: 130.825195 129.859833
[2]: 117.265869 117.726288
[2]: 130.648956 129.149658
[2]: 145.055756 144.983566
[2]: 141.442978 140.783249
[2]: 138.155716 136.607025
[2]: 123.927155 122.202629
[2]: 115.639732 115.770721
[2]: 125.287735 127.232552
[2]: 140.580246 141.488953
[2]: 116.583191 117.123810
[2]: 185.913712 187.028641
[2]: 115.452126 115.487915
[2]: 116.683556 115.701958
[2]: 126.510262 126.823853
[2]: 118.541275 119.795769
[1]: 126.619171 124.435265
[1]: 126.609993 126.022057
[1]: 137.249313 136.218262
[1]: 196.279434 195.582352
[1]: 127.135864 128.496063
[1]: 127.537155 127.885963
[1]: 126.622749 126.182396
[1]: 126.289940 126.707695
[1]: 138.309784 139.348587
[1]: 128.825455 128.695145
[1]: 120.762199 120.969055
[1]: 130.182327 129.116302
[1]: 128.583923 129.162750
[1]: 133.494827 133.181931
[1]: 132.428528 133.151993
[1]: 118.378410 118.258011
[1]: 134.211029 134.611816
[1]: 190.766251 191.817841
[1]: 133.261765 132.786499
[1]: 123.106377 122.490532
[1]: 126.027550 125.744560
[1]: 136.572021 135.743011
[1]: 139.816589 140.021667
[1]: 133.676132 134.113419
[1]: 128.796432 129.365189
[1]: 119.298576 119.186768
[1]: 121.516380 122.164551
[1]: 135.179901 136.165558
[1]: 126.066299 127.482735
[1]: 132.560898 131.550781
[1]: 118.835503 119.676590
[1]: 115.968407 117.413986
[1]: 125.699165 126.122925
[1]: 129.234070 130.843796
[0]: 126.006714 124.891190
[0]: 116.980988 117.632103
[0]: 118.169647 117.247887
[0]: 92.757057 91.521843
[0]: 115.921028 115.437042
[0]: 129.105042 129.795883
[0]: 122.974709 121.578682
[0]: 124.151321 123.861870
[0]: 106.385155 103.972305
[0]: 119.424728 121.032570
[0]: 153.344025 151.454742
[0]: 125.434105 124.158813
[0]: 132.091446 131.248230
[0]: 105.853065 105.238052
[0]: 116.487953 117.011108
[0]: 129.838699 130.063766
[0]: 116.415604 116.268654
[0]: 155.608994 155.970764
[0]: 124.059792 124.307205
[0]: 140.287338 141.321823
[0]: 125.406746 127.129501
[0]: 103.906487 105.662453
[0]: 105.931351 105.882210
[0]: 109.967049 112.333275
[0]: 125.703117 126.447815
[0]: 147.428513 147.295670
[0]: 131.243896 128.576889
[0]: 113.635063 112.386185
[0]: 140.318649 138.924698
[0]: 186.701401 185.904358
[0]: 143.970581 143.981277
[0]: 144.987183 146.401062
[0]: 127.687202 127.767845
[0]: 138.639023 137.356873
