[4]: 135.572800 132.432159
[4]: 126.669846 126.836334
[4]: 120.571716 117.904129
[4]: 129.220306 173.930054
[4]: 126.257225 124.594322
[4]: 126.605064 126.765602
[4]: 121.387741 122.387993
[4]: 130.408051 126.389420
[4]: 114.598190 111.252876
[4]: 129.147827 123.659187
[4]: 152.579544 133.923080
[4]: 130.694855 128.397034
[4]: 122.770844 127.930695
[4]: 122.743095 122.162163
[4]: 128.806854 123.592026
[4]: 127.277138 132.753708
[4]: 121.362350 118.670052
[4]: 68.937889 67.263580
[4]: 127.348030 125.855522
[4]: 135.554535 131.628586
[4]: 126.721901 130.921097
[4]: 117.408684 113.843704
[4]: 122.057022 117.078583
[4]: 115.034935 123.219727
[4]: 122.462326 128.845459
[4]: 129.236481 137.093811
[4]: 135.014008 133.075012
[4]: 120.618431 118.086906
[4]: 132.624222 129.906662
[4]: 69.972000 74.227898
[4]: 133.666672 133.324158
[4]: 138.519348 140.945679
[4]: 127.965508 131.868683
[4]: 130.299988 128.115768
[3]: 123.278191 129.667557
[3]: 127.078934 129.926086
[3]: 130.463943 127.448074
[3]: 126.320717 60.540619
[3]: 131.097992 131.771637
[3]: 128.677963 126.479179
[3]: 134.277878 135.141663
[3]: 126.060638 130.633560
[3]: 141.559402 135.352875
[3]: 124.776833 125.978561
[3]: 100.058990 119.108917
[3]: 123.480217 127.657806
[3]: 133.209610 128.203644
[3]: 133.732727 132.660767
[3]: 128.093323 129.234131
[3]: 130.105240 131.750046
[3]: 134.836197 132.714172
[3]: 188.412964 155.685638
[3]: 125.473465 124.603302
[3]: 119.971291 122.442459
[3]: 127.857216 124.990410
[3]: 138.809448 136.959061
[3]: 133.061523 132.554504
[3]: 137.488800 128.384995
[3]: 132.048706 129.326920
[3]: 127.407089 120.673088
[3]: 121.957283 128.321609
[3]: 134.499466 128.891006
[3]: 121.951920 125.635117
[3]: 72.336868 64.354279
[3]: 124.711464 128.957504
[3]: 119.154205 117.774368
[3]: 124.372452 124.986511
[3]: 125.139442 121.671371
[2]: 120.921959 127.894775
[2]: 130.604294 136.264862
[2]: 131.428085 137.254089
[2]: 127.096230 113.327965
[2]: 130.943115 139.689117
[2]: 126.139709 126.364342
[2]: 136.271408 130.981094
[2]: 123.897057 128.233978
[2]: 142.674606 143.741364
[2]: 129.973495 136.178146
[2]: 93.986588 114.198883
[2]: 124.330498 130.096924
[2]: 130.786697 122.856323
[2]: 133.253159 141.394409
[2]: 122.394348 131.694214
[2]: 128.396347 125.654327
[2]: 132.343979 135.343277
[2]: 76.444206 68.268845
[2]: 124.712013 129.859833
[2]: 112.222069 117.726288
[2]: 131.725174 129.149658
[2]: 140.405502 144.983566
[2]: 131.968719 140.783249
[2]: 140.396088 136.607025
[2]: 129.371063 122.202629
[2]: 125.250969 115.770721
[2]: 124.210205 127.232552
[2]: 136.616684 141.488953
[2]: 123.117775 117.123810
[2]: 183.947693 187.028641
[2]: 119.878677 115.487915
[2]: 115.468269 115.701958
[2]: 130.280441 126.823853
[2]: 117.909439 119.795769
[1]: 30.000000 124.435265
[1]: 248.000000 126.022057
[1]: 89.000000 136.218262
[1]: 251.000000 195.582352
[1]: 151.000000 128.496063
[1]: 160.000000 127.885963
[1]: 251.000000 126.182396
[1]: 6.000000 126.707695
[1]: 234.000000 139.348587
[1]: 196.000000 128.695145
[1]: 183.000000 120.969055
[1]: 199.000000 129.116302
[1]: 179.000000 129.162750
[1]: 110.000000 133.181931
[1]: 249.000000 133.151993
[1]: 20.000000 118.258011
[1]: 170.000000 134.611816
[1]: 108.000000 191.817841
[1]: 116.000000 132.786499
[1]: 254.000000 122.490532
[1]: 12.000000 125.744560
[1]: 95.000000 135.743011
[1]: 52.000000 140.021667
[1]: 124.000000 134.113419
[1]: 114.000000 129.365189
[1]: 112.000000 119.186768
[1]: 194.000000 122.164551
[1]: 179.000000 136.165558
[1]: 86.000000 127.482735
[1]: 32.000000 131.550781
[1]: 86.000000 119.676590
[1]: 34.000000 117.413986
[1]: 97.000000 126.122925
[1]: -794568949760.000000 130.843796
[0]: 131.857834 124.891190
[0]: 125.535187 117.632103
[0]: 127.080612 117.247887
[0]: 127.459564 91.521843
[0]: 124.369362 115.437042
[0]: 128.256348 129.795883
[0]: 117.359581 121.578682
[0]: 128.520996 123.861870
[0]: 109.401695 103.972305
[0]: 124.865730 121.032570
[0]: 164.012314 151.454742
[0]: 133.339172 124.158813
[0]: 124.534996 131.248230
[0]: 119.223824 105.238052
[0]: 129.083069 117.011108
[0]: 124.744690 130.063766
[0]: 122.232506 116.268654
[0]: 177.010239 155.970764
[0]: 132.677551 124.307205
[0]: 139.916733 141.321823
[0]: 123.997734 127.129501
[0]: 114.397873 105.662453
[0]: 123.341301 105.882210
[0]: 115.613205 112.333275
[0]: 125.147095 126.447815
[0]: 128.822449 147.295670
[0]: 130.244431 128.576889
[0]: 118.728874 112.386185
[0]: 133.020676 138.924698
[0]: 186.009338 185.904358
[0]: 133.948547 143.981277
[0]: 136.209961 146.401062
[0]: 127.436691 127.767845
[0]: 136.357956 137.356873
