[4]: 132.432159 87.837105
[4]: 126.836334 128.337036
[4]: 117.904129 125.985405
[4]: 173.930054 170.773621
[4]: 124.594322 128.132202
[4]: 126.765602 127.562370
[4]: 122.387993 127.162498
[4]: 126.389420 126.982788
[4]: 111.252876 127.321136
[4]: 123.659187 128.512833
[4]: 133.923080 128.771271
[4]: 128.397034 128.607193
[4]: 127.930695 126.129906
[4]: 122.162163 128.080307
[4]: 123.592026 126.000130
[4]: 132.753708 130.726440
[4]: 118.670052 125.657524
[4]: 67.263580 63.257984
[4]: 125.855522 125.188744
[4]: 131.628586 128.101120
[4]: 130.921097 130.316040
[4]: 113.843704 128.526367
[4]: 117.078583 127.779449
[4]: 123.219727 126.428925
[4]: 128.845459 127.960930
[4]: 137.093811 127.301765
[4]: 133.075012 128.267929
[4]: 118.086906 127.576111
[4]: 129.906662 125.726440
[4]: 74.227898 126.009491
[4]: 133.324158 127.088676
[4]: 140.945679 172.814072
[4]: 131.868683 127.383766
[4]: 128.115768 125.485016
[3]: 129.667557 170.070877
[3]: 129.926086 126.548927
[3]: 127.448074 128.122498
[3]: 60.540619 88.903358
[3]: 131.771637 129.344772
[3]: 126.479179 127.375534
[3]: 135.141663 130.454132
[3]: 130.633560 126.706772
[3]: 135.352875 129.152695
[3]: 125.978561 124.326088
[3]: 119.108917 123.397194
[3]: 127.657806 129.263596
[3]: 128.203644 129.470490
[3]: 132.660767 129.616898
[3]: 129.234131 128.187164
[3]: 131.750046 131.074738
[3]: 132.714172 128.173157
[3]: 155.685638 126.994446
[3]: 124.603302 128.034790
[3]: 122.442459 125.830315
[3]: 124.990410 126.978577
[3]: 136.959061 125.226624
[3]: 132.554504 126.403557
[3]: 128.384995 128.475067
[3]: 129.326920 129.780945
[3]: 120.673088 123.490936
[3]: 128.321609 126.359428
[3]: 128.891006 127.806557
[3]: 125.635117 126.743660
[3]: 64.354279 54.301846
[3]: 128.957504 130.163559
[3]: 117.774368 80.913261
[3]: 124.986511 130.221786
[3]: 121.671371 123.307800
[2]: 127.894775 161.457581
[2]: 136.264862 131.847794
[2]: 137.254089 132.643234
[2]: 113.327965 90.893745
[2]: 139.689117 129.063110
[2]: 126.364342 118.241493
[2]: 130.981094 136.651962
[2]: 128.233978 136.874847
[2]: 143.741364 149.055069
[2]: 136.178146 131.891998
[2]: 114.198883 111.272034
[2]: 130.096924 138.612411
[2]: 122.856323 137.605911
[2]: 141.394409 137.846344
[2]: 131.694214 140.409500
[2]: 125.654327 127.699852
[2]: 135.343277 129.952698
[2]: 68.268845 126.552788
[2]: 129.859833 131.379349
[2]: 117.726288 118.767715
[2]: 129.149658 124.449730
[2]: 144.983566 130.449539
[2]: 140.783249 130.350845
[2]: 136.607025 146.235199
[2]: 122.202629 126.274162
[2]: 115.770721 121.622299
[2]: 127.232552 112.014351
[2]: 141.488953 122.237518
[2]: 117.123810 122.963936
[2]: 187.028641 184.007080
[2]: 115.487915 116.343384
[2]: 115.701958 74.782166
[2]: 126.823853 148.062622
[2]: 119.795769 102.997772
[1]: 124.435265 82.884018
[1]: 126.022057 126.601151
[1]: 136.218262 130.498276
[1]: 195.582352 171.438507
[1]: 128.496063 128.293655
[1]: 127.885963 126.464912
[1]: 126.182396 127.655106
[1]: 126.707695 126.495232
[1]: 139.348587 128.634583
[1]: 128.695145 125.960281
[1]: 120.969055 126.424133
[1]: 129.116302 126.994308
[1]: 129.162750 129.869659
[1]: 133.181931 126.494308
[1]: 133.151993 128.563217
[1]: 118.258011 123.990471
[1]: 134.611816 129.985245
[1]: 191.817841 191.837814
[1]: 132.786499 129.897583
[1]: 122.490532 125.625252
[1]: 125.744560 123.920364
[1]: 135.743011 127.295845
[1]: 140.021667 127.767509
[1]: 134.113419 129.009399
[1]: 129.365189 127.614792
[1]: 119.186768 127.936783
[1]: 122.164551 126.647690
[1]: 136.165558 127.953796
[1]: 127.482735 129.208862
[1]: 131.550781 125.710510
[1]: 119.676590 128.710449
[1]: 117.413986 167.191177
[1]: 126.122925 128.498611
[1]: 130.843796 128.885544
[0]: 124.891190 172.933167
[0]: 117.632103 123.871773
[0]: 117.247887 117.860687
[0]: 91.521843 77.774353
[0]: 115.437042 125.571838
[0]: 129.795883 138.899597
[0]: 121.578682 112.869110
[0]: 123.861870 118.854507
[0]: 103.972305 97.538475
[0]: 121.032570 125.623001
[0]: 151.454742 150.764969
[0]: 124.158813 114.894371
[0]: 131.248230 114.481346
[0]: 105.238052 112.451080
[0]: 117.011108 110.498932
[0]: 130.063766 123.910576
[0]: 116.268654 124.369858
[0]: 155.970764 132.125565
[0]: 124.307205 122.660843
[0]: 141.321823 137.312408
[0]: 127.129501 133.230331
[0]: 105.662453 127.898209
[0]: 105.882210 125.745682
[0]: 112.333275 102.680237
[0]: 126.447815 123.360268
[0]: 147.295670 140.096252
[0]: 128.576889 148.463547
[0]: 112.386185 132.967484
[0]: 138.924698 134.670013
[0]: 185.904358 167.528564
[0]: 143.981277 138.587830
[0]: 146.401062 108.201553
[0]: 127.767845 99.855362
[0]: 137.356873 160.467590
