[4]: 131.572678 132.432159
[4]: 126.408417 126.836334
[4]: 117.741936 117.904129
[4]: 175.447098 173.930054
[4]: 123.642174 124.594322
[4]: 126.864334 126.765602
[4]: 121.583397 122.387993
[4]: 125.958458 126.389420
[4]: 111.086342 111.252876
[4]: 124.206833 123.659187
[4]: 134.188080 133.923080
[4]: 129.032639 128.397034
[4]: 127.160126 127.930695
[4]: 122.469421 122.162163
[4]: 123.235184 123.592026
[4]: 131.748138 132.753708
[4]: 118.486977 118.670052
[4]: 67.042732 67.263580
[4]: 125.915565 125.855522
[4]: 131.920410 131.628586
[4]: 130.962662 130.921097
[4]: 114.029549 113.843704
[4]: 117.354568 117.078583
[4]: 124.213982 123.219727
[4]: 129.999924 128.845459
[4]: 135.540588 137.093811
[4]: 132.784592 133.075012
[4]: 118.071167 118.086906
[4]: 129.411285 129.906662
[4]: 75.749329 74.227898
[4]: 134.137650 133.324158
[4]: 142.148209 140.945679
[4]: 131.349564 131.868683
[4]: 126.639473 128.115768
[3]: 130.791519 129.667557
[3]: 129.914154 129.926086
[3]: 127.740128 127.448074
[3]: 60.993935 60.540619
[3]: 131.290283 131.771637
[3]: 126.372627 126.479179
[3]: 135.425888 135.141663
[3]: 130.413147 130.633560
[3]: 134.831177 135.352875
[3]: 125.259407 125.978561
[3]: 119.901321 119.108917
[3]: 127.815239 127.657806
[3]: 128.519440 128.203644
[3]: 132.714081 132.660767
[3]: 129.027603 129.234131
[3]: 132.424576 131.750046
[3]: 132.241058 132.714172
[3]: 155.178772 155.685638
[3]: 124.802254 124.603302
[3]: 122.644012 122.442459
[3]: 125.093002 124.990410
[3]: 136.294556 136.959061
[3]: 132.310349 132.554504
[3]: 128.285233 128.384995
[3]: 128.829712 129.326920
[3]: 121.560188 120.673088
[3]: 128.064301 128.321609
[3]: 129.103973 128.891006
[3]: 126.121231 125.635117
[3]: 63.406765 64.354279
[3]: 129.124496 128.957504
[3]: 116.861900 117.774368
[3]: 125.318275 124.986511
[3]: 122.268272 121.671371
[2]: 129.211166 127.894775
[2]: 135.085480 136.264862
[2]: 138.026871 137.254089
[2]: 111.167145 113.327965
[2]: 141.350479 139.689117
[2]: 127.009972 126.364342
[2]: 131.990265 130.981094
[2]: 129.329346 128.233978
[2]: 145.178314 143.741364
[2]: 135.922485 136.178146
[2]: 113.348328 114.198883
[2]: 128.627106 130.096924
[2]: 123.928307 122.856323
[2]: 140.800552 141.394409
[2]: 131.454071 131.694214
[2]: 126.714355 125.654327
[2]: 136.313004 135.343277
[2]: 69.032776 68.268845
[2]: 129.899597 129.859833
[2]: 117.343941 117.726288
[2]: 129.815231 129.149658
[2]: 144.598007 144.983566
[2]: 141.539627 140.783249
[2]: 134.823044 136.607025
[2]: 120.939392 122.202629
[2]: 117.073448 115.770721
[2]: 127.938835 127.232552
[2]: 142.781097 141.488953
[2]: 117.398003 117.123810
[2]: 186.142181 187.028641
[2]: 114.196251 115.487915
[2]: 115.033653 115.701958
[2]: 127.135170 126.823853
[2]: 121.654144 119.795769
[1]: 123.708153 124.435265
[1]: 126.765137 126.022057
[1]: 137.200806 136.218262
[1]: 195.477112 195.582352
[1]: 129.139709 128.496063
[1]: 127.925446 127.885963
[1]: 126.924126 126.182396
[1]: 126.760246 126.707695
[1]: 139.795776 139.348587
[1]: 128.114746 128.695145
[1]: 121.250023 120.969055
[1]: 129.385834 129.116302
[1]: 129.482697 129.162750
[1]: 133.524689 133.181931
[1]: 133.700775 133.151993
[1]: 118.213089 118.258011
[1]: 135.123611 134.611816
[1]: 191.608337 191.817841
[1]: 132.532608 132.786499
[1]: 121.913628 122.490532
[1]: 124.837364 125.744560
[1]: 135.752396 135.743011
[1]: 139.275909 140.021667
[1]: 134.210922 134.113419
[1]: 129.221100 129.365189
[1]: 120.347900 119.186768
[1]: 122.456581 122.164551
[1]: 135.713287 136.165558
[1]: 128.427277 127.482735
[1]: 132.237885 131.550781
[1]: 119.976753 119.676590
[1]: 117.466225 117.413986
[1]: 126.060951 126.122925
[1]: 131.362747 130.843796
[0]: 123.964622 124.891190
[0]: 118.505196 117.632103
[0]: 115.091011 117.247887
[0]: 91.750061 91.521843
[0]: 114.418480 115.437042
[0]: 129.079330 129.795883
[0]: 120.173264 121.578682
[0]: 123.308319 123.861870
[0]: 102.488541 103.972305
[0]: 122.112305 121.032570
[0]: 151.066620 151.454742
[0]: 124.563148 124.158813
[0]: 130.237579 131.248230
[0]: 104.961281 105.238052
[0]: 117.200134 117.011108
[0]: 129.350555 130.063766
[0]: 115.274231 116.268654
[0]: 155.951920 155.970764
[0]: 124.234993 124.307205
[0]: 141.935349 141.321823
[0]: 127.272858 127.129501
[0]: 106.418732 105.662453
[0]: 105.690392 105.882210
[0]: 113.080536 112.333275
[0]: 127.257317 126.447815
[0]: 145.465103 147.295670
[0]: 128.120117 128.576889
[0]: 111.156525 112.386185
[0]: 137.650375 138.924698
[0]: 185.813171 185.904358
[0]: 144.084564 143.981277
[0]: 146.942047 146.401062
[0]: 127.716667 127.767845
[0]: 135.775314 137.356873
