[4]: 88.035515 132.432159
[4]: 126.966484 126.836334
[4]: 127.153175 117.904129
[4]: 171.237259 173.930054
[4]: 127.322823 124.594322
[4]: 128.024384 126.765602
[4]: 125.256241 122.387993
[4]: 127.739517 126.389420
[4]: 126.568130 111.252876
[4]: 127.543297 123.659187
[4]: 128.542847 133.923080
[4]: 128.795029 128.397034
[4]: 129.440109 127.930695
[4]: 126.464874 122.162163
[4]: 125.933670 123.592026
[4]: 191.040726 132.753708
[4]: 125.704384 118.670052
[4]: 123.395584 67.263580
[4]: 127.749290 125.855522
[4]: 125.333893 131.628586
[4]: 129.070251 130.921097
[4]: 127.337433 113.843704
[4]: 129.188110 117.078583
[4]: 126.659485 123.219727
[4]: 126.403046 128.845459
[4]: 128.822052 137.093811
[4]: 128.557007 133.075012
[4]: 126.997559 118.086906
[4]: 127.568710 129.906662
[4]: 126.752441 74.227898
[4]: 130.912186 133.324158
[4]: 172.548187 140.945679
[4]: 128.106476 131.868683
[4]: 127.732307 128.115768
[3]: 169.751617 129.667557
[3]: 127.047882 129.926086
[3]: 127.531006 127.448074
[3]: 84.481102 60.540619
[3]: 128.157211 131.771637
[3]: 128.827332 126.479179
[3]: 127.481102 135.141663
[3]: 128.460724 130.633560
[3]: 127.282188 135.352875
[3]: 124.574661 125.978561
[3]: 127.146996 119.108917
[3]: 128.712128 127.657806
[3]: 128.119293 128.203644
[3]: 128.616623 132.660767
[3]: 127.077156 129.234131
[3]: 128.901779 131.750046
[3]: 127.932938 132.714172
[3]: 191.246613 155.685638
[3]: 127.319412 124.603302
[3]: 128.758377 122.442459
[3]: 127.675224 124.990410
[3]: 127.925369 136.959061
[3]: 129.689606 132.554504
[3]: 129.720901 128.384995
[3]: 127.764618 129.326920
[3]: 128.156464 120.673088
[3]: 126.938362 128.321609
[3]: 126.548546 128.891006
[3]: 127.411522 125.635117
[3]: 127.801903 64.354279
[3]: 127.704247 128.957504
[3]: 85.021263 117.774368
[3]: 127.746140 124.986511
[3]: 127.251785 121.671371
[2]: 170.180618 127.894775
[2]: 127.951080 136.264862
[2]: 126.184982 137.254089
[2]: 85.202293 113.327965
[2]: 128.323090 139.689117
[2]: 126.499489 126.364342
[2]: 127.711082 130.981094
[2]: 126.936134 128.233978
[2]: 126.492630 143.741364
[2]: 129.571747 136.178146
[2]: 126.903824 114.198883
[2]: 127.850281 130.096924
[2]: 127.984230 122.856323
[2]: 126.472618 141.394409
[2]: 127.534492 131.694214
[2]: 127.060143 125.654327
[2]: 127.581367 135.343277
[2]: 64.110603 68.268845
[2]: 127.895935 129.859833
[2]: 124.718391 117.726288
[2]: 128.004044 129.149658
[2]: 127.304886 144.983566
[2]: 125.463326 140.783249
[2]: 124.395233 136.607025
[2]: 126.209282 122.202629
[2]: 126.710693 115.770721
[2]: 128.735062 127.232552
[2]: 128.170563 141.488953
[2]: 127.931389 117.123810
[2]: 126.934082 187.028641
[2]: 128.594894 115.487915
[2]: 84.727173 115.701958
[2]: 127.325531 126.823853
[2]: 126.907990 119.795769
[1]: 82.569283 124.435265
[1]: 127.927780 126.022057
[1]: 128.654388 136.218262
[1]: 170.268555 195.582352
[1]: 128.924240 128.496063
[1]: 126.315819 127.885963
[1]: 128.975754 126.182396
[1]: 125.726936 126.707695
[1]: 128.133026 139.348587
[1]: 127.105743 128.695145
[1]: 127.615578 120.969055
[1]: 126.386421 129.116302
[1]: 125.817398 129.162750
[1]: 127.494034 133.181931
[1]: 127.876846 133.151993
[1]: 63.409569 118.258011
[1]: 129.657425 134.611816
[1]: 131.342316 191.817841
[1]: 127.175636 132.786499
[1]: 128.739563 122.490532
[1]: 125.548393 125.744560
[1]: 128.619247 135.743011
[1]: 126.111160 140.021667
[1]: 127.836609 134.113419
[1]: 128.699463 129.365189
[1]: 127.028824 119.186768
[1]: 127.168098 122.164551
[1]: 128.871552 136.165558
[1]: 127.719772 127.482735
[1]: 128.491074 131.550781
[1]: 124.963829 119.676590
[1]: 168.047455 117.413986
[1]: 126.806175 126.122925
[1]: 127.771103 130.843796
[0]: 0.036321 124.891190
[0]: 0.048809 117.632103
[0]: 0.045248 117.247887
[0]: 0.038601 91.521843
[0]: 0.043991 115.437042
[0]: 0.043848 129.795883
[0]: 0.043746 121.578682
[0]: 0.040361 123.861870
[0]: 0.040277 103.972305
[0]: 0.037251 121.032570
[0]: 0.059731 151.454742
[0]: 0.049840 124.158813
[0]: 0.047657 131.248230
[0]: 0.043859 105.238052
[0]: 0.040509 117.011108
[0]: 0.048154 130.063766
[0]: 0.043566 116.268654
[0]: 0.057849 155.970764
[0]: 0.054359 124.307205
[0]: 0.040092 141.321823
[0]: 0.040589 127.129501
[0]: 0.035329 105.662453
[0]: 0.041957 105.882210
[0]: 0.040689 112.333275
[0]: 0.045348 126.447815
[0]: 0.051719 147.295670
[0]: 0.051941 128.576889
[0]: 0.047402 112.386185
[0]: 0.050731 138.924698
[0]: 0.058212 185.904358
[0]: 0.045212 143.981277
[0]: 0.051091 146.401062
[0]: 0.042287 127.767845
[0]: 0.050814 137.356873
