[4]: 132.206787 132.432159
[4]: 126.752892 126.836334
[4]: 118.172874 117.904129
[4]: 174.193466 173.930054
[4]: 124.127396 124.594322
[4]: 126.911819 126.765602
[4]: 122.318016 122.387993
[4]: 126.201790 126.389420
[4]: 111.340912 111.252876
[4]: 123.721199 123.659187
[4]: 134.164001 133.923080
[4]: 128.401199 128.397034
[4]: 127.379974 127.930695
[4]: 122.134209 122.162163
[4]: 123.401756 123.592026
[4]: 132.315796 132.753708
[4]: 118.444939 118.670052
[4]: 67.412849 67.263580
[4]: 125.758041 125.855522
[4]: 131.814774 131.628586
[4]: 131.065048 130.921097
[4]: 113.999840 113.843704
[4]: 117.119240 117.078583
[4]: 123.466728 123.219727
[4]: 128.898987 128.845459
[4]: 136.921799 137.093811
[4]: 132.859055 133.075012
[4]: 118.030975 118.086906
[4]: 129.757019 129.906662
[4]: 74.391541 74.227898
[4]: 133.222473 133.324158
[4]: 141.351761 140.945679
[4]: 131.814606 131.868683
[4]: 127.936066 128.115768
[3]: 130.048935 129.667557
[3]: 130.141327 129.926086
[3]: 127.282890 127.448074
[3]: 60.551117 60.540619
[3]: 132.049942 131.771637
[3]: 126.460358 126.479179
[3]: 135.260880 135.141663
[3]: 130.694000 130.633560
[3]: 135.336197 135.352875
[3]: 125.980721 125.978561
[3]: 119.203293 119.108917
[3]: 127.771187 127.657806
[3]: 128.318863 128.203644
[3]: 132.608078 132.660767
[3]: 129.189240 129.234131
[3]: 131.846191 131.750046
[3]: 132.877014 132.714172
[3]: 155.472916 155.685638
[3]: 124.767601 124.603302
[3]: 122.355782 122.442459
[3]: 125.006012 124.990410
[3]: 137.044724 136.959061
[3]: 132.631256 132.554504
[3]: 128.274536 128.384995
[3]: 129.344391 129.326920
[3]: 120.683395 120.673088
[3]: 128.446304 128.321609
[3]: 128.971664 128.891006
[3]: 125.833076 125.635117
[3]: 64.230064 64.354279
[3]: 129.049393 128.957504
[3]: 117.711334 117.774368
[3]: 124.862808 124.986511
[3]: 121.697830 121.671371
[2]: 128.292053 127.894775
[2]: 135.956360 136.264862
[2]: 137.164459 137.254089
[2]: 113.337524 113.327965
[2]: 139.730728 139.689117
[2]: 126.195999 126.364342
[2]: 131.208344 130.981094
[2]: 128.537750 128.233978
[2]: 143.983276 143.741364
[2]: 136.091675 136.178146
[2]: 113.869865 114.198883
[2]: 130.001190 130.096924
[2]: 123.510590 122.856323
[2]: 141.107758 141.394409
[2]: 131.871536 131.694214
[2]: 126.092064 125.654327
[2]: 135.380859 135.343277
[2]: 68.367157 68.268845
[2]: 130.001511 129.859833
[2]: 117.757729 117.726288
[2]: 128.982391 129.149658
[2]: 144.893112 144.983566
[2]: 140.664856 140.783249
[2]: 136.268082 136.607025
[2]: 122.237175 122.202629
[2]: 116.047470 115.770721
[2]: 127.488052 127.232552
[2]: 141.645111 141.488953
[2]: 117.047707 117.123810
[2]: 187.023422 187.028641
[2]: 115.467506 115.487915
[2]: 115.002869 115.701958
[2]: 127.070641 126.823853
[2]: 120.119942 119.795769
[1]: 124.115578 124.435265
[1]: 126.127213 126.022057
[1]: 136.129868 136.218262
[1]: 195.572357 195.582352
[1]: 128.877075 128.496063
[1]: 127.830063 127.885963
[1]: 126.058884 126.182396
[1]: 126.510429 126.707695
[1]: 139.183136 139.348587
[1]: 128.691528 128.695145
[1]: 120.977974 120.969055
[1]: 129.186646 129.116302
[1]: 129.399841 129.162750
[1]: 133.415695 133.181931
[1]: 133.217331 133.151993
[1]: 118.443970 118.258011
[1]: 134.610779 134.611816
[1]: 192.016083 191.817841
[1]: 132.724167 132.786499
[1]: 122.397659 122.490532
[1]: 125.724403 125.744560
[1]: 135.671371 135.743011
[1]: 140.099106 140.021667
[1]: 134.055298 134.113419
[1]: 129.341431 129.365189
[1]: 119.184456 119.186768
[1]: 122.208435 122.164551
[1]: 136.207184 136.165558
[1]: 127.572510 127.482735
[1]: 131.577744 131.550781
[1]: 119.887619 119.676590
[1]: 117.458099 117.413986
[1]: 125.828346 126.122925
[1]: 130.921829 130.843796
[0]: 124.631721 124.891190
[0]: 117.690079 117.632103
[0]: 117.344612 117.247887
[0]: 91.291977 91.521843
[0]: 115.165771 115.437042
[0]: 129.902252 129.795883
[0]: 121.420662 121.578682
[0]: 123.890541 123.861870
[0]: 103.843628 103.972305
[0]: 121.051186 121.032570
[0]: 151.422455 151.454742
[0]: 124.055031 124.158813
[0]: 130.765442 131.248230
[0]: 105.382294 105.238052
[0]: 117.016830 117.011108
[0]: 129.740585 130.063766
[0]: 116.311974 116.268654
[0]: 156.034271 155.970764
[0]: 124.154915 124.307205
[0]: 141.277283 141.321823
[0]: 127.146461 127.129501
[0]: 105.591217 105.662453
[0]: 105.820816 105.882210
[0]: 112.622406 112.333275
[0]: 126.374176 126.447815
[0]: 147.156708 147.295670
[0]: 128.335892 128.576889
[0]: 112.153206 112.386185
[0]: 138.863281 138.924698
[0]: 185.706833 185.904358
[0]: 143.777237 143.981277
[0]: 146.705292 146.401062
[0]: 128.010773 127.767845
[0]: 137.099289 137.356873
