[4]: 133.651611 132.432159
[4]: 126.310669 126.836334
[4]: 116.511032 117.904129
[4]: 172.966873 173.930054
[4]: 126.611687 124.594322
[4]: 126.330437 126.765602
[4]: 122.283783 122.387993
[4]: 128.200912 126.389420
[4]: 113.232941 111.252876
[4]: 123.047920 123.659187
[4]: 134.713364 133.923080
[4]: 128.688858 128.397034
[4]: 129.085236 127.930695
[4]: 122.920135 122.162163
[4]: 125.199570 123.592026
[4]: 134.097092 132.753708
[4]: 120.045227 118.670052
[4]: 67.314064 67.263580
[4]: 125.367119 125.855522
[4]: 130.932007 131.628586
[4]: 129.972885 130.921097
[4]: 113.519257 113.843704
[4]: 116.979996 117.078583
[4]: 122.166130 123.219727
[4]: 127.630745 128.845459
[4]: 137.025375 137.093811
[4]: 135.398193 133.075012
[4]: 118.359612 118.086906
[4]: 130.712189 129.906662
[4]: 73.182808 74.227898
[4]: 134.141144 133.324158
[4]: 139.066742 140.945679
[4]: 132.033524 131.868683
[4]: 129.681976 128.115768
[3]: 127.098427 129.667557
[3]: 129.253830 129.926086
[3]: 127.664536 127.448074
[3]: 60.844131 60.540619
[3]: 131.779587 131.771637
[3]: 127.602325 126.479179
[3]: 135.377075 135.141663
[3]: 129.303070 130.633560
[3]: 134.712296 135.352875
[3]: 126.497971 125.978561
[3]: 117.414925 119.108917
[3]: 126.471123 127.657806
[3]: 127.196846 128.203644
[3]: 131.893539 132.660767
[3]: 128.489929 129.234131
[3]: 130.714951 131.750046
[3]: 133.254135 132.714172
[3]: 158.304092 155.685638
[3]: 124.045586 124.603302
[3]: 123.944977 122.442459
[3]: 126.060883 124.990410
[3]: 137.899078 136.959061
[3]: 131.548157 132.554504
[3]: 130.517410 128.384995
[3]: 130.463699 129.326920
[3]: 120.719719 120.673088
[3]: 126.161880 128.321609
[3]: 129.315948 128.891006
[3]: 125.450752 125.635117
[3]: 65.030594 64.354279
[3]: 129.091705 128.957504
[3]: 121.269043 117.774368
[3]: 125.824615 124.986511
[3]: 121.756714 121.671371
[2]: 126.700302 127.894775
[2]: 137.145142 136.264862
[2]: 136.691284 137.254089
[2]: 111.513573 113.327965
[2]: 138.547821 139.689117
[2]: 126.784210 126.364342
[2]: 129.158783 130.981094
[2]: 128.037369 128.233978
[2]: 141.684814 143.741364
[2]: 137.975647 136.178146
[2]: 114.069138 114.198883
[2]: 128.387360 130.096924
[2]: 122.308716 122.856323
[2]: 140.299698 141.394409
[2]: 131.626770 131.694214
[2]: 125.296982 125.654327
[2]: 133.909546 135.343277
[2]: 67.248360 68.268845
[2]: 130.650970 129.859833
[2]: 117.364838 117.726288
[2]: 130.964233 129.149658
[2]: 145.160858 144.983566
[2]: 142.093491 140.783249
[2]: 137.957932 136.607025
[2]: 123.671486 122.202629
[2]: 115.406357 115.770721
[2]: 125.260895 127.232552
[2]: 140.396622 141.488953
[2]: 116.450424 117.123810
[2]: 185.775665 187.028641
[2]: 115.455849 115.487915
[2]: 116.597794 115.701958
[2]: 126.219063 126.823853
[2]: 118.919128 119.795769
[1]: 126.194267 124.435265
[1]: 126.937004 126.022057
[1]: 137.293381 136.218262
[1]: 196.323059 195.582352
[1]: 127.106491 128.496063
[1]: 127.600204 127.885963
[1]: 126.574104 126.182396
[1]: 126.285767 126.707695
[1]: 137.773102 139.348587
[1]: 128.495956 128.695145
[1]: 120.345970 120.969055
[1]: 130.518723 129.116302
[1]: 128.521515 129.162750
[1]: 133.464264 133.181931
[1]: 132.850937 133.151993
[1]: 118.452232 118.258011
[1]: 133.877579 134.611816
[1]: 190.675003 191.817841
[1]: 133.283356 132.786499
[1]: 123.261299 122.490532
[1]: 125.690620 125.744560
[1]: 136.747635 135.743011
[1]: 139.749649 140.021667
[1]: 133.599579 134.113419
[1]: 128.862274 129.365189
[1]: 119.387062 119.186768
[1]: 121.438950 122.164551
[1]: 135.127075 136.165558
[1]: 126.405159 127.482735
[1]: 132.908112 131.550781
[1]: 118.730545 119.676590
[1]: 116.221222 117.413986
[1]: 125.809380 126.122925
[1]: 128.872147 130.843796
[0]: 125.720383 124.891190
[0]: 116.952324 117.632103
[0]: 117.892105 117.247887
[0]: 92.689888 91.521843
[0]: 115.960999 115.437042
[0]: 128.906876 129.795883
[0]: 122.963745 121.578682
[0]: 124.029037 123.861870
[0]: 106.390602 103.972305
[0]: 119.391029 121.032570
[0]: 153.393616 151.454742
[0]: 125.412933 124.158813
[0]: 132.408554 131.248230
[0]: 106.025253 105.238052
[0]: 116.432526 117.011108
[0]: 129.949142 130.063766
[0]: 116.491280 116.268654
[0]: 155.463623 155.970764
[0]: 124.017952 124.307205
[0]: 140.023285 141.321823
[0]: 125.081268 127.129501
[0]: 103.605019 105.662453
[0]: 105.880333 105.882210
[0]: 110.165878 112.333275
[0]: 125.473495 126.447815
[0]: 147.573059 147.295670
[0]: 131.363464 128.576889
[0]: 113.878876 112.386185
[0]: 140.208054 138.924698
[0]: 186.552704 185.904358
[0]: 144.113571 143.981277
[0]: 145.022079 146.401062
[0]: 127.653465 127.767845
[0]: 138.692810 137.356873
