[4]: 133.795990 132.432159
[4]: 125.179871 126.836334
[4]: 116.657303 117.904129
[4]: 173.791580 173.930054
[4]: 125.746841 124.594322
[4]: 126.836143 126.765602
[4]: 121.951012 122.387993
[4]: 128.015060 126.389420
[4]: 113.353661 111.252876
[4]: 122.849083 123.659187
[4]: 135.503555 133.923080
[4]: 128.538574 128.397034
[4]: 129.403595 127.930695
[4]: 123.551353 122.162163
[4]: 124.892235 123.592026
[4]: 133.672852 132.753708
[4]: 120.658882 118.670052
[4]: 67.692329 67.263580
[4]: 124.521538 125.855522
[4]: 131.414322 131.628586
[4]: 130.387115 130.921097
[4]: 113.738007 113.843704
[4]: 116.928528 117.078583
[4]: 122.852005 123.219727
[4]: 127.712135 128.845459
[4]: 136.920868 137.093811
[4]: 135.521057 133.075012
[4]: 118.727676 118.086906
[4]: 130.127243 129.906662
[4]: 73.693672 74.227898
[4]: 133.850906 133.324158
[4]: 139.835037 140.945679
[4]: 132.152252 131.868683
[4]: 129.729797 128.115768
[3]: 128.059143 129.667557
[3]: 130.173767 129.926086
[3]: 127.727402 127.448074
[3]: 60.869366 60.540619
[3]: 132.333466 131.771637
[3]: 126.928200 126.479179
[3]: 135.359406 135.141663
[3]: 129.204163 130.633560
[3]: 134.633484 135.352875
[3]: 126.434334 125.978561
[3]: 116.876472 119.108917
[3]: 126.532227 127.657806
[3]: 127.261040 128.203644
[3]: 132.300491 132.660767
[3]: 128.562317 129.234131
[3]: 131.669266 131.750046
[3]: 133.233459 132.714172
[3]: 157.152283 155.685638
[3]: 124.861633 124.603302
[3]: 122.426987 122.442459
[3]: 125.516914 124.990410
[3]: 137.294556 136.959061
[3]: 131.415894 132.554504
[3]: 129.214935 128.384995
[3]: 129.770218 129.326920
[3]: 120.227829 120.673088
[3]: 126.509727 128.321609
[3]: 129.018051 128.891006
[3]: 125.961792 125.635117
[3]: 64.512772 64.354279
[3]: 129.437927 128.957504
[3]: 120.339478 117.774368
[3]: 125.221107 124.986511
[3]: 122.058052 121.671371
[2]: 126.537025 127.894775
[2]: 137.669312 136.264862
[2]: 136.862198 137.254089
[2]: 111.694496 113.327965
[2]: 138.789993 139.689117
[2]: 126.352684 126.364342
[2]: 129.755676 130.981094
[2]: 127.990807 128.233978
[2]: 141.520950 143.741364
[2]: 138.229202 136.178146
[2]: 114.168427 114.198883
[2]: 128.472092 130.096924
[2]: 122.269592 122.856323
[2]: 140.023514 141.394409
[2]: 131.445618 131.694214
[2]: 125.039909 125.654327
[2]: 133.407944 135.343277
[2]: 67.236008 68.268845
[2]: 131.471054 129.859833
[2]: 117.445061 117.726288
[2]: 130.945770 129.149658
[2]: 144.863159 144.983566
[2]: 141.721603 140.783249
[2]: 137.595963 136.607025
[2]: 123.665710 122.202629
[2]: 115.904274 115.770721
[2]: 125.260880 127.232552
[2]: 140.525269 141.488953
[2]: 116.920982 117.123810
[2]: 186.215927 187.028641
[2]: 115.361244 115.487915
[2]: 116.597809 115.701958
[2]: 126.010078 126.823853
[2]: 118.785187 119.795769
[1]: 125.915199 124.435265
[1]: 127.069038 126.022057
[1]: 137.522720 136.218262
[1]: 195.732941 195.582352
[1]: 127.655273 128.496063
[1]: 127.403740 127.885963
[1]: 126.363281 126.182396
[1]: 126.291679 126.707695
[1]: 138.284698 139.348587
[1]: 128.557037 128.695145
[1]: 120.112373 120.969055
[1]: 130.650223 129.116302
[1]: 128.323517 129.162750
[1]: 133.279800 133.181931
[1]: 133.282837 133.151993
[1]: 118.359947 118.258011
[1]: 133.868454 134.611816
[1]: 191.069199 191.817841
[1]: 133.111832 132.786499
[1]: 123.822319 122.490532
[1]: 125.644791 125.744560
[1]: 137.182968 135.743011
[1]: 140.149490 140.021667
[1]: 133.733871 134.113419
[1]: 129.018097 129.365189
[1]: 119.801895 119.186768
[1]: 121.125809 122.164551
[1]: 134.967850 136.165558
[1]: 126.786049 127.482735
[1]: 133.068420 131.550781
[1]: 119.219147 119.676590
[1]: 116.091095 117.413986
[1]: 126.018486 126.122925
[1]: 129.369492 130.843796
[0]: 124.974663 124.891190
[0]: 116.489265 117.632103
[0]: 117.271469 117.247887
[0]: 91.996048 91.521843
[0]: 115.457657 115.437042
[0]: 129.779282 129.795883
[0]: 122.963928 121.578682
[0]: 124.386032 123.861870
[0]: 106.029198 103.972305
[0]: 119.369202 121.032570
[0]: 153.217545 151.454742
[0]: 125.270271 124.158813
[0]: 132.236771 131.248230
[0]: 105.435844 105.238052
[0]: 116.420563 117.011108
[0]: 129.724838 130.063766
[0]: 116.433014 116.268654
[0]: 155.942200 155.970764
[0]: 123.357353 124.307205
[0]: 140.426407 141.321823
[0]: 125.298607 127.129501
[0]: 103.953194 105.662453
[0]: 106.099625 105.882210
[0]: 111.130371 112.333275
[0]: 125.976982 126.447815
[0]: 147.176834 147.295670
[0]: 131.168839 128.576889
[0]: 113.894279 112.386185
[0]: 139.322403 138.924698
[0]: 186.074722 185.904358
[0]: 143.570679 143.981277
[0]: 145.293365 146.401062
[0]: 128.165573 127.767845
[0]: 137.885696 137.356873
