[4]: 133.557053 132.432159
[4]: 126.107140 126.836334
[4]: 117.148392 117.904129
[4]: 172.625000 173.930054
[4]: 126.488152 124.594322
[4]: 126.302780 126.765602
[4]: 122.281052 122.387993
[4]: 127.650124 126.389420
[4]: 113.331306 111.252876
[4]: 123.301994 123.659187
[4]: 134.808624 133.923080
[4]: 129.174942 128.397034
[4]: 128.939713 127.930695
[4]: 122.502922 122.162163
[4]: 125.065742 123.592026
[4]: 134.376343 132.753708
[4]: 120.251343 118.670052
[4]: 67.222343 67.263580
[4]: 125.434738 125.855522
[4]: 130.713806 131.628586
[4]: 129.912369 130.921097
[4]: 113.497391 113.843704
[4]: 117.157478 117.078583
[4]: 121.968628 123.219727
[4]: 127.840942 128.845459
[4]: 136.488388 137.093811
[4]: 135.404861 133.075012
[4]: 117.898232 118.086906
[4]: 130.627533 129.906662
[4]: 73.006004 74.227898
[4]: 134.628799 133.324158
[4]: 139.308075 140.945679
[4]: 132.202194 131.868683
[4]: 129.923904 128.115768
[3]: 126.865814 129.667557
[3]: 129.061859 129.926086
[3]: 127.165474 127.448074
[3]: 60.768917 60.540619
[3]: 132.154709 131.771637
[3]: 127.579109 126.479179
[3]: 134.947113 135.141663
[3]: 129.867371 130.633560
[3]: 134.398117 135.352875
[3]: 126.080902 125.978561
[3]: 117.171631 119.108917
[3]: 126.072556 127.657806
[3]: 127.505775 128.203644
[3]: 132.271027 132.660767
[3]: 128.802704 129.234131
[3]: 130.467239 131.750046
[3]: 132.915741 132.714172
[3]: 158.740906 155.685638
[3]: 123.789284 124.603302
[3]: 124.039948 122.442459
[3]: 125.878845 124.990410
[3]: 138.036667 136.959061
[3]: 131.737793 132.554504
[3]: 130.775238 128.384995
[3]: 129.933456 129.326920
[3]: 121.030663 120.673088
[3]: 126.070061 128.321609
[3]: 129.795517 128.891006
[3]: 125.640976 125.635117
[3]: 65.381653 64.354279
[3]: 129.034485 128.957504
[3]: 121.384773 117.774368
[3]: 125.597206 124.986511
[3]: 121.549385 121.671371
[2]: 126.633492 127.894775
[2]: 137.086227 136.264862
[2]: 136.416595 137.254089
[2]: 111.750137 113.327965
[2]: 138.506409 139.689117
[2]: 126.454575 126.364342
[2]: 129.102875 130.981094
[2]: 128.039810 128.233978
[2]: 141.424164 143.741364
[2]: 137.774582 136.178146
[2]: 114.116570 114.198883
[2]: 128.422333 130.096924
[2]: 122.448685 122.856323
[2]: 140.283615 141.394409
[2]: 131.631897 131.694214
[2]: 125.328690 125.654327
[2]: 133.863922 135.343277
[2]: 67.260208 68.268845
[2]: 130.853180 129.859833
[2]: 117.215858 117.726288
[2]: 130.998886 129.149658
[2]: 145.314041 144.983566
[2]: 141.807465 140.783249
[2]: 138.151367 136.607025
[2]: 123.820610 122.202629
[2]: 115.949677 115.770721
[2]: 125.526237 127.232552
[2]: 140.758820 141.488953
[2]: 116.526154 117.123810
[2]: 185.870377 187.028641
[2]: 115.446693 115.487915
[2]: 116.516762 115.701958
[2]: 126.293655 126.823853
[2]: 118.659286 119.795769
[1]: 126.490089 124.435265
[1]: 126.832100 126.022057
[1]: 137.172485 136.218262
[1]: 196.397507 195.582352
[1]: 127.095528 128.496063
[1]: 127.565643 127.885963
[1]: 126.722504 126.182396
[1]: 126.272369 126.707695
[1]: 138.221527 139.348587
[1]: 128.603348 128.695145
[1]: 120.599846 120.969055
[1]: 130.303070 129.116302
[1]: 128.581573 129.162750
[1]: 133.595566 133.181931
[1]: 132.660629 133.151993
[1]: 118.456741 118.258011
[1]: 134.024170 134.611816
[1]: 190.590820 191.817841
[1]: 133.213211 132.786499
[1]: 123.494133 122.490532
[1]: 126.079987 125.744560
[1]: 136.596420 135.743011
[1]: 139.886353 140.021667
[1]: 133.489929 134.113419
[1]: 129.027588 129.365189
[1]: 119.649979 119.186768
[1]: 121.520561 122.164551
[1]: 135.170776 136.165558
[1]: 126.473457 127.482735
[1]: 132.682465 131.550781
[1]: 118.524605 119.676590
[1]: 115.876640 117.413986
[1]: 125.604973 126.122925
[1]: 129.186935 130.843796
[0]: 125.815552 124.891190
[0]: 117.503189 117.632103
[0]: 118.137215 117.247887
[0]: 92.788315 91.521843
[0]: 115.666267 115.437042
[0]: 129.365540 129.795883
[0]: 123.317017 121.578682
[0]: 124.003014 123.861870
[0]: 106.319344 103.972305
[0]: 119.620926 121.032570
[0]: 153.344940 151.454742
[0]: 125.516724 124.158813
[0]: 132.038879 131.248230
[0]: 105.832443 105.238052
[0]: 116.394936 117.011108
[0]: 129.879593 130.063766
[0]: 116.479660 116.268654
[0]: 155.506729 155.970764
[0]: 124.073524 124.307205
[0]: 140.126266 141.321823
[0]: 124.858559 127.129501
[0]: 103.360802 105.662453
[0]: 105.536629 105.882210
[0]: 109.927940 112.333275
[0]: 125.488792 126.447815
[0]: 147.027328 147.295670
[0]: 131.089127 128.576889
[0]: 113.341408 112.386185
[0]: 140.004395 138.924698
[0]: 186.616791 185.904358
[0]: 143.960434 143.981277
[0]: 145.176178 146.401062
[0]: 127.866837 127.767845
[0]: 138.652481 137.356873
