[4]: 133.521622 132.432159
[4]: 126.228790 126.836334
[4]: 116.911453 117.904129
[4]: 172.806152 173.930054
[4]: 126.386673 124.594322
[4]: 126.335129 126.765602
[4]: 122.240417 122.387993
[4]: 127.850815 126.389420
[4]: 113.306664 111.252876
[4]: 123.239464 123.659187
[4]: 134.641953 133.923080
[4]: 129.034149 128.397034
[4]: 129.062851 127.930695
[4]: 122.719818 122.162163
[4]: 125.242706 123.592026
[4]: 134.258118 132.753708
[4]: 120.206337 118.670052
[4]: 67.191956 67.263580
[4]: 125.425011 125.855522
[4]: 130.778793 131.628586
[4]: 129.992020 130.921097
[4]: 113.574509 113.843704
[4]: 117.253777 117.078583
[4]: 121.971855 123.219727
[4]: 127.801720 128.845459
[4]: 136.788132 137.093811
[4]: 135.386673 133.075012
[4]: 117.943710 118.086906
[4]: 130.835632 129.906662
[4]: 73.119614 74.227898
[4]: 134.381378 133.324158
[4]: 139.271332 140.945679
[4]: 132.034149 131.868683
[4]: 129.954376 128.115768
[3]: 126.934013 129.667557
[3]: 129.089767 129.926086
[3]: 127.195541 127.448074
[3]: 60.824039 60.540619
[3]: 132.096100 131.771637
[3]: 127.480385 126.479179
[3]: 135.103821 135.141663
[3]: 129.783798 130.633560
[3]: 134.444733 135.352875
[3]: 126.208328 125.978561
[3]: 117.380623 119.108917
[3]: 126.201935 127.657806
[3]: 127.367210 128.203644
[3]: 132.211990 132.660767
[3]: 128.791046 129.234131
[3]: 130.444351 131.750046
[3]: 132.878876 132.714172
[3]: 158.600342 155.685638
[3]: 123.910072 124.603302
[3]: 124.178535 122.442459
[3]: 125.809372 124.990410
[3]: 137.862885 136.959061
[3]: 131.753845 132.554504
[3]: 130.812500 128.384995
[3]: 130.112000 129.326920
[3]: 121.036896 120.673088
[3]: 126.221664 128.321609
[3]: 129.706024 128.891006
[3]: 125.468842 125.635117
[3]: 65.195854 64.354279
[3]: 129.118240 128.957504
[3]: 121.325012 117.774368
[3]: 125.673111 124.986511
[3]: 121.504097 121.671371
[2]: 126.730675 127.894775
[2]: 137.084381 136.264862
[2]: 136.524475 137.254089
[2]: 111.664757 113.327965
[2]: 138.522247 139.689117
[2]: 126.447174 126.364342
[2]: 129.098480 130.981094
[2]: 128.072601 128.233978
[2]: 141.440567 143.741364
[2]: 137.777405 136.178146
[2]: 114.147125 114.198883
[2]: 128.318130 130.096924
[2]: 122.434441 122.856323
[2]: 140.324417 141.394409
[2]: 131.514206 131.694214
[2]: 125.325768 125.654327
[2]: 133.843964 135.343277
[2]: 67.357452 68.268845
[2]: 130.806229 129.859833
[2]: 117.214951 117.726288
[2]: 130.968399 129.149658
[2]: 145.392883 144.983566
[2]: 141.771591 140.783249
[2]: 138.195129 136.607025
[2]: 123.674309 122.202629
[2]: 115.785446 115.770721
[2]: 125.347107 127.232552
[2]: 140.688721 141.488953
[2]: 116.544701 117.123810
[2]: 185.846664 187.028641
[2]: 115.473213 115.487915
[2]: 116.479103 115.701958
[2]: 126.337074 126.823853
[2]: 118.675743 119.795769
[1]: 126.422264 124.435265
[1]: 126.760185 126.022057
[1]: 137.232117 136.218262
[1]: 196.381378 195.582352
[1]: 127.245728 128.496063
[1]: 127.582787 127.885963
[1]: 126.583725 126.182396
[1]: 126.230255 126.707695
[1]: 138.126007 139.348587
[1]: 128.513062 128.695145
[1]: 120.587456 120.969055
[1]: 130.443329 129.116302
[1]: 128.526749 129.162750
[1]: 133.467499 133.181931
[1]: 132.640152 133.151993
[1]: 118.545784 118.258011
[1]: 134.051773 134.611816
[1]: 190.641708 191.817841
[1]: 133.161224 132.786499
[1]: 123.255211 122.490532
[1]: 126.009720 125.744560
[1]: 136.608047 135.743011
[1]: 139.752106 140.021667
[1]: 133.436646 134.113419
[1]: 128.905243 129.365189
[1]: 119.413635 119.186768
[1]: 121.521614 122.164551
[1]: 135.099884 136.165558
[1]: 126.446831 127.482735
[1]: 132.731583 131.550781
[1]: 118.662781 119.676590
[1]: 115.979164 117.413986
[1]: 125.750389 126.122925
[1]: 129.219055 130.843796
[0]: 125.753120 124.891190
[0]: 117.421112 117.632103
[0]: 118.174927 117.247887
[0]: 92.702370 91.521843
[0]: 115.657303 115.437042
[0]: 129.427322 129.795883
[0]: 123.342438 121.578682
[0]: 123.887978 123.861870
[0]: 106.376472 103.972305
[0]: 119.643517 121.032570
[0]: 153.278503 151.454742
[0]: 125.486511 124.158813
[0]: 132.134598 131.248230
[0]: 105.758728 105.238052
[0]: 116.365791 117.011108
[0]: 129.940536 130.063766
[0]: 116.556999 116.268654
[0]: 155.497635 155.970764
[0]: 124.059631 124.307205
[0]: 140.169144 141.321823
[0]: 124.961227 127.129501
[0]: 103.363289 105.662453
[0]: 105.598534 105.882210
[0]: 109.894012 112.333275
[0]: 125.629128 126.447815
[0]: 147.136841 147.295670
[0]: 131.138214 128.576889
[0]: 113.540802 112.386185
[0]: 139.978119 138.924698
[0]: 186.627747 185.904358
[0]: 143.956650 143.981277
[0]: 145.214386 146.401062
[0]: 127.761223 127.767845
[0]: 138.633438 137.356873
