[4]: 133.408447 132.432159
[4]: 128.953873 126.836334
[4]: 123.327087 117.904129
[4]: 138.290527 173.930054
[4]: 127.590279 124.594322
[4]: 126.968338 126.765602
[4]: 127.708397 122.387993
[4]: 128.934952 126.389420
[4]: 124.998665 111.252876
[4]: 126.414307 123.659187
[4]: 122.167816 133.923080
[4]: 127.979294 128.397034
[4]: 126.859520 127.930695
[4]: 127.408066 122.162163
[4]: 130.855957 123.592026
[4]: 129.611496 132.753708
[4]: 122.560143 118.670052
[4]: 68.034401 67.263580
[4]: 126.575050 125.855522
[4]: 128.706482 131.628586
[4]: 126.896660 130.921097
[4]: 128.379837 113.843704
[4]: 125.882133 117.078583
[4]: 126.399780 123.219727
[4]: 129.024017 128.845459
[4]: 128.488281 137.093811
[4]: 131.370087 133.075012
[4]: 124.870155 118.086906
[4]: 127.253311 129.906662
[4]: 58.586964 74.227898
[4]: 128.334610 133.324158
[4]: 128.918381 140.945679
[4]: 128.539444 131.868683
[4]: 127.173546 128.115768
[3]: 129.639374 129.667557
[3]: 126.446960 129.926086
[3]: 127.964340 127.448074
[3]: 58.848606 60.540619
[3]: 131.264954 131.771637
[3]: 129.363693 126.479179
[3]: 126.964340 135.141663
[3]: 129.472778 130.633560
[3]: 128.462418 135.352875
[3]: 124.125191 125.978561
[3]: 126.947472 119.108917
[3]: 127.128578 127.657806
[3]: 126.948494 128.203644
[3]: 125.716064 132.660767
[3]: 125.867393 129.234131
[3]: 128.541473 131.750046
[3]: 128.199448 132.714172
[3]: 189.086914 155.685638
[3]: 126.024475 124.603302
[3]: 130.543396 122.442459
[3]: 127.084991 124.990410
[3]: 129.632156 136.959061
[3]: 126.549843 132.554504
[3]: 129.311218 128.384995
[3]: 129.476746 129.326920
[3]: 129.949066 120.673088
[3]: 125.000381 128.321609
[3]: 126.688393 128.891006
[3]: 129.232040 125.635117
[3]: 116.848480 64.354279
[3]: 130.475403 128.957504
[3]: 124.640083 117.774368
[3]: 127.873146 124.986511
[3]: 126.352890 121.671371
[2]: 123.006485 127.894775
[2]: 128.184738 136.264862
[2]: 127.245247 137.254089
[2]: 115.309135 113.327965
[2]: 127.879921 139.689117
[2]: 127.317207 126.364342
[2]: 126.811134 130.981094
[2]: 126.092621 128.233978
[2]: 126.773628 143.741364
[2]: 133.060074 136.178146
[2]: 132.422668 114.198883
[2]: 128.094269 130.096924
[2]: 129.812790 122.856323
[2]: 127.499908 141.394409
[2]: 122.936562 131.694214
[2]: 128.339584 125.654327
[2]: 130.154846 135.343277
[2]: 69.306145 68.268845
[2]: 127.231964 129.859833
[2]: 124.376389 117.726288
[2]: 131.341934 129.149658
[2]: 124.772041 144.983566
[2]: 128.539001 140.783249
[2]: 125.840759 136.607025
[2]: 122.724174 122.202629
[2]: 126.249634 115.770721
[2]: 126.507217 127.232552
[2]: 127.647514 141.488953
[2]: 126.498825 117.123810
[2]: 196.452225 187.028641
[2]: 128.198593 115.487915
[2]: 130.315933 115.701958
[2]: 126.123070 126.823853
[2]: 124.965546 119.795769
[1]: 125.528038 124.435265
[1]: 126.274490 126.022057
[1]: 131.048431 136.218262
[1]: 198.699066 195.582352
[1]: 125.962334 128.496063
[1]: 126.026970 127.885963
[1]: 127.950600 126.182396
[1]: 124.349625 126.707695
[1]: 128.264771 139.348587
[1]: 125.093811 128.695145
[1]: 128.667618 120.969055
[1]: 128.568161 129.116302
[1]: 127.741844 129.162750
[1]: 128.462952 133.181931
[1]: 128.796112 133.151993
[1]: 124.025864 118.258011
[1]: 129.996429 134.611816
[1]: 186.023529 191.817841
[1]: 130.351242 132.786499
[1]: 123.914680 122.490532
[1]: 124.926613 125.744560
[1]: 128.425156 135.743011
[1]: 129.546127 140.021667
[1]: 127.108788 134.113419
[1]: 127.881943 129.365189
[1]: 126.020096 119.186768
[1]: 128.513199 122.164551
[1]: 131.421906 136.165558
[1]: 127.650436 127.482735
[1]: 138.090378 131.550781
[1]: 125.125313 119.676590
[1]: 125.351250 117.413986
[1]: 127.458084 126.122925
[1]: 131.233643 130.843796
[0]: 1184.650146 124.891190
[0]: 1105.632446 117.632103
[0]: 1111.377319 117.247887
[0]: 872.320618 91.521843
[0]: 1088.723877 115.437042
[0]: 1215.869629 129.795883
[0]: 1160.842163 121.578682
[0]: 1164.912598 123.861870
[0]: 1001.631592 103.972305
[0]: 1124.174927 121.032570
[0]: 1442.361084 151.454742
[0]: 1180.694702 124.158813
[0]: 1244.026733 131.248230
[0]: 995.538452 105.238052
[0]: 1096.720703 117.011108
[0]: 1223.962769 130.063766
[0]: 1096.981323 116.268654
[0]: 1463.389526 155.970764
[0]: 1169.510986 124.307205
[0]: 1319.898804 141.321823
[0]: 1180.466431 127.129501
[0]: 977.429932 105.662453
[0]: 996.415405 105.882210
[0]: 1036.757935 112.333275
[0]: 1181.747314 126.447815
[0]: 1388.672852 147.295670
[0]: 1233.348999 128.576889
[0]: 1072.020264 112.386185
[0]: 1319.885864 138.924698
[0]: 1758.505249 185.904358
[0]: 1358.673706 143.981277
[0]: 1363.813721 146.401062
[0]: 1203.977295 127.767845
[0]: 1303.123901 137.356873
