[4]: 132.432159 88.786057
[4]: 126.836334 128.646622
[4]: 117.904129 126.697937
[4]: 173.930054 174.018539
[4]: 124.594322 129.516006
[4]: 126.765602 128.348099
[4]: 122.387993 128.002914
[4]: 126.389420 127.883484
[4]: 111.252876 129.192352
[4]: 123.659187 129.146729
[4]: 133.923080 127.793625
[4]: 128.397034 128.906403
[4]: 127.930695 126.082497
[4]: 122.162163 130.182281
[4]: 123.592026 127.078186
[4]: 132.753708 130.507675
[4]: 118.670052 126.226929
[4]: 67.263580 61.858414
[4]: 125.855522 125.350464
[4]: 131.628586 127.185890
[4]: 130.921097 129.572525
[4]: 113.843704 129.342896
[4]: 117.078583 128.660095
[4]: 123.219727 129.407257
[4]: 128.845459 127.919800
[4]: 137.093811 126.387611
[4]: 133.075012 126.697731
[4]: 118.086906 128.568924
[4]: 129.906662 124.791611
[4]: 74.227898 124.631279
[4]: 133.324158 126.599472
[4]: 140.945679 170.518860
[4]: 131.868683 128.967850
[4]: 128.115768 122.852440
[3]: 129.667557 170.709732
[3]: 129.926086 127.593781
[3]: 127.448074 127.618477
[3]: 60.540619 88.634537
[3]: 131.771637 129.159531
[3]: 126.479179 128.470108
[3]: 135.141663 129.799576
[3]: 130.633560 127.093185
[3]: 135.352875 127.923546
[3]: 125.978561 125.317490
[3]: 119.108917 124.217384
[3]: 127.657806 128.032272
[3]: 128.203644 127.680573
[3]: 132.660767 128.689651
[3]: 129.234131 127.081955
[3]: 131.750046 130.737762
[3]: 132.714172 127.815559
[3]: 155.685638 126.317787
[3]: 124.603302 127.428230
[3]: 122.442459 125.888962
[3]: 124.990410 127.509071
[3]: 136.959061 127.473671
[3]: 132.554504 126.091850
[3]: 128.384995 127.590363
[3]: 129.326920 130.077713
[3]: 120.673088 123.253311
[3]: 128.321609 127.557114
[3]: 128.891006 128.081360
[3]: 125.635117 127.351181
[3]: 64.354279 57.784695
[3]: 128.957504 130.652542
[3]: 117.774368 81.822769
[3]: 124.986511 128.012497
[3]: 121.671371 125.427711
[2]: 127.894775 168.098984
[2]: 136.264862 131.355011
[2]: 137.254089 131.713760
[2]: 113.327965 95.145882
[2]: 139.689117 129.855301
[2]: 126.364342 125.714699
[2]: 130.981094 134.433060
[2]: 128.233978 134.818024
[2]: 143.741364 141.482254
[2]: 136.178146 132.129715
[2]: 114.198883 114.737427
[2]: 130.096924 133.304276
[2]: 122.856323 133.417145
[2]: 141.394409 139.257645
[2]: 131.694214 136.039413
[2]: 125.654327 127.932762
[2]: 135.343277 134.074814
[2]: 68.268845 126.463020
[2]: 129.859833 127.887993
[2]: 117.726288 119.167252
[2]: 129.149658 126.600395
[2]: 144.983566 134.140091
[2]: 140.783249 134.609497
[2]: 136.607025 143.122314
[2]: 122.202629 130.180008
[2]: 115.770721 121.595795
[2]: 127.232552 117.888840
[2]: 141.488953 128.818451
[2]: 117.123810 120.473228
[2]: 187.028641 186.087753
[2]: 115.487915 118.488976
[2]: 115.701958 73.314919
[2]: 126.823853 138.059158
[2]: 119.795769 113.320450
[1]: 124.435265 83.791946
[1]: 126.022057 128.158066
[1]: 136.218262 132.236954
[1]: 195.582352 175.746109
[1]: 128.496063 128.384064
[1]: 127.885963 125.636673
[1]: 126.182396 129.938354
[1]: 126.707695 128.042984
[1]: 139.348587 132.263199
[1]: 128.695145 127.665497
[1]: 120.969055 121.627739
[1]: 129.116302 127.698181
[1]: 129.162750 131.170074
[1]: 133.181931 129.928055
[1]: 133.151993 130.286514
[1]: 118.258011 124.543411
[1]: 134.611816 132.630386
[1]: 191.817841 191.997360
[1]: 132.786499 130.195328
[1]: 122.490532 122.659988
[1]: 125.744560 123.885139
[1]: 135.743011 129.639328
[1]: 140.021667 129.447784
[1]: 134.113419 132.743881
[1]: 129.365189 130.533615
[1]: 119.186768 125.055359
[1]: 122.164551 124.208984
[1]: 136.165558 129.021103
[1]: 127.482735 127.493561
[1]: 131.550781 121.599846
[1]: 119.676590 126.500145
[1]: 117.413986 163.791809
[1]: 126.122925 130.107574
[1]: 130.843796 125.946213
[0]: 124.891190 142.716431
[0]: 117.632103 119.199509
[0]: 117.247887 114.802513
[0]: 91.521843 78.161850
[0]: 115.437042 122.031380
[0]: 129.795883 129.404510
[0]: 121.578682 109.263168
[0]: 123.861870 115.062767
[0]: 103.972305 95.581818
[0]: 121.032570 119.589554
[0]: 151.454742 158.330750
[0]: 124.158813 119.560074
[0]: 131.248230 118.374245
[0]: 105.238052 100.463570
[0]: 117.011108 110.434097
[0]: 130.063766 122.844543
[0]: 116.268654 113.914482
[0]: 155.970764 137.497757
[0]: 124.307205 126.584625
[0]: 141.321823 144.747147
[0]: 127.129501 131.526337
[0]: 105.662453 114.545395
[0]: 105.882210 116.191772
[0]: 112.333275 93.134277
[0]: 126.447815 113.042145
[0]: 147.295670 148.572403
[0]: 128.576889 148.948547
[0]: 112.386185 121.769112
[0]: 138.924698 142.457855
[0]: 185.904358 169.257797
[0]: 143.981277 141.448547
[0]: 146.401062 140.110855
[0]: 127.767845 106.349922
[0]: 137.356873 158.632263
