[4]: 132.432159 132.881592
[4]: 126.836334 126.651657
[4]: 117.904129 117.671921
[4]: 173.930054 174.042191
[4]: 124.594322 124.645401
[4]: 126.765602 126.716476
[4]: 122.387993 122.287399
[4]: 126.389420 126.368294
[4]: 111.252876 111.369240
[4]: 123.659187 123.525726
[4]: 133.923080 134.022644
[4]: 128.397034 128.767685
[4]: 127.930695 128.180222
[4]: 122.162163 122.200012
[4]: 123.592026 123.642471
[4]: 132.753708 132.811310
[4]: 118.670052 118.613663
[4]: 67.263580 67.409607
[4]: 125.855522 125.531265
[4]: 131.628586 131.602188
[4]: 130.921097 130.850159
[4]: 113.843704 113.648727
[4]: 117.078583 117.123711
[4]: 123.219727 123.225822
[4]: 128.845459 128.755112
[4]: 137.093811 137.028259
[4]: 133.075012 133.314392
[4]: 118.086906 118.147301
[4]: 129.906662 130.068146
[4]: 74.227898 74.380798
[4]: 133.324158 133.466125
[4]: 140.945679 140.626175
[4]: 131.868683 132.126083
[4]: 128.115768 128.108749
[3]: 129.667557 129.111969
[3]: 129.926086 129.925049
[3]: 127.448074 127.331306
[3]: 60.540619 60.541920
[3]: 131.771637 131.880325
[3]: 126.479179 126.983017
[3]: 135.141663 135.167755
[3]: 130.633560 130.933533
[3]: 135.352875 135.139786
[3]: 125.978561 125.661446
[3]: 119.108917 118.820480
[3]: 127.657806 127.432526
[3]: 128.203644 127.827492
[3]: 132.660767 132.698303
[3]: 129.234131 129.140091
[3]: 131.750046 131.716217
[3]: 132.714172 132.494080
[3]: 155.685638 155.528214
[3]: 124.603302 124.279884
[3]: 122.442459 122.808632
[3]: 124.990410 125.224091
[3]: 136.959061 137.154434
[3]: 132.554504 132.251434
[3]: 128.384995 128.911880
[3]: 129.326920 129.061630
[3]: 120.673088 120.904938
[3]: 128.321609 128.264694
[3]: 128.891006 128.889359
[3]: 125.635117 125.881256
[3]: 64.354279 64.213417
[3]: 128.957504 129.195343
[3]: 117.774368 118.163239
[3]: 124.986511 125.037247
[3]: 121.671371 121.912575
[2]: 127.894775 127.602844
[2]: 136.264862 136.490341
[2]: 137.254089 137.430222
[2]: 113.327965 113.165283
[2]: 139.689117 139.537369
[2]: 126.364342 125.999199
[2]: 130.981094 130.948578
[2]: 128.233978 128.196976
[2]: 143.741364 143.582886
[2]: 136.178146 136.042801
[2]: 114.198883 114.553658
[2]: 130.096924 129.555893
[2]: 122.856323 122.557251
[2]: 141.394409 141.553741
[2]: 131.694214 131.910248
[2]: 125.654327 125.575378
[2]: 135.343277 134.883270
[2]: 68.268845 68.177742
[2]: 129.859833 130.136383
[2]: 117.726288 117.546234
[2]: 129.149658 129.828415
[2]: 144.983566 145.077133
[2]: 140.783249 140.627914
[2]: 136.607025 137.159134
[2]: 122.202629 122.081047
[2]: 115.770721 115.858032
[2]: 127.232552 126.492897
[2]: 141.488953 141.024994
[2]: 117.123810 117.014931
[2]: 187.028641 187.039047
[2]: 115.487915 115.646996
[2]: 115.701958 116.214149
[2]: 126.823853 126.579926
[2]: 119.795769 119.206406
[1]: 124.435265 124.495476
[1]: 126.022057 126.325043
[1]: 136.218262 136.298279
[1]: 195.582352 195.527374
[1]: 128.496063 128.733932
[1]: 127.885963 127.472778
[1]: 126.182396 126.227844
[1]: 126.707695 126.956322
[1]: 139.348587 139.437515
[1]: 128.695145 128.935257
[1]: 120.969055 120.984947
[1]: 129.116302 128.696640
[1]: 129.162750 128.930267
[1]: 133.181931 133.251709
[1]: 133.151993 133.395950
[1]: 118.258011 118.375114
[1]: 134.611816 135.040176
[1]: 191.817841 191.798752
[1]: 132.786499 133.026215
[1]: 122.490532 122.415916
[1]: 125.744560 125.316223
[1]: 135.743011 135.822617
[1]: 140.021667 139.839630
[1]: 134.113419 133.911850
[1]: 129.365189 129.327698
[1]: 119.186768 118.804756
[1]: 122.164551 121.855537
[1]: 136.165558 136.168411
[1]: 127.482735 127.300934
[1]: 131.550781 131.578934
[1]: 119.676590 119.554680
[1]: 117.413986 117.562172
[1]: 126.122925 126.158661
[1]: 130.843796 130.544312
[0]: 124.891190 125.246574
[0]: 117.632103 117.256416
[0]: 117.247887 117.375771
[0]: 91.521843 91.593513
[0]: 115.437042 115.167862
[0]: 129.795883 130.143738
[0]: 121.578682 121.645279
[0]: 123.861870 123.318962
[0]: 103.972305 104.181641
[0]: 121.032570 121.418289
[0]: 151.454742 151.264374
[0]: 124.158813 125.044235
[0]: 131.248230 131.966125
[0]: 105.238052 104.912132
[0]: 117.011108 116.565712
[0]: 130.063766 129.975098
[0]: 116.268654 116.610458
[0]: 155.970764 156.224167
[0]: 124.307205 124.462097
[0]: 141.321823 141.218338
[0]: 127.129501 126.686943
[0]: 105.662453 105.493752
[0]: 105.882210 106.551163
[0]: 112.333275 111.384842
[0]: 126.447815 126.999741
[0]: 147.295670 147.424362
[0]: 128.576889 129.497269
[0]: 112.386185 112.839920
[0]: 138.924698 138.793457
[0]: 185.904358 186.113876
[0]: 143.981277 143.515656
[0]: 146.401062 145.587189
[0]: 127.767845 127.647758
[0]: 137.356873 138.066986
