[4]: 133.988464 132.432159
[4]: 126.664795 126.836334
[4]: 117.309914 117.904129
[4]: 173.134811 173.930054
[4]: 125.442352 124.594322
[4]: 126.249306 126.765602
[4]: 123.138603 122.387993
[4]: 127.399132 126.389420
[4]: 111.774635 111.252876
[4]: 124.234375 123.659187
[4]: 135.006317 133.923080
[4]: 129.501617 128.397034
[4]: 128.518845 127.930695
[4]: 122.225052 122.162163
[4]: 124.319084 123.592026
[4]: 133.410187 132.753708
[4]: 120.174316 118.670052
[4]: 67.602768 67.263580
[4]: 126.088425 125.855522
[4]: 130.002289 131.628586
[4]: 130.764359 130.921097
[4]: 112.455711 113.843704
[4]: 116.646072 117.078583
[4]: 121.541443 123.219727
[4]: 128.451752 128.845459
[4]: 136.225998 137.093811
[4]: 134.619446 133.075012
[4]: 117.748398 118.086906
[4]: 130.662582 129.906662
[4]: 73.601425 74.227898
[4]: 134.326675 133.324158
[4]: 139.020935 140.945679
[4]: 132.238800 131.868683
[4]: 128.734329 128.115768
[3]: 126.727303 129.667557
[3]: 129.246506 129.926086
[3]: 126.014664 127.448074
[3]: 60.947155 60.540619
[3]: 131.948166 131.771637
[3]: 126.910301 126.479179
[3]: 134.587189 135.141663
[3]: 129.551590 130.633560
[3]: 135.708252 135.352875
[3]: 125.189667 125.978561
[3]: 117.726677 119.108917
[3]: 125.625839 127.657806
[3]: 128.000778 128.203644
[3]: 132.584595 132.660767
[3]: 129.450058 129.234131
[3]: 131.368896 131.750046
[3]: 132.614868 132.714172
[3]: 157.834641 155.685638
[3]: 122.842712 124.603302
[3]: 123.591499 122.442459
[3]: 125.926849 124.990410
[3]: 138.995224 136.959061
[3]: 131.793167 132.554504
[3]: 131.264236 128.384995
[3]: 129.416580 129.326920
[3]: 120.972168 120.673088
[3]: 126.532066 128.321609
[3]: 129.371414 128.891006
[3]: 126.171478 125.635117
[3]: 64.708015 64.354279
[3]: 128.960724 128.957504
[3]: 120.725494 117.774368
[3]: 125.369530 124.986511
[3]: 121.954994 121.671371
[2]: 126.891747 127.894775
[2]: 135.790009 136.264862
[2]: 136.608841 137.254089
[2]: 111.423241 113.327965
[2]: 140.259384 139.689117
[2]: 127.296242 126.364342
[2]: 128.124451 130.981094
[2]: 128.234848 128.233978
[2]: 142.685654 143.741364
[2]: 137.411880 136.178146
[2]: 114.398064 114.198883
[2]: 128.437302 130.096924
[2]: 122.658485 122.856323
[2]: 140.542923 141.394409
[2]: 131.968872 131.694214
[2]: 125.782860 125.654327
[2]: 134.224533 135.343277
[2]: 67.391312 68.268845
[2]: 130.316254 129.859833
[2]: 118.541336 117.726288
[2]: 130.594467 129.149658
[2]: 145.364304 144.983566
[2]: 142.512115 140.783249
[2]: 138.149475 136.607025
[2]: 123.899376 122.202629
[2]: 116.311966 115.770721
[2]: 125.905014 127.232552
[2]: 140.428085 141.488953
[2]: 115.927650 117.123810
[2]: 185.736160 187.028641
[2]: 114.892937 115.487915
[2]: 118.164803 115.701958
[2]: 125.542770 126.823853
[2]: 120.619408 119.795769
[1]: 126.112366 124.435265
[1]: 127.015541 126.022057
[1]: 136.699280 136.218262
[1]: 196.456284 195.582352
[1]: 127.839539 128.496063
[1]: 127.322556 127.885963
[1]: 126.208252 126.182396
[1]: 126.570442 126.707695
[1]: 137.953842 139.348587
[1]: 128.613327 128.695145
[1]: 119.922684 120.969055
[1]: 130.384567 129.116302
[1]: 128.744812 129.162750
[1]: 133.629654 133.181931
[1]: 132.923996 133.151993
[1]: 118.394592 118.258011
[1]: 133.936356 134.611816
[1]: 190.527786 191.817841
[1]: 132.838455 132.786499
[1]: 123.805191 122.490532
[1]: 125.839462 125.744560
[1]: 136.991531 135.743011
[1]: 140.055710 140.021667
[1]: 133.413788 134.113419
[1]: 129.240265 129.365189
[1]: 119.641930 119.186768
[1]: 121.871941 122.164551
[1]: 135.662064 136.165558
[1]: 126.583961 127.482735
[1]: 132.903641 131.550781
[1]: 118.785606 119.676590
[1]: 116.117416 117.413986
[1]: 125.522186 126.122925
[1]: 129.297379 130.843796
[0]: 125.640358 124.891190
[0]: 117.901474 117.632103
[0]: 119.531593 117.247887
[0]: 92.069901 91.521843
[0]: 114.334625 115.437042
[0]: 129.513458 129.795883
[0]: 124.453613 121.578682
[0]: 124.102142 123.861870
[0]: 105.554550 103.972305
[0]: 119.948158 121.032570
[0]: 152.884277 151.454742
[0]: 125.538475 124.158813
[0]: 131.548615 131.248230
[0]: 105.515091 105.238052
[0]: 115.862778 117.011108
[0]: 129.539246 130.063766
[0]: 116.637093 116.268654
[0]: 156.255356 155.970764
[0]: 125.372879 124.307205
[0]: 139.592560 141.321823
[0]: 124.571579 127.129501
[0]: 103.016335 105.662453
[0]: 105.115723 105.882210
[0]: 109.972832 112.333275
[0]: 125.098442 126.447815
[0]: 146.944626 147.295670
[0]: 130.629608 128.576889
[0]: 113.791939 112.386185
[0]: 139.899582 138.924698
[0]: 185.951935 185.904358
[0]: 144.684982 143.981277
[0]: 144.118561 146.401062
[0]: 128.974121 127.767845
[0]: 137.223709 137.356873
