[4]: 92.433212 132.432159
[4]: 131.303635 126.836334
[4]: 127.149124 117.904129
[4]: 180.533264 173.930054
[4]: 136.609695 124.594322
[4]: 127.332642 126.765602
[4]: 128.229019 122.387993
[4]: 134.492798 126.389420
[4]: 132.531616 111.252876
[4]: 132.356094 123.659187
[4]: 125.312836 133.923080
[4]: 125.087891 128.397034
[4]: 124.740402 127.930695
[4]: 140.832458 122.162163
[4]: 125.556450 123.592026
[4]: 128.437119 132.753708
[4]: 132.012253 118.670052
[4]: 59.137226 67.263580
[4]: 131.405853 125.855522
[4]: 128.134537 131.628586
[4]: 133.824738 130.921097
[4]: 135.086761 113.843704
[4]: 135.099701 117.078583
[4]: 136.567215 123.219727
[4]: 127.300415 128.845459
[4]: 119.061836 137.093811
[4]: 126.413322 133.075012
[4]: 131.041946 118.086906
[4]: 120.739273 129.906662
[4]: 126.459702 74.227898
[4]: 123.522408 133.324158
[4]: 167.182388 140.945679
[4]: 131.070175 131.868683
[4]: 118.049767 128.115768
[3]: 170.817276 129.667557
[3]: 126.475311 129.926086
[3]: 124.870026 127.448074
[3]: 86.990044 60.540619
[3]: 129.428329 131.771637
[3]: 127.020363 126.479179
[3]: 128.669144 135.141663
[3]: 128.779404 130.633560
[3]: 126.930969 135.352875
[3]: 125.205986 125.978561
[3]: 126.174835 119.108917
[3]: 128.748260 127.657806
[3]: 127.384758 128.203644
[3]: 127.646004 132.660767
[3]: 127.208244 129.234131
[3]: 129.625839 131.750046
[3]: 127.154022 132.714172
[3]: 126.905052 155.685638
[3]: 126.610588 124.603302
[3]: 126.536972 122.442459
[3]: 126.362076 124.990410
[3]: 127.863495 136.959061
[3]: 127.295502 132.554504
[3]: 127.365372 128.384995
[3]: 127.802872 129.326920
[3]: 125.304031 120.673088
[3]: 128.696869 128.321609
[3]: 127.172760 128.891006
[3]: 128.857544 125.635117
[3]: 63.059334 64.354279
[3]: 128.812302 128.957504
[3]: 83.574974 117.774368
[3]: 128.185944 124.986511
[3]: 125.433037 121.671371
[2]: 169.423355 127.894775
[2]: 129.083984 136.264862
[2]: 129.742172 137.254089
[2]: 84.014336 113.327965
[2]: 128.807693 139.689117
[2]: 128.218094 126.364342
[2]: 127.062904 130.981094
[2]: 128.229813 128.233978
[2]: 127.687653 143.741364
[2]: 129.352921 136.178146
[2]: 126.451561 114.198883
[2]: 127.459488 130.096924
[2]: 128.826477 122.856323
[2]: 129.957458 141.394409
[2]: 127.542152 131.694214
[2]: 126.043594 125.654327
[2]: 130.165268 135.343277
[2]: 129.225357 68.268845
[2]: 130.155197 129.859833
[2]: 126.819084 117.726288
[2]: 129.644196 129.149658
[2]: 128.117233 144.983566
[2]: 129.521210 140.783249
[2]: 128.728699 136.607025
[2]: 125.980560 122.202629
[2]: 127.649826 115.770721
[2]: 126.174500 127.232552
[2]: 128.260315 141.488953
[2]: 125.266006 117.123810
[2]: 192.005753 187.028641
[2]: 126.486450 115.487915
[2]: 85.159317 115.701958
[2]: 127.807175 126.823853
[2]: 127.177574 119.795769
[1]: 86.846649 124.435265
[1]: 127.647736 126.022057
[1]: 137.032425 136.218262
[1]: 181.625275 195.582352
[1]: 138.213135 128.496063
[1]: 124.153625 127.885963
[1]: 128.276093 126.182396
[1]: 133.499634 126.707695
[1]: 130.368484 139.348587
[1]: 126.690849 128.695145
[1]: 116.827263 120.969055
[1]: 124.088585 129.116302
[1]: 134.399277 129.162750
[1]: 139.736771 133.181931
[1]: 129.630890 133.151993
[1]: 120.957520 118.258011
[1]: 141.234238 134.611816
[1]: 193.581787 191.817841
[1]: 138.846008 132.786499
[1]: 123.715309 122.490532
[1]: 125.248550 125.744560
[1]: 129.202362 135.743011
[1]: 139.177353 140.021667
[1]: 138.038315 134.113419
[1]: 125.786507 129.365189
[1]: 117.319206 119.186768
[1]: 120.164406 122.164551
[1]: 134.632156 136.165558
[1]: 124.336868 127.482735
[1]: 123.764130 131.550781
[1]: 125.401085 119.676590
[1]: 160.183426 117.413986
[1]: 129.937408 126.122925
[1]: 122.470016 130.843796
[0]: 80.411377 124.891190
[0]: 121.458023 117.632103
[0]: 116.379074 117.247887
[0]: 136.695084 91.521843
[0]: 102.447044 115.437042
[0]: 130.821228 129.795883
[0]: 123.436279 121.578682
[0]: 106.291107 123.861870
[0]: 115.810570 103.972305
[0]: 121.051979 121.032570
[0]: 147.360809 151.454742
[0]: 135.577103 124.158813
[0]: 122.992935 131.248230
[0]: 90.210526 105.238052
[0]: 125.113747 117.011108
[0]: 134.009033 130.063766
[0]: 103.003807 116.268654
[0]: 133.812424 155.970764
[0]: 106.308174 124.307205
[0]: 129.881363 141.321823
[0]: 121.155830 127.129501
[0]: 116.335251 105.662453
[0]: 101.783058 105.882210
[0]: 99.390495 112.333275
[0]: 130.257614 126.447815
[0]: 154.966080 147.295670
[0]: 140.209000 128.576889
[0]: 114.751411 112.386185
[0]: 142.255661 138.924698
[0]: 134.507278 185.904358
[0]: 138.175293 143.981277
[0]: 181.591446 146.401062
[0]: 118.422684 127.767845
[0]: 148.802200 137.356873
