[4]: 89.000847 132.432159
[4]: 128.942917 126.836334
[4]: 126.602577 117.904129
[4]: 174.629623 173.930054
[4]: 130.051407 124.594322
[4]: 129.178818 126.765602
[4]: 127.916298 122.387993
[4]: 127.973228 126.389420
[4]: 129.407974 111.252876
[4]: 129.558182 123.659187
[4]: 127.221298 133.923080
[4]: 129.267609 128.397034
[4]: 126.418243 127.930695
[4]: 131.205231 122.162163
[4]: 126.840660 123.592026
[4]: 131.120239 132.753708
[4]: 126.521141 118.670052
[4]: 61.452518 67.263580
[4]: 125.476311 125.855522
[4]: 126.650665 131.628586
[4]: 130.078400 130.921097
[4]: 129.956879 113.843704
[4]: 128.969482 117.078583
[4]: 130.309326 123.219727
[4]: 127.437790 128.845459
[4]: 125.723389 137.093811
[4]: 126.828201 133.075012
[4]: 128.913681 118.086906
[4]: 124.279793 129.906662
[4]: 124.784294 74.227898
[4]: 126.437363 133.324158
[4]: 170.123718 140.945679
[4]: 128.970688 131.868683
[4]: 122.551376 128.115768
[3]: 170.638535 129.667557
[3]: 127.981522 129.926086
[3]: 127.026802 127.448074
[3]: 88.074043 60.540619
[3]: 129.221481 131.771637
[3]: 128.892288 126.479179
[3]: 129.367599 135.141663
[3]: 127.285530 130.633560
[3]: 127.475243 135.352875
[3]: 126.337227 125.978561
[3]: 124.535637 119.108917
[3]: 127.955093 127.657806
[3]: 127.750618 128.203644
[3]: 128.121658 132.660767
[3]: 127.448448 129.234131
[3]: 130.949615 131.750046
[3]: 128.129623 132.714172
[3]: 126.424782 155.685638
[3]: 126.997955 124.603302
[3]: 126.338470 122.442459
[3]: 127.661018 124.990410
[3]: 128.076523 136.959061
[3]: 126.425591 132.554504
[3]: 128.007812 128.384995
[3]: 129.405212 129.326920
[3]: 123.798378 120.673088
[3]: 127.870743 128.321609
[3]: 128.210388 128.891006
[3]: 127.467941 125.635117
[3]: 58.410107 64.354279
[3]: 130.222946 128.957504
[3]: 82.311890 117.774368
[3]: 127.761574 124.986511
[3]: 125.825249 121.671371
[2]: 168.153122 127.894775
[2]: 130.474533 136.264862
[2]: 131.232880 137.254089
[2]: 94.916687 113.327965
[2]: 130.586914 139.689117
[2]: 127.377144 126.364342
[2]: 133.415405 130.981094
[2]: 134.701859 128.233978
[2]: 138.485382 143.741364
[2]: 133.587082 136.178146
[2]: 116.287621 114.198883
[2]: 133.400162 130.096924
[2]: 132.968781 122.856323
[2]: 139.240738 141.394409
[2]: 133.549973 131.694214
[2]: 129.301773 125.654327
[2]: 134.080658 135.343277
[2]: 125.397926 68.268845
[2]: 127.422195 129.859833
[2]: 119.014992 117.726288
[2]: 127.468735 129.149658
[2]: 134.290771 144.983566
[2]: 134.157440 140.783249
[2]: 143.537888 136.607025
[2]: 128.614578 122.202629
[2]: 121.648117 115.770721
[2]: 119.652260 127.232552
[2]: 129.772171 141.488953
[2]: 121.454910 117.123810
[2]: 186.990387 187.028641
[2]: 119.325630 115.487915
[2]: 73.306084 115.701958
[2]: 136.399994 126.823853
[2]: 115.756027 119.795769
[1]: 83.925415 124.435265
[1]: 128.392807 126.022057
[1]: 132.387314 136.218262
[1]: 177.036011 195.582352
[1]: 128.740891 128.496063
[1]: 126.087059 127.885963
[1]: 130.325333 126.182396
[1]: 129.129303 126.707695
[1]: 132.540451 139.348587
[1]: 129.525482 128.695145
[1]: 120.948883 120.969055
[1]: 127.745361 129.116302
[1]: 131.089249 129.162750
[1]: 130.122482 133.181931
[1]: 130.623108 133.151993
[1]: 125.127243 118.258011
[1]: 133.531799 134.611816
[1]: 191.807556 191.817841
[1]: 129.567078 132.786499
[1]: 122.165604 122.490532
[1]: 123.850235 125.744560
[1]: 130.063217 135.743011
[1]: 130.350784 140.021667
[1]: 134.778656 134.113419
[1]: 130.383133 129.365189
[1]: 124.522408 119.186768
[1]: 123.808212 122.164551
[1]: 129.479645 136.165558
[1]: 127.557610 127.482735
[1]: 119.724609 131.550781
[1]: 125.732674 119.676590
[1]: 162.635422 117.413986
[1]: 130.398026 126.122925
[1]: 125.684784 130.843796
[0]: 136.555313 124.891190
[0]: 118.937271 117.632103
[0]: 116.350639 117.247887
[0]: 82.261391 91.521843
[0]: 119.566017 115.437042
[0]: 124.513649 129.795883
[0]: 110.742058 121.578682
[0]: 112.985847 123.861870
[0]: 99.443230 103.972305
[0]: 112.596436 121.032570
[0]: 157.845688 151.454742
[0]: 118.781731 124.158813
[0]: 118.396767 131.248230
[0]: 99.325348 105.238052
[0]: 112.983284 117.011108
[0]: 118.730476 130.063766
[0]: 111.586403 116.268654
[0]: 140.151535 155.970764
[0]: 128.654709 124.307205
[0]: 145.907745 141.321823
[0]: 129.316879 127.129501
[0]: 111.789078 105.662453
[0]: 114.391083 105.882210
[0]: 87.322899 112.333275
[0]: 117.208580 126.447815
[0]: 149.603226 147.295670
[0]: 146.569687 128.576889
[0]: 119.112091 112.386185
[0]: 141.753204 138.924698
[0]: 168.931366 185.904358
[0]: 142.490479 143.981277
[0]: 147.656052 146.401062
[0]: 108.393089 127.767845
[0]: 155.803116 137.356873
