[4]: 132.432159 136.783127
[4]: 126.836334 126.795662
[4]: 117.904129 119.644386
[4]: 173.930054 165.881256
[4]: 124.594322 129.344620
[4]: 126.765602 124.146889
[4]: 122.387993 123.619705
[4]: 126.389420 127.777435
[4]: 111.252876 117.678535
[4]: 123.659187 123.449509
[4]: 133.923080 136.240402
[4]: 128.397034 128.783508
[4]: 127.930695 127.852112
[4]: 122.162163 125.411369
[4]: 123.592026 123.441208
[4]: 132.753708 133.712296
[4]: 118.670052 117.493347
[4]: 67.263580 67.010460
[4]: 125.855522 127.303543
[4]: 131.628586 131.467346
[4]: 130.921097 126.281090
[4]: 113.843704 112.271706
[4]: 117.078583 117.986389
[4]: 123.219727 121.105049
[4]: 128.845459 126.343460
[4]: 137.093811 134.263092
[4]: 133.075012 136.987076
[4]: 118.086906 124.855576
[4]: 129.906662 132.173416
[4]: 74.227898 67.745056
[4]: 133.324158 133.106125
[4]: 140.945679 134.238174
[4]: 131.868683 128.893250
[4]: 128.115768 131.230103
[3]: 129.667557 123.202255
[3]: 129.926086 128.969971
[3]: 127.448074 125.355560
[3]: 60.540619 63.317551
[3]: 131.771637 131.845337
[3]: 126.479179 128.681259
[3]: 135.141663 136.114426
[3]: 130.633560 129.756149
[3]: 135.352875 134.116730
[3]: 125.978561 127.182770
[3]: 119.108917 113.841423
[3]: 127.657806 125.442352
[3]: 128.203644 128.855484
[3]: 132.660767 130.879196
[3]: 129.234131 130.221176
[3]: 131.750046 132.755264
[3]: 132.714172 136.303970
[3]: 155.685638 168.118332
[3]: 124.603302 122.624481
[3]: 122.442459 123.016289
[3]: 124.990410 128.361862
[3]: 136.959061 141.774597
[3]: 132.554504 131.442429
[3]: 128.384995 133.550949
[3]: 129.326920 132.817154
[3]: 120.673088 122.711830
[3]: 128.321609 123.870010
[3]: 128.891006 125.106277
[3]: 125.635117 122.257027
[3]: 64.354279 69.778748
[3]: 128.957504 129.174545
[3]: 117.774368 126.167122
[3]: 124.986511 125.815636
[3]: 121.671371 120.580566
[2]: 127.894775 124.317505
[2]: 136.264862 134.196960
[2]: 137.254089 133.997803
[2]: 113.327965 109.603256
[2]: 139.689117 135.191254
[2]: 126.364342 129.527618
[2]: 130.981094 128.436951
[2]: 128.233978 128.017838
[2]: 143.741364 138.174515
[2]: 136.178146 139.446106
[2]: 114.198883 113.035515
[2]: 130.096924 125.868744
[2]: 122.856323 125.606224
[2]: 141.394409 137.189606
[2]: 131.694214 132.894562
[2]: 125.654327 124.779335
[2]: 135.343277 135.780197
[2]: 68.268845 65.548737
[2]: 129.859833 129.212769
[2]: 117.726288 119.735764
[2]: 129.149658 132.857315
[2]: 144.983566 147.958313
[2]: 140.783249 140.601135
[2]: 136.607025 138.351379
[2]: 122.202629 126.942039
[2]: 115.770721 118.888222
[2]: 127.232552 121.737564
[2]: 141.488953 132.992645
[2]: 117.123810 115.529572
[2]: 187.028641 185.350204
[2]: 115.487915 116.478882
[2]: 115.701958 120.679832
[2]: 126.823853 129.914581
[2]: 119.795769 117.599892
[1]: 124.435265 128.788406
[1]: 126.022057 127.022804
[1]: 136.218262 138.391937
[1]: 195.582352 196.958832
[1]: 128.496063 124.671173
[1]: 127.885963 126.885963
[1]: 126.182396 127.338203
[1]: 126.707695 125.732956
[1]: 139.348587 136.416229
[1]: 128.695145 129.237442
[1]: 120.969055 121.415916
[1]: 129.116302 131.359375
[1]: 129.162750 126.730301
[1]: 133.181931 133.891037
[1]: 133.151993 135.467392
[1]: 118.258011 116.117393
[1]: 134.611816 134.554642
[1]: 191.817841 188.334137
[1]: 132.786499 133.861908
[1]: 122.490532 121.417480
[1]: 125.744560 127.843864
[1]: 135.743011 137.232834
[1]: 140.021667 138.897598
[1]: 134.113419 132.852295
[1]: 129.365189 126.966652
[1]: 119.186768 118.923927
[1]: 122.164551 119.769661
[1]: 136.165558 133.698502
[1]: 127.482735 124.154106
[1]: 131.550781 136.396790
[1]: 119.676590 119.185974
[1]: 117.413986 114.154572
[1]: 126.122925 130.429276
[1]: 130.843796 127.325546
[0]: 124.891190 125.955734
[0]: 117.632103 119.547600
[0]: 117.247887 118.627785
[0]: 91.521843 96.395309
[0]: 115.437042 118.899529
[0]: 129.795883 128.024155
[0]: 121.578682 120.795715
[0]: 123.861870 124.584053
[0]: 103.972305 107.334183
[0]: 121.032570 115.395485
[0]: 151.454742 155.896805
[0]: 124.158813 128.207794
[0]: 131.248230 130.480850
[0]: 105.238052 106.828560
[0]: 117.011108 111.959778
[0]: 130.063766 131.274368
[0]: 116.268654 113.215881
[0]: 155.970764 154.602142
[0]: 124.307205 124.199898
[0]: 141.321823 140.131119
[0]: 127.129501 121.961967
[0]: 105.662453 96.902863
[0]: 105.882210 107.173813
[0]: 112.333275 108.095383
[0]: 126.447815 122.935097
[0]: 147.295670 145.351486
[0]: 128.576889 137.721497
[0]: 112.386185 120.792198
[0]: 138.924698 145.993240
[0]: 185.904358 184.248810
[0]: 143.981277 143.966629
[0]: 146.401062 142.939224
[0]: 127.767845 121.743279
[0]: 137.356873 141.692963
