[4]: 133.444427 132.432159
[4]: 126.313370 126.836334
[4]: 116.953751 117.904129
[4]: 172.989059 173.930054
[4]: 126.381119 124.594322
[4]: 126.277191 126.765602
[4]: 121.952560 122.387993
[4]: 127.855057 126.389420
[4]: 112.991905 111.252876
[4]: 122.967789 123.659187
[4]: 134.569138 133.923080
[4]: 128.932251 128.397034
[4]: 128.955414 127.930695
[4]: 122.756126 122.162163
[4]: 125.224915 123.592026
[4]: 134.261490 132.753708
[4]: 119.681953 118.670052
[4]: 67.205078 67.263580
[4]: 125.432762 125.855522
[4]: 130.789536 131.628586
[4]: 129.970566 130.921097
[4]: 113.740814 113.843704
[4]: 116.966362 117.078583
[4]: 122.155334 123.219727
[4]: 127.622131 128.845459
[4]: 136.863541 137.093811
[4]: 135.506790 133.075012
[4]: 117.827370 118.086906
[4]: 130.997299 129.906662
[4]: 73.206268 74.227898
[4]: 134.433792 133.324158
[4]: 139.350815 140.945679
[4]: 131.835220 131.868683
[4]: 129.729477 128.115768
[3]: 127.248962 129.667557
[3]: 129.255920 129.926086
[3]: 127.229805 127.448074
[3]: 60.689262 60.540619
[3]: 132.138016 131.771637
[3]: 127.521935 126.479179
[3]: 135.444839 135.141663
[3]: 129.661972 130.633560
[3]: 134.414658 135.352875
[3]: 126.472748 125.978561
[3]: 117.607315 119.108917
[3]: 126.566971 127.657806
[3]: 127.261948 128.203644
[3]: 132.234344 132.660767
[3]: 128.624908 129.234131
[3]: 130.843933 131.750046
[3]: 133.139893 132.714172
[3]: 158.116898 155.685638
[3]: 124.037689 124.603302
[3]: 123.928139 122.442459
[3]: 125.649780 124.990410
[3]: 137.417786 136.959061
[3]: 131.719055 132.554504
[3]: 130.473923 128.384995
[3]: 130.025879 129.326920
[3]: 120.889671 120.673088
[3]: 126.512390 128.321609
[3]: 129.496201 128.891006
[3]: 125.557358 125.635117
[3]: 64.878334 64.354279
[3]: 129.092499 128.957504
[3]: 121.092972 117.774368
[3]: 125.699509 124.986511
[3]: 121.541321 121.671371
[2]: 126.668602 127.894775
[2]: 137.090256 136.264862
[2]: 136.743805 137.254089
[2]: 111.735374 113.327965
[2]: 138.721848 139.689117
[2]: 126.680145 126.364342
[2]: 129.377716 130.981094
[2]: 127.958855 128.233978
[2]: 141.628494 143.741364
[2]: 137.761642 136.178146
[2]: 114.136169 114.198883
[2]: 128.534973 130.096924
[2]: 122.489853 122.856323
[2]: 140.329651 141.394409
[2]: 131.463745 131.694214
[2]: 125.196815 125.654327
[2]: 134.179871 135.343277
[2]: 67.423798 68.268845
[2]: 130.840347 129.859833
[2]: 117.064781 117.726288
[2]: 130.804932 129.149658
[2]: 145.059616 144.983566
[2]: 141.910233 140.783249
[2]: 138.274490 136.607025
[2]: 123.777634 122.202629
[2]: 115.393715 115.770721
[2]: 125.230721 127.232552
[2]: 140.723679 141.488953
[2]: 116.452606 117.123810
[2]: 185.722000 187.028641
[2]: 115.223480 115.487915
[2]: 116.844490 115.701958
[2]: 126.265419 126.823853
[2]: 119.095665 119.795769
[1]: 126.151932 124.435265
[1]: 126.450829 126.022057
[1]: 136.930511 136.218262
[1]: 196.261902 195.582352
[1]: 127.110519 128.496063
[1]: 127.559326 127.885963
[1]: 126.427254 126.182396
[1]: 126.714134 126.707695
[1]: 138.246857 139.348587
[1]: 128.873276 128.695145
[1]: 120.764854 120.969055
[1]: 130.199554 129.116302
[1]: 128.863037 129.162750
[1]: 133.529312 133.181931
[1]: 132.814804 133.151993
[1]: 118.289749 118.258011
[1]: 134.042343 134.611816
[1]: 190.685440 191.817841
[1]: 132.836197 132.786499
[1]: 123.336510 122.490532
[1]: 125.914764 125.744560
[1]: 136.539627 135.743011
[1]: 139.856903 140.021667
[1]: 133.351334 134.113419
[1]: 129.214676 129.365189
[1]: 119.552734 119.186768
[1]: 121.536842 122.164551
[1]: 135.118652 136.165558
[1]: 126.192261 127.482735
[1]: 132.362106 131.550781
[1]: 118.466728 119.676590
[1]: 116.129364 117.413986
[1]: 125.897705 126.122925
[1]: 129.297577 130.843796
[0]: 125.887611 124.891190
[0]: 117.517815 117.632103
[0]: 118.153427 117.247887
[0]: 92.649956 91.521843
[0]: 115.599640 115.437042
[0]: 129.207779 129.795883
[0]: 123.169312 121.578682
[0]: 123.627884 123.861870
[0]: 106.423111 103.972305
[0]: 119.267967 121.032570
[0]: 152.852402 151.454742
[0]: 125.233536 124.158813
[0]: 131.922302 131.248230
[0]: 105.674339 105.238052
[0]: 116.449127 117.011108
[0]: 129.969345 130.063766
[0]: 116.493607 116.268654
[0]: 155.508972 155.970764
[0]: 124.213104 124.307205
[0]: 140.476517 141.321823
[0]: 125.457718 127.129501
[0]: 104.140640 105.662453
[0]: 105.697693 105.882210
[0]: 110.108780 112.333275
[0]: 125.476776 126.447815
[0]: 147.456863 147.295670
[0]: 130.826996 128.576889
[0]: 113.834808 112.386185
[0]: 140.055634 138.924698
[0]: 186.802780 185.904358
[0]: 144.412643 143.981277
[0]: 144.819778 146.401062
[0]: 127.877823 127.767845
[0]: 138.247269 137.356873
