[4]: 136.136459 132.432159
[4]: 126.289215 126.836334
[4]: 118.496620 117.904129
[4]: 168.501663 173.930054
[4]: 128.601730 124.594322
[4]: 125.503922 126.765602
[4]: 123.095161 122.387993
[4]: 128.706039 126.389420
[4]: 117.374992 111.252876
[4]: 122.023827 123.659187
[4]: 136.282547 133.923080
[4]: 127.928352 128.397034
[4]: 128.137238 127.930695
[4]: 124.193741 122.162163
[4]: 123.142357 123.592026
[4]: 133.940536 132.753708
[4]: 118.556778 118.670052
[4]: 67.583328 67.263580
[4]: 127.219200 125.855522
[4]: 131.062790 131.628586
[4]: 127.400764 130.921097
[4]: 111.795464 113.843704
[4]: 117.188232 117.078583
[4]: 120.935577 123.219727
[4]: 126.438484 128.845459
[4]: 135.616165 137.093811
[4]: 135.814636 133.075012
[4]: 123.131493 118.086906
[4]: 131.786621 129.906662
[4]: 69.017776 74.227898
[4]: 132.966858 133.324158
[4]: 135.194824 140.945679
[4]: 129.641617 131.868683
[4]: 131.879608 128.115768
[3]: 123.760612 129.667557
[3]: 129.249100 129.926086
[3]: 126.617561 127.448074
[3]: 62.540005 60.540619
[3]: 132.211456 131.771637
[3]: 127.779945 126.479179
[3]: 135.484848 135.141663
[3]: 129.734894 130.633560
[3]: 134.039764 135.352875
[3]: 128.431274 125.978561
[3]: 115.069199 119.108917
[3]: 125.796120 127.657806
[3]: 128.398056 128.203644
[3]: 131.310089 132.660767
[3]: 128.770477 129.234131
[3]: 132.509552 131.750046
[3]: 135.198669 132.714172
[3]: 165.290283 155.685638
[3]: 122.816948 124.603302
[3]: 123.673424 122.442459
[3]: 127.647469 124.990410
[3]: 141.099182 136.959061
[3]: 131.956848 132.554504
[3]: 133.221237 128.384995
[3]: 131.439957 129.326920
[3]: 122.183685 120.673088
[3]: 123.803459 128.321609
[3]: 126.572670 128.891006
[3]: 122.875885 125.635117
[3]: 68.500160 64.354279
[3]: 129.558228 128.957504
[3]: 124.796120 117.774368
[3]: 125.959442 124.986511
[3]: 120.688736 121.671371
[2]: 125.080940 127.894775
[2]: 134.542480 136.264862
[2]: 134.479843 137.254089
[2]: 110.635208 113.327965
[2]: 134.715836 139.689117
[2]: 128.132416 126.364342
[2]: 128.195908 130.981094
[2]: 127.400078 128.233978
[2]: 138.371155 143.741364
[2]: 139.691238 136.178146
[2]: 113.522514 114.198883
[2]: 127.263336 130.096924
[2]: 124.657448 122.856323
[2]: 138.764954 141.394409
[2]: 133.473785 131.694214
[2]: 125.323929 125.654327
[2]: 135.227661 135.343277
[2]: 65.782082 68.268845
[2]: 129.037720 129.859833
[2]: 119.509865 117.726288
[2]: 133.091324 129.149658
[2]: 147.656265 144.983566
[2]: 141.477646 140.783249
[2]: 139.266174 136.607025
[2]: 126.177681 122.202629
[2]: 117.481339 115.770721
[2]: 123.367149 127.232552
[2]: 134.655869 141.488953
[2]: 115.793869 117.123810
[2]: 185.274185 187.028641
[2]: 116.337921 115.487915
[2]: 119.859253 115.701958
[2]: 129.251938 126.823853
[2]: 116.984909 119.795769
[1]: 128.024933 124.435265
[1]: 127.008492 126.022057
[1]: 138.548187 136.218262
[1]: 196.611771 195.582352
[1]: 124.938446 128.496063
[1]: 126.613945 127.885963
[1]: 127.595322 126.182396
[1]: 125.826645 126.707695
[1]: 136.008728 139.348587
[1]: 128.776703 128.695145
[1]: 121.142036 120.969055
[1]: 130.297928 129.116302
[1]: 127.218384 129.162750
[1]: 133.882980 133.181931
[1]: 135.038956 133.151993
[1]: 116.049706 118.258011
[1]: 133.944290 134.611816
[1]: 189.304245 191.817841
[1]: 133.603668 132.786499
[1]: 121.474564 122.490532
[1]: 127.273003 125.744560
[1]: 136.862946 135.743011
[1]: 138.707596 140.021667
[1]: 133.476517 134.113419
[1]: 128.013321 129.365189
[1]: 118.540787 119.186768
[1]: 121.157303 122.164551
[1]: 133.480408 136.165558
[1]: 124.261551 127.482735
[1]: 135.980988 131.550781
[1]: 119.235603 119.676590
[1]: 114.481339 117.413986
[1]: 129.028976 126.122925
[1]: 128.024155 130.843796
[0]: 126.207329 124.891190
[0]: 119.447067 117.632103
[0]: 117.752792 117.247887
[0]: 94.487221 91.521843
[0]: 119.570503 115.437042
[0]: 129.319687 129.795883
[0]: 121.918999 121.578682
[0]: 124.121758 123.861870
[0]: 107.837303 103.972305
[0]: 115.879730 121.032570
[0]: 154.468246 151.454742
[0]: 128.441101 124.158813
[0]: 131.156723 131.248230
[0]: 105.935165 105.238052
[0]: 113.671616 117.011108
[0]: 130.772293 130.063766
[0]: 114.346657 116.268654
[0]: 154.089966 155.970764
[0]: 124.620224 124.307205
[0]: 140.126587 141.321823
[0]: 121.873405 127.129501
[0]: 98.670563 105.662453
[0]: 106.617058 105.882210
[0]: 106.816742 112.333275
[0]: 123.950363 126.447815
[0]: 146.531494 147.295670
[0]: 135.878586 128.576889
[0]: 119.510323 112.386185
[0]: 145.395935 138.924698
[0]: 185.206268 185.904358
[0]: 143.806290 143.981277
[0]: 144.026703 146.401062
[0]: 123.095490 127.767845
[0]: 140.820602 137.356873
