[4]: 133.513947 132.432159
[4]: 126.222466 126.836334
[4]: 116.989799 117.904129
[4]: 172.787659 173.930054
[4]: 126.489922 124.594322
[4]: 126.328880 126.765602
[4]: 122.105858 122.387993
[4]: 127.759583 126.389420
[4]: 113.302399 111.252876
[4]: 123.169579 123.659187
[4]: 134.646301 133.923080
[4]: 129.098907 128.397034
[4]: 129.065933 127.930695
[4]: 122.654831 122.162163
[4]: 125.194801 123.592026
[4]: 134.385559 132.753708
[4]: 120.309433 118.670052
[4]: 67.231636 67.263580
[4]: 125.449677 125.855522
[4]: 130.679977 131.628586
[4]: 130.037079 130.921097
[4]: 113.582809 113.843704
[4]: 117.226418 117.078583
[4]: 121.911613 123.219727
[4]: 127.744881 128.845459
[4]: 136.699188 137.093811
[4]: 135.457031 133.075012
[4]: 117.956993 118.086906
[4]: 130.784409 129.906662
[4]: 73.094002 74.227898
[4]: 134.526840 133.324158
[4]: 139.342957 140.945679
[4]: 132.045456 131.868683
[4]: 129.923630 128.115768
[3]: 126.889648 129.667557
[3]: 129.177536 129.926086
[3]: 127.269318 127.448074
[3]: 60.889809 60.540619
[3]: 132.135788 131.771637
[3]: 127.420944 126.479179
[3]: 135.146713 135.141663
[3]: 129.721481 130.633560
[3]: 134.406433 135.352875
[3]: 126.163261 125.978561
[3]: 117.367882 119.108917
[3]: 126.181679 127.657806
[3]: 127.229668 128.203644
[3]: 132.220703 132.660767
[3]: 128.756287 129.234131
[3]: 130.412598 131.750046
[3]: 132.826523 132.714172
[3]: 158.716019 155.685638
[3]: 123.977684 124.603302
[3]: 124.179024 122.442459
[3]: 125.821365 124.990410
[3]: 137.747070 136.959061
[3]: 131.727325 132.554504
[3]: 130.807938 128.384995
[3]: 130.114960 129.326920
[3]: 121.086159 120.673088
[3]: 126.133446 128.321609
[3]: 129.731857 128.891006
[3]: 125.445839 125.635117
[3]: 65.151009 64.354279
[3]: 129.172073 128.957504
[3]: 121.345093 117.774368
[3]: 125.691742 124.986511
[3]: 121.464180 121.671371
[2]: 126.768196 127.894775
[2]: 137.065460 136.264862
[2]: 136.568405 137.254089
[2]: 111.627487 113.327965
[2]: 138.581619 139.689117
[2]: 126.525642 126.364342
[2]: 129.169540 130.981094
[2]: 128.218109 128.233978
[2]: 141.422043 143.741364
[2]: 137.840179 136.178146
[2]: 114.090065 114.198883
[2]: 128.352371 130.096924
[2]: 122.604950 122.856323
[2]: 140.362640 141.394409
[2]: 131.506454 131.694214
[2]: 125.321869 125.654327
[2]: 133.792160 135.343277
[2]: 67.290894 68.268845
[2]: 130.794632 129.859833
[2]: 117.210541 117.726288
[2]: 130.873383 129.149658
[2]: 145.377533 144.983566
[2]: 141.854752 140.783249
[2]: 138.120087 136.607025
[2]: 123.702103 122.202629
[2]: 115.678291 115.770721
[2]: 125.407944 127.232552
[2]: 140.630829 141.488953
[2]: 116.683311 117.123810
[2]: 185.737137 187.028641
[2]: 115.364944 115.487915
[2]: 116.374184 115.701958
[2]: 126.371155 126.823853
[2]: 118.748688 119.795769
[1]: 126.454231 124.435265
[1]: 126.824524 126.022057
[1]: 137.193817 136.218262
[1]: 196.377136 195.582352
[1]: 127.029762 128.496063
[1]: 127.649284 127.885963
[1]: 126.724976 126.182396
[1]: 126.236168 126.707695
[1]: 138.293365 139.348587
[1]: 128.605301 128.695145
[1]: 120.604446 120.969055
[1]: 130.399124 129.116302
[1]: 128.523010 129.162750
[1]: 133.491531 133.181931
[1]: 132.676025 133.151993
[1]: 118.475136 118.258011
[1]: 133.957413 134.611816
[1]: 190.605301 191.817841
[1]: 133.097061 132.786499
[1]: 123.374420 122.490532
[1]: 126.037926 125.744560
[1]: 136.691101 135.743011
[1]: 139.694595 140.021667
[1]: 133.526428 134.113419
[1]: 128.951660 129.365189
[1]: 119.549423 119.186768
[1]: 121.458344 122.164551
[1]: 135.067841 136.165558
[1]: 126.350716 127.482735
[1]: 132.869125 131.550781
[1]: 118.518883 119.676590
[1]: 115.977310 117.413986
[1]: 125.753189 126.122925
[1]: 129.216354 130.843796
[0]: 125.735168 124.891190
[0]: 117.289207 117.632103
[0]: 118.006721 117.247887
[0]: 92.644905 91.521843
[0]: 115.687965 115.437042
[0]: 129.339844 129.795883
[0]: 123.215744 121.578682
[0]: 123.896049 123.861870
[0]: 106.273018 103.972305
[0]: 119.604858 121.032570
[0]: 153.310226 151.454742
[0]: 125.449745 124.158813
[0]: 132.098618 131.248230
[0]: 105.767288 105.238052
[0]: 116.430801 117.011108
[0]: 129.922318 130.063766
[0]: 116.671349 116.268654
[0]: 155.406082 155.970764
[0]: 124.040306 124.307205
[0]: 140.139175 141.321823
[0]: 124.972092 127.129501
[0]: 103.426834 105.662453
[0]: 105.644737 105.882210
[0]: 109.958145 112.333275
[0]: 125.607353 126.447815
[0]: 147.130478 147.295670
[0]: 131.162094 128.576889
[0]: 113.605286 112.386185
[0]: 140.005768 138.924698
[0]: 186.616318 185.904358
[0]: 144.007751 143.981277
[0]: 145.217987 146.401062
[0]: 127.687454 127.767845
[0]: 138.607437 137.356873
