[4]: 93.764000 132.432159
[4]: 131.976273 126.836334
[4]: 127.286804 117.904129
[4]: 183.426117 173.930054
[4]: 138.018112 124.594322
[4]: 128.055283 126.765602
[4]: 126.684624 122.387993
[4]: 135.977142 126.389420
[4]: 131.792557 111.252876
[4]: 131.780258 123.659187
[4]: 124.515869 133.923080
[4]: 124.333740 128.397034
[4]: 123.523773 127.930695
[4]: 140.626007 122.162163
[4]: 126.921417 123.592026
[4]: 127.602623 132.753708
[4]: 131.565445 118.670052
[4]: 59.274239 67.263580
[4]: 131.332336 125.855522
[4]: 128.700363 131.628586
[4]: 134.461197 130.921097
[4]: 135.786148 113.843704
[4]: 133.292175 117.078583
[4]: 136.661591 123.219727
[4]: 125.828690 128.845459
[4]: 118.900322 137.093811
[4]: 127.133606 133.075012
[4]: 130.642517 118.086906
[4]: 121.495300 129.906662
[4]: 125.239960 74.227898
[4]: 125.812782 133.324158
[4]: 165.434555 140.945679
[4]: 131.643234 131.868683
[4]: 118.621513 128.115768
[3]: 170.731262 129.667557
[3]: 126.499771 129.926086
[3]: 124.805267 127.448074
[3]: 86.952377 60.540619
[3]: 129.392883 131.771637
[3]: 127.048012 126.479179
[3]: 128.492310 135.141663
[3]: 128.703781 130.633560
[3]: 127.093056 135.352875
[3]: 125.178520 125.978561
[3]: 126.253166 119.108917
[3]: 128.726425 127.657806
[3]: 127.397133 128.203644
[3]: 127.437866 132.660767
[3]: 127.189072 129.234131
[3]: 129.612015 131.750046
[3]: 126.969627 132.714172
[3]: 127.118217 155.685638
[3]: 126.462578 124.603302
[3]: 126.446297 122.442459
[3]: 126.441216 124.990410
[3]: 127.812920 136.959061
[3]: 127.141129 132.554504
[3]: 127.135468 128.384995
[3]: 127.779396 129.326920
[3]: 125.381874 120.673088
[3]: 128.750305 128.321609
[3]: 127.146919 128.891006
[3]: 128.803528 125.635117
[3]: 63.159855 64.354279
[3]: 128.951935 128.957504
[3]: 83.526611 117.774368
[3]: 128.206451 124.986511
[3]: 125.580414 121.671371
[2]: 169.369659 127.894775
[2]: 129.040741 136.264862
[2]: 129.500580 137.254089
[2]: 83.774269 113.327965
[2]: 128.520493 139.689117
[2]: 128.279739 126.364342
[2]: 126.895432 130.981094
[2]: 128.039429 128.233978
[2]: 127.267761 143.741364
[2]: 129.276093 136.178146
[2]: 126.637947 114.198883
[2]: 127.443520 130.096924
[2]: 128.589142 122.856323
[2]: 129.380722 141.394409
[2]: 127.751823 131.694214
[2]: 125.969872 125.654327
[2]: 129.828598 135.343277
[2]: 129.242966 68.268845
[2]: 129.878387 129.859833
[2]: 127.002731 117.726288
[2]: 129.540146 129.149658
[2]: 128.018417 144.983566
[2]: 129.065002 140.783249
[2]: 128.465714 136.607025
[2]: 125.868431 122.202629
[2]: 128.090637 115.770721
[2]: 126.396606 127.232552
[2]: 127.989845 141.488953
[2]: 125.721436 117.123810
[2]: 191.893356 187.028641
[2]: 126.910530 115.487915
[2]: 85.346367 115.701958
[2]: 127.585701 126.823853
[2]: 127.536179 119.795769
[1]: 88.075035 124.435265
[1]: 128.733658 126.022057
[1]: 136.200439 136.218262
[1]: 183.107132 195.582352
[1]: 138.411804 128.496063
[1]: 124.811409 127.885963
[1]: 126.835457 126.182396
[1]: 134.205414 126.707695
[1]: 129.937897 139.348587
[1]: 126.643524 128.695145
[1]: 116.432693 120.969055
[1]: 123.683212 129.116302
[1]: 131.982910 129.162750
[1]: 138.165451 133.181931
[1]: 130.578613 133.151993
[1]: 121.288040 118.258011
[1]: 140.395721 134.611816
[1]: 194.352234 191.817841
[1]: 138.635742 132.786499
[1]: 124.615135 122.490532
[1]: 126.472382 125.744560
[1]: 130.221680 135.743011
[1]: 138.303497 140.021667
[1]: 138.223846 134.113419
[1]: 125.210014 129.365189
[1]: 118.360542 119.186768
[1]: 120.701653 122.164551
[1]: 133.559982 136.165558
[1]: 124.411087 127.482735
[1]: 123.416145 131.550781
[1]: 126.849106 119.676590
[1]: 159.930389 117.413986
[1]: 129.400864 126.122925
[1]: 123.154594 130.843796
[0]: 76.138069 124.891190
[0]: 119.362640 117.632103
[0]: 117.648933 117.247887
[0]: 133.211258 91.521843
[0]: 100.971603 115.437042
[0]: 128.994537 129.795883
[0]: 127.664009 121.578682
[0]: 104.021080 123.861870
[0]: 117.697655 103.972305
[0]: 122.044563 121.032570
[0]: 148.482803 151.454742
[0]: 137.067062 124.158813
[0]: 127.712181 131.248230
[0]: 93.666191 105.238052
[0]: 121.910103 117.011108
[0]: 134.850906 130.063766
[0]: 105.352921 116.268654
[0]: 131.161011 155.970764
[0]: 107.287384 124.307205
[0]: 127.979248 141.321823
[0]: 118.985252 127.129501
[0]: 114.537193 105.662453
[0]: 106.066299 105.882210
[0]: 99.855270 112.333275
[0]: 133.037140 126.447815
[0]: 153.071213 147.295670
[0]: 138.263031 128.576889
[0]: 117.015511 112.386185
[0]: 140.537842 138.924698
[0]: 136.323425 185.904358
[0]: 132.624146 143.981277
[0]: 185.336105 146.401062
[0]: 118.694923 127.767845
[0]: 146.396286 137.356873
