[4]: 140.947144 132.432159
[4]: 124.303680 126.836334
[4]: 120.867119 117.904129
[4]: 160.207428 173.930054
[4]: 127.936142 124.594322
[4]: 121.943726 126.765602
[4]: 126.274178 122.387993
[4]: 124.273796 126.389420
[4]: 118.633904 111.252876
[4]: 124.380432 123.659187
[4]: 138.540314 133.923080
[4]: 132.516190 128.397034
[4]: 126.176941 127.930695
[4]: 132.064621 122.162163
[4]: 124.588928 123.592026
[4]: 136.171783 132.753708
[4]: 119.134247 118.670052
[4]: 64.720291 67.263580
[4]: 127.379601 125.855522
[4]: 129.525970 131.628586
[4]: 126.403717 130.921097
[4]: 110.876678 113.843704
[4]: 121.107170 117.078583
[4]: 122.922791 123.219727
[4]: 127.665527 128.845459
[4]: 126.477211 137.093811
[4]: 139.086014 133.075012
[4]: 124.632996 118.086906
[4]: 127.683273 129.906662
[4]: 69.386803 74.227898
[4]: 136.366928 133.324158
[4]: 135.276596 140.945679
[4]: 126.595222 131.868683
[4]: 129.476303 128.115768
[3]: 120.848785 129.667557
[3]: 130.434097 129.926086
[3]: 122.153656 127.448074
[3]: 74.010956 60.540619
[3]: 136.612656 131.771637
[3]: 131.711365 126.479179
[3]: 140.078079 135.141663
[3]: 132.227921 130.633560
[3]: 130.595612 135.352875
[3]: 124.932220 125.978561
[3]: 99.829224 119.108917
[3]: 120.459656 127.657806
[3]: 126.391640 128.203644
[3]: 123.852356 132.660767
[3]: 129.056580 129.234131
[3]: 141.362091 131.750046
[3]: 135.263397 132.714172
[3]: 173.107544 155.685638
[3]: 116.728897 124.603302
[3]: 123.487335 122.442459
[3]: 128.302185 124.990410
[3]: 148.010468 136.959061
[3]: 130.186127 132.554504
[3]: 135.030685 128.384995
[3]: 139.004623 129.326920
[3]: 129.420288 120.673088
[3]: 127.283363 128.321609
[3]: 123.658768 128.891006
[3]: 116.442123 125.635117
[3]: 74.509254 64.354279
[3]: 124.879951 128.957504
[3]: 128.498383 117.774368
[3]: 122.322647 124.986511
[3]: 126.317047 121.671371
[2]: 119.512337 127.894775
[2]: 137.348709 136.264862
[2]: 133.562698 137.254089
[2]: 106.125771 113.327965
[2]: 136.116211 139.689117
[2]: 132.123459 126.364342
[2]: 124.866287 130.981094
[2]: 133.587448 128.233978
[2]: 140.232803 143.741364
[2]: 138.499619 136.178146
[2]: 111.313622 114.198883
[2]: 121.214836 130.096924
[2]: 127.092384 122.856323
[2]: 129.658615 141.394409
[2]: 130.724472 131.694214
[2]: 117.700111 125.654327
[2]: 132.597473 135.343277
[2]: 66.634796 68.268845
[2]: 129.828964 129.859833
[2]: 122.289635 117.726288
[2]: 133.426590 129.149658
[2]: 148.693085 144.983566
[2]: 136.917175 140.783249
[2]: 136.052750 136.607025
[2]: 122.510490 122.202629
[2]: 127.222778 115.770721
[2]: 115.903839 127.232552
[2]: 132.329575 141.488953
[2]: 122.194557 117.123810
[2]: 183.428284 187.028641
[2]: 116.763649 115.487915
[2]: 118.731880 115.701958
[2]: 133.048431 126.823853
[2]: 118.902763 119.795769
[1]: 136.493484 124.435265
[1]: 126.314217 126.022057
[1]: 137.668716 136.218262
[1]: 191.486771 195.582352
[1]: 122.411293 128.496063
[1]: 125.250061 127.885963
[1]: 121.457161 126.182396
[1]: 122.227409 126.707695
[1]: 139.915695 139.348587
[1]: 133.807617 128.695145
[1]: 128.682556 120.969055
[1]: 135.673004 129.116302
[1]: 126.293587 129.162750
[1]: 139.730042 133.181931
[1]: 142.786102 133.151993
[1]: 110.974434 118.258011
[1]: 136.091019 134.611816
[1]: 185.797592 191.817841
[1]: 139.471481 132.786499
[1]: 127.211311 122.490532
[1]: 131.239624 125.744560
[1]: 136.871933 135.743011
[1]: 137.093033 140.021667
[1]: 131.006958 134.113419
[1]: 123.629074 129.365189
[1]: 112.390747 119.186768
[1]: 116.122162 122.164551
[1]: 133.909882 136.165558
[1]: 129.021439 127.482735
[1]: 137.086563 131.550781
[1]: 119.814011 119.676590
[1]: 113.394470 117.413986
[1]: 137.642349 126.122925
[1]: 116.835854 130.843796
[0]: 120.828392 124.891190
[0]: 118.169037 117.632103
[0]: 122.485428 117.247887
[0]: 103.118034 91.521843
[0]: 116.848274 115.437042
[0]: 126.167152 129.795883
[0]: 124.161491 121.578682
[0]: 123.486717 123.861870
[0]: 104.899368 103.972305
[0]: 113.155327 121.032570
[0]: 161.250565 151.454742
[0]: 129.952774 124.158813
[0]: 133.734192 131.248230
[0]: 109.591545 105.238052
[0]: 107.250732 117.011108
[0]: 132.240021 130.063766
[0]: 115.159866 116.268654
[0]: 157.687469 155.970764
[0]: 123.922340 124.307205
[0]: 132.298477 141.321823
[0]: 117.751068 127.129501
[0]: 92.727325 105.662453
[0]: 111.911026 105.882210
[0]: 109.691666 112.333275
[0]: 123.578262 126.447815
[0]: 143.917450 147.295670
[0]: 141.435364 128.576889
[0]: 123.394135 112.386185
[0]: 144.096344 138.924698
[0]: 176.788620 185.904358
[0]: 143.240021 143.981277
[0]: 141.377335 146.401062
[0]: 117.062836 127.767845
[0]: 146.913086 137.356873
