[4]: 132.036133 132.432159
[4]: 126.462326 126.836334
[4]: 118.084084 117.904129
[4]: 174.562836 173.930054
[4]: 124.063759 124.594322
[4]: 126.911789 126.765602
[4]: 122.210876 122.387993
[4]: 126.036919 126.389420
[4]: 111.335373 111.252876
[4]: 123.914169 123.659187
[4]: 134.205643 133.923080
[4]: 128.620956 128.397034
[4]: 127.221916 127.930695
[4]: 122.280113 122.162163
[4]: 123.071854 123.592026
[4]: 132.052872 132.753708
[4]: 118.279320 118.670052
[4]: 67.189598 67.263580
[4]: 125.908539 125.855522
[4]: 131.882736 131.628586
[4]: 131.035645 130.921097
[4]: 114.069313 113.843704
[4]: 117.575867 117.078583
[4]: 123.805084 123.219727
[4]: 128.776901 128.845459
[4]: 136.485504 137.093811
[4]: 132.696228 133.075012
[4]: 117.996429 118.086906
[4]: 129.599609 129.906662
[4]: 74.619690 74.227898
[4]: 133.504410 133.324158
[4]: 141.693771 140.945679
[4]: 131.804520 131.868683
[4]: 127.592064 128.115768
[3]: 130.238922 129.667557
[3]: 130.191803 129.926086
[3]: 127.100540 127.448074
[3]: 60.639980 60.540619
[3]: 131.867371 131.771637
[3]: 126.338600 126.479179
[3]: 135.041275 135.141663
[3]: 130.930695 130.633560
[3]: 135.395920 135.352875
[3]: 126.047195 125.978561
[3]: 119.642395 119.108917
[3]: 127.813568 127.657806
[3]: 128.490463 128.203644
[3]: 132.670898 132.660767
[3]: 129.361115 129.234131
[3]: 132.230743 131.750046
[3]: 132.949387 132.714172
[3]: 155.369675 155.685638
[3]: 124.484772 124.603302
[3]: 122.836853 122.442459
[3]: 125.340080 124.990410
[3]: 137.008331 136.959061
[3]: 132.564362 132.554504
[3]: 128.157547 128.384995
[3]: 129.317032 129.326920
[3]: 120.726738 120.673088
[3]: 128.456589 128.321609
[3]: 128.995010 128.891006
[3]: 125.843781 125.635117
[3]: 64.141266 64.354279
[3]: 129.177399 128.957504
[3]: 117.450584 117.774368
[3]: 124.848686 124.986511
[3]: 121.701660 121.671371
[2]: 128.777969 127.894775
[2]: 135.951294 136.264862
[2]: 137.036285 137.254089
[2]: 113.037003 113.327965
[2]: 139.761810 139.689117
[2]: 126.205315 126.364342
[2]: 131.694977 130.981094
[2]: 128.858902 128.233978
[2]: 144.499130 143.741364
[2]: 136.167603 136.178146
[2]: 113.281311 114.198883
[2]: 129.842346 130.096924
[2]: 124.253067 122.856323
[2]: 140.755295 141.394409
[2]: 132.017670 131.694214
[2]: 126.654541 125.654327
[2]: 135.520844 135.343277
[2]: 68.650887 68.268845
[2]: 130.152084 129.859833
[2]: 117.677620 117.726288
[2]: 128.854294 129.149658
[2]: 145.067490 144.983566
[2]: 140.187164 140.783249
[2]: 135.537643 136.607025
[2]: 122.445412 122.202629
[2]: 116.464272 115.770721
[2]: 128.008911 127.232552
[2]: 141.481537 141.488953
[2]: 117.227837 117.123810
[2]: 187.021652 187.028641
[2]: 115.279243 115.487915
[2]: 114.180809 115.701958
[2]: 127.561279 126.823853
[2]: 120.079338 119.795769
[1]: 124.005775 124.435265
[1]: 126.064270 126.022057
[1]: 136.348465 136.218262
[1]: 195.567200 195.582352
[1]: 129.275436 128.496063
[1]: 127.876221 127.885963
[1]: 126.162361 126.182396
[1]: 126.205780 126.707695
[1]: 139.230774 139.348587
[1]: 128.695908 128.695145
[1]: 121.174934 120.969055
[1]: 129.096832 129.116302
[1]: 129.432724 129.162750
[1]: 133.361969 133.181931
[1]: 133.270676 133.151993
[1]: 118.343849 118.258011
[1]: 134.667084 134.611816
[1]: 192.029831 191.817841
[1]: 132.738388 132.786499
[1]: 122.075752 122.490532
[1]: 125.640686 125.744560
[1]: 135.381332 135.743011
[1]: 140.044052 140.021667
[1]: 134.084961 134.113419
[1]: 129.335266 129.365189
[1]: 119.280518 119.186768
[1]: 122.253181 122.164551
[1]: 136.312775 136.165558
[1]: 127.833969 127.482735
[1]: 131.550171 131.550781
[1]: 120.132607 119.676590
[1]: 117.693169 117.413986
[1]: 125.787506 126.122925
[1]: 131.173523 130.843796
[0]: 124.206787 124.891190
[0]: 117.998543 117.632103
[0]: 117.500900 117.247887
[0]: 91.368683 91.521843
[0]: 114.925850 115.437042
[0]: 129.979645 129.795883
[0]: 121.102715 121.578682
[0]: 123.782349 123.861870
[0]: 103.087746 103.972305
[0]: 120.665871 121.032570
[0]: 151.378860 151.454742
[0]: 124.037201 124.158813
[0]: 129.917389 131.248230
[0]: 105.539040 105.238052
[0]: 116.941933 117.011108
[0]: 129.110840 130.063766
[0]: 116.149147 116.268654
[0]: 155.939789 155.970764
[0]: 124.123322 124.307205
[0]: 141.156326 141.321823
[0]: 127.053024 127.129501
[0]: 105.599762 105.662453
[0]: 105.910461 105.882210
[0]: 113.107582 112.333275
[0]: 126.321220 126.447815
[0]: 147.090057 147.295670
[0]: 127.902161 128.576889
[0]: 112.174461 112.386185
[0]: 138.568893 138.924698
[0]: 185.613022 185.904358
[0]: 143.300858 143.981277
[0]: 147.330963 146.401062
[0]: 127.571449 127.767845
[0]: 137.262543 137.356873
