[4]: 133.475418 132.432159
[4]: 126.368355 126.836334
[4]: 116.966820 117.904129
[4]: 172.838547 173.930054
[4]: 126.367645 124.594322
[4]: 126.336685 126.765602
[4]: 122.028351 122.387993
[4]: 127.874260 126.389420
[4]: 113.042755 111.252876
[4]: 123.110779 123.659187
[4]: 134.681610 133.923080
[4]: 128.943390 128.397034
[4]: 128.981232 127.930695
[4]: 122.755005 122.162163
[4]: 125.196846 123.592026
[4]: 134.322037 132.753708
[4]: 119.861664 118.670052
[4]: 67.239052 67.263580
[4]: 125.397972 125.855522
[4]: 130.811859 131.628586
[4]: 129.877426 130.921097
[4]: 113.733315 113.843704
[4]: 117.077919 117.078583
[4]: 122.154800 123.219727
[4]: 127.645027 128.845459
[4]: 136.908539 137.093811
[4]: 135.501465 133.075012
[4]: 117.888824 118.086906
[4]: 130.857315 129.906662
[4]: 73.125031 74.227898
[4]: 134.442230 133.324158
[4]: 139.273026 140.945679
[4]: 131.854935 131.868683
[4]: 129.823578 128.115768
[3]: 127.043259 129.667557
[3]: 129.128296 129.926086
[3]: 127.325333 127.448074
[3]: 60.788544 60.540619
[3]: 132.136948 131.771637
[3]: 127.467735 126.479179
[3]: 135.119873 135.141663
[3]: 129.792831 130.633560
[3]: 134.501785 135.352875
[3]: 126.272331 125.978561
[3]: 117.330086 119.108917
[3]: 126.366096 127.657806
[3]: 127.293762 128.203644
[3]: 132.138809 132.660767
[3]: 128.678329 129.234131
[3]: 130.545670 131.750046
[3]: 133.049805 132.714172
[3]: 158.443253 155.685638
[3]: 123.986435 124.603302
[3]: 124.120422 122.442459
[3]: 125.716522 124.990410
[3]: 137.685501 136.959061
[3]: 131.733124 132.554504
[3]: 130.591354 128.384995
[3]: 130.150589 129.326920
[3]: 120.897820 120.673088
[3]: 126.246063 128.321609
[3]: 129.526108 128.891006
[3]: 125.399300 125.635117
[3]: 65.178101 64.354279
[3]: 129.127594 128.957504
[3]: 121.290878 117.774368
[3]: 125.740532 124.986511
[3]: 121.600777 121.671371
[2]: 126.693016 127.894775
[2]: 137.149353 136.264862
[2]: 136.725937 137.254089
[2]: 111.776459 113.327965
[2]: 138.667191 139.689117
[2]: 126.580574 126.364342
[2]: 129.305786 130.981094
[2]: 127.972984 128.233978
[2]: 141.647202 143.741364
[2]: 137.815826 136.178146
[2]: 114.076981 114.198883
[2]: 128.392731 130.096924
[2]: 122.422935 122.856323
[2]: 140.363403 141.394409
[2]: 131.530441 131.694214
[2]: 125.196205 125.654327
[2]: 134.071320 135.343277
[2]: 67.338860 68.268845
[2]: 130.855988 129.859833
[2]: 117.232391 117.726288
[2]: 130.983337 129.149658
[2]: 145.041992 144.983566
[2]: 141.838135 140.783249
[2]: 138.145050 136.607025
[2]: 123.766975 122.202629
[2]: 115.432259 115.770721
[2]: 125.250954 127.232552
[2]: 140.662491 141.488953
[2]: 116.468681 117.123810
[2]: 185.801559 187.028641
[2]: 115.372414 115.487915
[2]: 116.680351 115.701958
[2]: 126.287376 126.823853
[2]: 118.958000 119.795769
[1]: 126.337242 124.435265
[1]: 126.618217 126.022057
[1]: 137.058060 136.218262
[1]: 196.445831 195.582352
[1]: 127.190422 128.496063
[1]: 127.750969 127.885963
[1]: 126.647285 126.182396
[1]: 126.438828 126.707695
[1]: 138.149704 139.348587
[1]: 128.723450 128.695145
[1]: 120.625916 120.969055
[1]: 130.328934 129.116302
[1]: 128.647369 129.162750
[1]: 133.514999 133.181931
[1]: 132.678680 133.151993
[1]: 118.454994 118.258011
[1]: 134.046173 134.611816
[1]: 190.630417 191.817841
[1]: 132.972870 132.786499
[1]: 123.271957 122.490532
[1]: 125.915199 125.744560
[1]: 136.635635 135.743011
[1]: 139.711182 140.021667
[1]: 133.454529 134.113419
[1]: 129.017334 129.365189
[1]: 119.443497 119.186768
[1]: 121.626381 122.164551
[1]: 135.122025 136.165558
[1]: 126.403236 127.482735
[1]: 132.618378 131.550781
[1]: 118.451500 119.676590
[1]: 116.139130 117.413986
[1]: 125.803665 126.122925
[1]: 129.116974 130.843796
[0]: 125.830910 124.891190
[0]: 117.340500 117.632103
[0]: 117.954849 117.247887
[0]: 92.680313 91.521843
[0]: 115.566956 115.437042
[0]: 129.102692 129.795883
[0]: 123.255867 121.578682
[0]: 123.735786 123.861870
[0]: 106.374901 103.972305
[0]: 119.458244 121.032570
[0]: 153.281937 151.454742
[0]: 125.457901 124.158813
[0]: 132.171417 131.248230
[0]: 105.749207 105.238052
[0]: 116.499611 117.011108
[0]: 130.003433 130.063766
[0]: 116.513550 116.268654
[0]: 155.393478 155.970764
[0]: 124.167885 124.307205
[0]: 140.133484 141.321823
[0]: 125.291130 127.129501
[0]: 103.766838 105.662453
[0]: 105.820244 105.882210
[0]: 110.005760 112.333275
[0]: 125.530228 126.447815
[0]: 147.479752 147.295670
[0]: 130.980728 128.576889
[0]: 113.824463 112.386185
[0]: 140.133224 138.924698
[0]: 186.722549 185.904358
[0]: 144.190338 143.981277
[0]: 144.837189 146.401062
[0]: 127.883888 127.767845
[0]: 138.454803 137.356873
