[4]: 133.506363 132.432159
[4]: 126.200714 126.836334
[4]: 117.007042 117.904129
[4]: 172.828781 173.930054
[4]: 126.456306 124.594322
[4]: 126.272041 126.765602
[4]: 122.187981 122.387993
[4]: 127.785606 126.389420
[4]: 113.268799 111.252876
[4]: 123.120918 123.659187
[4]: 134.696091 133.923080
[4]: 129.123138 128.397034
[4]: 129.007431 127.930695
[4]: 122.655754 122.162163
[4]: 125.194069 123.592026
[4]: 134.231476 132.753708
[4]: 120.210831 118.670052
[4]: 67.184654 67.263580
[4]: 125.445473 125.855522
[4]: 130.687469 131.628586
[4]: 129.975647 130.921097
[4]: 113.446503 113.843704
[4]: 117.197624 117.078583
[4]: 121.880905 123.219727
[4]: 127.822853 128.845459
[4]: 136.607910 137.093811
[4]: 135.320129 133.075012
[4]: 117.889130 118.086906
[4]: 130.744644 129.906662
[4]: 73.193199 74.227898
[4]: 134.457489 133.324158
[4]: 139.350815 140.945679
[4]: 132.079391 131.868683
[4]: 129.893875 128.115768
[3]: 127.119370 129.667557
[3]: 129.197235 129.926086
[3]: 127.378403 127.448074
[3]: 60.893658 60.540619
[3]: 132.077713 131.771637
[3]: 127.573067 126.479179
[3]: 135.105560 135.141663
[3]: 129.887421 130.633560
[3]: 134.393143 135.352875
[3]: 126.216820 125.978561
[3]: 117.324333 119.108917
[3]: 126.281654 127.657806
[3]: 127.273857 128.203644
[3]: 132.375992 132.660767
[3]: 128.676132 129.234131
[3]: 130.625107 131.750046
[3]: 132.832016 132.714172
[3]: 158.551697 155.685638
[3]: 123.999763 124.603302
[3]: 124.119843 122.442459
[3]: 125.711006 124.990410
[3]: 137.799881 136.959061
[3]: 131.641418 132.554504
[3]: 130.660767 128.384995
[3]: 130.025513 129.326920
[3]: 121.054070 120.673088
[3]: 126.210968 128.321609
[3]: 129.763824 128.891006
[3]: 125.451820 125.635117
[3]: 65.090195 64.354279
[3]: 129.193726 128.957504
[3]: 121.278381 117.774368
[3]: 125.599831 124.986511
[3]: 121.532181 121.671371
[2]: 126.775475 127.894775
[2]: 137.155685 136.264862
[2]: 136.551590 137.254089
[2]: 111.703926 113.327965
[2]: 138.666245 139.689117
[2]: 126.534775 126.364342
[2]: 129.104141 130.981094
[2]: 128.123581 128.233978
[2]: 141.602097 143.741364
[2]: 137.780579 136.178146
[2]: 114.019440 114.198883
[2]: 128.405304 130.096924
[2]: 122.463470 122.856323
[2]: 140.433990 141.394409
[2]: 131.485779 131.694214
[2]: 125.391922 125.654327
[2]: 133.838425 135.343277
[2]: 67.403236 68.268845
[2]: 130.775787 129.859833
[2]: 117.233925 117.726288
[2]: 130.911804 129.149658
[2]: 145.348572 144.983566
[2]: 141.798584 140.783249
[2]: 138.268112 136.607025
[2]: 123.644173 122.202629
[2]: 115.722969 115.770721
[2]: 125.429924 127.232552
[2]: 140.675400 141.488953
[2]: 116.567123 117.123810
[2]: 185.797226 187.028641
[2]: 115.371925 115.487915
[2]: 116.545372 115.701958
[2]: 126.284515 126.823853
[2]: 118.844635 119.795769
[1]: 126.259567 124.435265
[1]: 126.693153 126.022057
[1]: 137.066956 136.218262
[1]: 196.432114 195.582352
[1]: 127.185226 128.496063
[1]: 127.726753 127.885963
[1]: 126.579391 126.182396
[1]: 126.339272 126.707695
[1]: 138.192612 139.348587
[1]: 128.662369 128.695145
[1]: 120.617493 120.969055
[1]: 130.327301 129.116302
[1]: 128.586472 129.162750
[1]: 133.452179 133.181931
[1]: 132.738876 133.151993
[1]: 118.374420 118.258011
[1]: 133.930634 134.611816
[1]: 190.660568 191.817841
[1]: 133.020691 132.786499
[1]: 123.380249 122.490532
[1]: 126.007622 125.744560
[1]: 136.645264 135.743011
[1]: 139.762283 140.021667
[1]: 133.634995 134.113419
[1]: 129.040359 129.365189
[1]: 119.536705 119.186768
[1]: 121.667648 122.164551
[1]: 134.994797 136.165558
[1]: 126.391678 127.482735
[1]: 132.697510 131.550781
[1]: 118.460808 119.676590
[1]: 116.082268 117.413986
[1]: 125.723640 126.122925
[1]: 129.106613 130.843796
[0]: 125.701126 124.891190
[0]: 117.357529 117.632103
[0]: 118.047821 117.247887
[0]: 92.571167 91.521843
[0]: 115.546318 115.437042
[0]: 129.135025 129.795883
[0]: 123.405952 121.578682
[0]: 123.676872 123.861870
[0]: 106.279610 103.972305
[0]: 119.616669 121.032570
[0]: 153.322617 151.454742
[0]: 125.341705 124.158813
[0]: 132.188095 131.248230
[0]: 105.600502 105.238052
[0]: 116.492821 117.011108
[0]: 129.882172 130.063766
[0]: 116.771477 116.268654
[0]: 155.395889 155.970764
[0]: 124.136147 124.307205
[0]: 140.140106 141.321823
[0]: 125.158424 127.129501
[0]: 103.641609 105.662453
[0]: 105.799004 105.882210
[0]: 109.905823 112.333275
[0]: 125.586311 126.447815
[0]: 147.196182 147.295670
[0]: 130.962936 128.576889
[0]: 113.704910 112.386185
[0]: 140.099686 138.924698
[0]: 186.655197 185.904358
[0]: 144.081787 143.981277
[0]: 144.948746 146.401062
[0]: 127.877960 127.767845
[0]: 138.581055 137.356873
