[19]: 2000 10 11  0 20 OSCAR       7.1   4.6   65  547 1983  6 22  0 14 GORDON      7.1   5.8  130  838
[18]: 2000 10 11  0 20 OSCAR       7.1   4.6   65  547 1980  5  2 12 22 KIRK        7.4   5.1  119  559
[14]: 1978 12  1  6  4 ALBERTO     7.1   4.7   21  674 1993  1 18  0 27 VALERIE     7.3   5.2   66  431
[13]: 1994  7  1 18 28 RAFAEL      7.0   5.1   47  135 2000  7 28  0 28 PATTY       7.0   6.2   37  236
[12]: 1994  7  1 18 28 RAFAEL      7.0   5.1   47  135 1988  7 21  6  8 NADINE      7.3   4.6   80  714
[10]: 1995  5 22  6 14 ERNESTO     7.1   4.9   53  190 1950  2  7 12 25 SANDY       7.4   5.1   15  258
[9]: 1989  9  9  6 13 CHRIS       7.0   4.6   21  602 1988  7 22  6 25 GORDON      7.2   5.9   21  869
[7]: 1978 12  1  6  4 ALBERTO     7.1   4.7   21  674 1973  7  1  6 24 BERYL       7.2   4.1  123   28
[6]: 1989  9  9  6 13 CHRIS       7.0   4.6   21  602 1961  9 20 18  5 ISAAC       7.3   4.7  142   35
[2]: 1995  5 22  6 14 ERNESTO     7.1   4.9   53  190 2004 12 28  0  1 PATTY       7.1   6.1   94  198
