[4]: 134.746124 132.432159
[4]: 124.717583 126.836334
[4]: 116.868134 117.904129
[4]: 175.459290 173.930054
[4]: 123.652954 124.594322
[4]: 126.022385 126.765602
[4]: 122.466461 122.387993
[4]: 125.583511 126.389420
[4]: 111.357292 111.252876
[4]: 126.110268 123.659187
[4]: 135.611893 133.923080
[4]: 130.695511 128.397034
[4]: 126.410973 127.930695
[4]: 122.605110 122.162163
[4]: 121.366676 123.592026
[4]: 131.154251 132.753708
[4]: 118.533699 118.670052
[4]: 67.932213 67.263580
[4]: 128.152603 125.855522
[4]: 131.701187 131.628586
[4]: 130.474976 130.921097
[4]: 113.602509 113.843704
[4]: 115.062897 117.078583
[4]: 124.742180 123.219727
[4]: 129.841492 128.845459
[4]: 133.579025 137.093811
[4]: 131.158905 133.075012
[4]: 118.757233 118.086906
[4]: 129.207687 129.906662
[4]: 75.172226 74.227898
[4]: 133.490417 133.324158
[4]: 139.103882 140.945679
[4]: 130.943176 131.868683
[4]: 124.539528 128.115768
[3]: 126.904312 129.667557
[3]: 129.073349 129.926086
[3]: 126.967430 127.448074
[3]: 61.355103 60.540619
[3]: 131.432037 131.771637
[3]: 127.268394 126.479179
[3]: 136.089203 135.141663
[3]: 130.555847 130.633560
[3]: 134.703323 135.352875
[3]: 124.098030 125.978561
[3]: 119.329483 119.108917
[3]: 126.523903 127.657806
[3]: 129.126312 128.203644
[3]: 131.274338 132.660767
[3]: 129.597946 129.234131
[3]: 132.211456 131.750046
[3]: 132.157547 132.714172
[3]: 157.915176 155.685638
[3]: 123.650993 124.603302
[3]: 122.155289 122.442459
[3]: 126.599983 124.990410
[3]: 137.147079 136.959061
[3]: 132.907120 132.554504
[3]: 127.537727 128.384995
[3]: 129.603897 129.326920
[3]: 122.146225 120.673088
[3]: 128.713089 128.321609
[3]: 128.869705 128.891006
[3]: 127.762772 125.635117
[3]: 63.401733 64.354279
[3]: 130.042175 128.957504
[3]: 120.867523 117.774368
[3]: 125.791595 124.986511
[3]: 123.809486 121.671371
[2]: 127.900383 127.894775
[2]: 136.977722 136.264862
[2]: 140.818939 137.254089
[2]: 109.653481 113.327965
[2]: 142.863083 139.689117
[2]: 128.206543 126.364342
[2]: 130.974670 130.981094
[2]: 128.591415 128.233978
[2]: 145.124695 143.741364
[2]: 134.509888 136.178146
[2]: 112.387840 114.198883
[2]: 125.936729 130.096924
[2]: 124.470413 122.856323
[2]: 140.127670 141.394409
[2]: 131.730911 131.694214
[2]: 126.717316 125.654327
[2]: 138.616653 135.343277
[2]: 68.354401 68.268845
[2]: 128.499924 129.859833
[2]: 118.679207 117.726288
[2]: 130.618988 129.149658
[2]: 146.899902 144.983566
[2]: 145.960846 140.783249
[2]: 133.136765 136.607025
[2]: 120.937370 122.202629
[2]: 118.636276 115.770721
[2]: 129.864288 127.232552
[2]: 142.496536 141.488953
[2]: 116.985931 117.123810
[2]: 183.429810 187.028641
[2]: 112.945572 115.487915
[2]: 118.730667 115.701958
[2]: 126.758080 126.823853
[2]: 126.361069 119.795769
[1]: 125.456665 124.435265
[1]: 129.842117 126.022057
[1]: 137.910156 136.218262
[1]: 195.597870 195.582352
[1]: 129.730774 128.496063
[1]: 127.522148 127.885963
[1]: 125.535881 126.182396
[1]: 126.444099 126.707695
[1]: 138.907990 139.348587
[1]: 127.229034 128.695145
[1]: 120.271858 120.969055
[1]: 128.426956 129.116302
[1]: 129.925369 129.162750
[1]: 134.484360 133.181931
[1]: 134.605637 133.151993
[1]: 119.309021 118.258011
[1]: 134.473038 134.611816
[1]: 191.117935 191.817841
[1]: 130.790436 132.786499
[1]: 122.171776 122.490532
[1]: 126.153542 125.744560
[1]: 136.118942 135.743011
[1]: 140.692139 140.021667
[1]: 132.745682 134.113419
[1]: 128.792618 129.365189
[1]: 122.765533 119.186768
[1]: 123.069359 122.164551
[1]: 134.564285 136.165558
[1]: 127.627823 127.482735
[1]: 134.582596 131.550781
[1]: 121.042053 119.676590
[1]: 115.076347 117.413986
[1]: 125.785240 126.122925
[1]: 132.921402 130.843796
[0]: 124.261551 124.891190
[0]: 115.971161 117.632103
[0]: 113.323517 117.247887
[0]: 91.910393 91.521843
[0]: 112.198730 115.437042
[0]: 128.172623 129.795883
[0]: 121.252312 121.578682
[0]: 124.751541 123.861870
[0]: 103.749657 103.972305
[0]: 123.904228 121.032570
[0]: 151.971161 151.454742
[0]: 128.097992 124.158813
[0]: 129.284317 131.248230
[0]: 106.290825 105.238052
[0]: 117.407562 117.011108
[0]: 129.013947 130.063766
[0]: 113.777390 116.268654
[0]: 153.147125 155.970764
[0]: 126.499062 124.307205
[0]: 140.819931 141.321823
[0]: 123.829849 127.129501
[0]: 103.446678 105.662453
[0]: 101.529610 105.882210
[0]: 116.863319 112.333275
[0]: 126.981430 126.447815
[0]: 142.394043 147.295670
[0]: 126.420830 128.576889
[0]: 112.491783 112.386185
[0]: 137.248291 138.924698
[0]: 187.174423 185.904358
[0]: 143.739136 143.981277
[0]: 144.237076 146.401062
[0]: 128.301437 127.767845
[0]: 129.532089 137.356873
