[4]: 133.342972 132.432159
[4]: 125.848663 126.836334
[4]: 116.949104 117.904129
[4]: 173.440491 173.930054
[4]: 126.529633 124.594322
[4]: 126.319664 126.765602
[4]: 122.491547 122.387993
[4]: 128.045761 126.389420
[4]: 112.985146 111.252876
[4]: 123.068993 123.659187
[4]: 135.134506 133.923080
[4]: 129.028366 128.397034
[4]: 129.415283 127.930695
[4]: 123.170616 122.162163
[4]: 124.990356 123.592026
[4]: 133.915909 132.753708
[4]: 120.386909 118.670052
[4]: 67.660500 67.263580
[4]: 124.945473 125.855522
[4]: 130.955978 131.628586
[4]: 130.018570 130.921097
[4]: 113.227203 113.843704
[4]: 117.114349 117.078583
[4]: 121.773193 123.219727
[4]: 127.921608 128.845459
[4]: 137.068832 137.093811
[4]: 135.486481 133.075012
[4]: 118.376167 118.086906
[4]: 130.668716 129.906662
[4]: 73.531372 74.227898
[4]: 134.220169 133.324158
[4]: 139.602097 140.945679
[4]: 132.268524 131.868683
[4]: 129.810410 128.115768
[3]: 127.074020 129.667557
[3]: 129.767624 129.926086
[3]: 127.319214 127.448074
[3]: 60.652260 60.540619
[3]: 131.884171 131.771637
[3]: 127.487885 126.479179
[3]: 135.292328 135.141663
[3]: 129.084488 130.633560
[3]: 134.871262 135.352875
[3]: 126.147331 125.978561
[3]: 117.256371 119.108917
[3]: 126.495308 127.657806
[3]: 127.276299 128.203644
[3]: 131.804749 132.660767
[3]: 128.788101 129.234131
[3]: 131.388779 131.750046
[3]: 132.684143 132.714172
[3]: 157.338440 155.685638
[3]: 123.974831 124.603302
[3]: 123.564011 122.442459
[3]: 125.675476 124.990410
[3]: 138.067139 136.959061
[3]: 131.287552 132.554504
[3]: 130.757706 128.384995
[3]: 129.943176 129.326920
[3]: 120.746758 120.673088
[3]: 126.119980 128.321609
[3]: 129.162262 128.891006
[3]: 126.092781 125.635117
[3]: 64.623184 64.354279
[3]: 129.384628 128.957504
[3]: 121.053619 117.774368
[3]: 125.873848 124.986511
[3]: 121.958344 121.671371
[2]: 126.226265 127.894775
[2]: 137.145584 136.264862
[2]: 136.578415 137.254089
[2]: 111.742966 113.327965
[2]: 138.170700 139.689117
[2]: 126.156265 126.364342
[2]: 129.378860 130.981094
[2]: 128.035645 128.233978
[2]: 141.348480 143.741364
[2]: 137.618118 136.178146
[2]: 113.939247 114.198883
[2]: 128.736115 130.096924
[2]: 122.242844 122.856323
[2]: 140.424942 141.394409
[2]: 131.659576 131.694214
[2]: 125.489120 125.654327
[2]: 133.718735 135.343277
[2]: 67.135933 68.268845
[2]: 130.950165 129.859833
[2]: 117.418159 117.726288
[2]: 130.723907 129.149658
[2]: 145.306229 144.983566
[2]: 141.615967 140.783249
[2]: 137.845245 136.607025
[2]: 123.523720 122.202629
[2]: 116.227936 115.770721
[2]: 125.385231 127.232552
[2]: 140.669464 141.488953
[2]: 116.863350 117.123810
[2]: 186.085541 187.028641
[2]: 115.750458 115.487915
[2]: 116.655342 115.701958
[2]: 126.117752 126.823853
[2]: 118.380928 119.795769
[1]: 126.836212 124.435265
[1]: 126.822021 126.022057
[1]: 137.150528 136.218262
[1]: 195.789993 195.582352
[1]: 127.542694 128.496063
[1]: 127.558434 127.885963
[1]: 126.236679 126.182396
[1]: 126.182320 126.707695
[1]: 138.411011 139.348587
[1]: 128.572388 128.695145
[1]: 120.580688 120.969055
[1]: 130.123764 129.116302
[1]: 128.323776 129.162750
[1]: 133.573563 133.181931
[1]: 132.625900 133.151993
[1]: 118.165100 118.258011
[1]: 134.201248 134.611816
[1]: 190.744553 191.817841
[1]: 133.580063 132.786499
[1]: 123.385033 122.490532
[1]: 126.324776 125.744560
[1]: 136.860718 135.743011
[1]: 139.891037 140.021667
[1]: 133.782547 134.113419
[1]: 129.012711 129.365189
[1]: 119.152382 119.186768
[1]: 121.208298 122.164551
[1]: 135.517029 136.165558
[1]: 126.064987 127.482735
[1]: 132.716873 131.550781
[1]: 118.907791 119.676590
[1]: 115.681892 117.413986
[1]: 125.667702 126.122925
[1]: 129.171387 130.843796
[0]: 125.877823 124.891190
[0]: 116.982697 117.632103
[0]: 118.029106 117.247887
[0]: 92.416649 91.521843
[0]: 115.823059 115.437042
[0]: 129.774231 129.795883
[0]: 122.971756 121.578682
[0]: 124.551315 123.861870
[0]: 106.071808 103.972305
[0]: 120.020752 121.032570
[0]: 153.061905 151.454742
[0]: 125.064316 124.158813
[0]: 132.267868 131.248230
[0]: 105.523682 105.238052
[0]: 116.507919 117.011108
[0]: 129.541840 130.063766
[0]: 116.560532 116.268654
[0]: 156.317123 155.970764
[0]: 123.875496 124.307205
[0]: 140.265884 141.321823
[0]: 125.000343 127.129501
[0]: 103.381950 105.662453
[0]: 106.298607 105.882210
[0]: 110.189079 112.333275
[0]: 125.725502 126.447815
[0]: 146.931976 147.295670
[0]: 131.451614 128.576889
[0]: 113.246513 112.386185
[0]: 139.522476 138.924698
[0]: 186.477524 185.904358
[0]: 143.260376 143.981277
[0]: 145.273209 146.401062
[0]: 127.609871 127.767845
[0]: 138.619339 137.356873
