[4]: 91.745110 132.432159
[4]: 129.751114 126.836334
[4]: 127.534401 117.904129
[4]: 180.638550 173.930054
[4]: 135.495026 124.594322
[4]: 129.133835 126.765602
[4]: 127.873116 122.387993
[4]: 134.218689 126.389420
[4]: 131.495453 111.252876
[4]: 132.670303 123.659187
[4]: 125.087852 133.923080
[4]: 125.630920 128.397034
[4]: 124.509521 127.930695
[4]: 139.259613 122.162163
[4]: 127.498459 123.592026
[4]: 130.038696 132.753708
[4]: 132.457275 118.670052
[4]: 58.937542 67.263580
[4]: 130.545563 125.855522
[4]: 127.741852 131.628586
[4]: 133.693634 130.921097
[4]: 135.899277 113.843704
[4]: 135.275314 117.078583
[4]: 135.295303 123.219727
[4]: 125.675621 128.845459
[4]: 120.328331 137.093811
[4]: 126.674675 133.075012
[4]: 130.395081 118.086906
[4]: 120.541267 129.906662
[4]: 125.255920 74.227898
[4]: 124.915749 133.324158
[4]: 166.593079 140.945679
[4]: 131.097885 131.868683
[4]: 118.571808 128.115768
[3]: 170.848633 129.667557
[3]: 126.492813 129.926086
[3]: 124.794975 127.448074
[3]: 87.148720 60.540619
[3]: 129.381760 131.771637
[3]: 127.306496 126.479179
[3]: 128.471527 135.141663
[3]: 128.255753 130.633560
[3]: 126.489189 135.352875
[3]: 125.188393 125.978561
[3]: 126.205795 119.108917
[3]: 128.524597 127.657806
[3]: 127.311607 128.203644
[3]: 127.692787 132.660767
[3]: 127.197449 129.234131
[3]: 129.929459 131.750046
[3]: 126.768448 132.714172
[3]: 127.130859 155.685638
[3]: 126.399498 124.603302
[3]: 126.354713 122.442459
[3]: 126.498962 124.990410
[3]: 127.809341 136.959061
[3]: 127.155640 132.554504
[3]: 127.175774 128.384995
[3]: 128.102051 129.326920
[3]: 125.156937 120.673088
[3]: 128.951340 128.321609
[3]: 127.105812 128.891006
[3]: 129.073135 125.635117
[3]: 62.992817 64.354279
[3]: 128.986221 128.957504
[3]: 83.447258 117.774368
[3]: 128.237701 124.986511
[3]: 125.469193 121.671371
[2]: 169.104813 127.894775
[2]: 128.876282 136.264862
[2]: 130.032166 137.254089
[2]: 84.124039 113.327965
[2]: 128.915207 139.689117
[2]: 128.385254 126.364342
[2]: 127.209755 130.981094
[2]: 128.957077 128.233978
[2]: 128.213226 143.741364
[2]: 129.787231 136.178146
[2]: 126.176872 114.198883
[2]: 127.618294 130.096924
[2]: 128.889343 122.856323
[2]: 129.989761 141.394409
[2]: 128.018448 131.694214
[2]: 125.961540 125.654327
[2]: 131.040817 135.343277
[2]: 128.726456 68.268845
[2]: 130.296188 129.859833
[2]: 126.788475 117.726288
[2]: 129.571365 129.149658
[2]: 128.524979 144.983566
[2]: 129.965744 140.783249
[2]: 129.025787 136.607025
[2]: 125.312920 122.202629
[2]: 127.770561 115.770721
[2]: 126.042328 127.232552
[2]: 128.274139 141.488953
[2]: 124.923347 117.123810
[2]: 191.840195 187.028641
[2]: 126.418060 115.487915
[2]: 84.731644 115.701958
[2]: 127.785919 126.823853
[2]: 126.967842 119.795769
[1]: 86.759132 124.435265
[1]: 128.492111 126.022057
[1]: 136.986115 136.218262
[1]: 182.681824 195.582352
[1]: 137.515656 128.496063
[1]: 126.215874 127.885963
[1]: 127.725578 126.182396
[1]: 133.199188 126.707695
[1]: 130.983398 139.348587
[1]: 128.011368 128.695145
[1]: 116.713394 120.969055
[1]: 124.176361 129.116302
[1]: 133.290573 129.162750
[1]: 138.017593 133.181931
[1]: 132.129990 133.151993
[1]: 120.717369 118.258011
[1]: 142.431671 134.611816
[1]: 193.183044 191.817841
[1]: 138.102295 132.786499
[1]: 122.881371 122.490532
[1]: 126.345963 125.744560
[1]: 130.994324 135.743011
[1]: 139.655396 140.021667
[1]: 138.118713 134.113419
[1]: 124.448174 129.365189
[1]: 118.250786 119.186768
[1]: 120.911774 122.164551
[1]: 133.353989 136.165558
[1]: 124.233742 127.482735
[1]: 122.634369 131.550781
[1]: 125.759857 119.676590
[1]: 158.995667 117.413986
[1]: 130.030045 126.122925
[1]: 122.570137 130.843796
[0]: 82.265930 124.891190
[0]: 122.600990 117.632103
[0]: 115.389305 117.247887
[0]: 133.556885 91.521843
[0]: 104.097023 115.437042
[0]: 125.285339 129.795883
[0]: 124.585335 121.578682
[0]: 106.253143 123.861870
[0]: 116.004517 103.972305
[0]: 118.176407 121.032570
[0]: 148.553253 151.454742
[0]: 135.055679 124.158813
[0]: 124.615768 131.248230
[0]: 93.422935 105.238052
[0]: 118.768250 117.011108
[0]: 131.971222 130.063766
[0]: 99.686661 116.268654
[0]: 135.846420 155.970764
[0]: 108.043663 124.307205
[0]: 131.803864 141.321823
[0]: 119.703415 127.129501
[0]: 112.229546 105.662453
[0]: 99.939140 105.882210
[0]: 100.171227 112.333275
[0]: 134.636932 126.447815
[0]: 152.807724 147.295670
[0]: 138.974869 128.576889
[0]: 116.970451 112.386185
[0]: 143.163940 138.924698
[0]: 138.108154 185.904358
[0]: 135.984131 143.981277
[0]: 184.416214 146.401062
[0]: 118.030212 127.767845
[0]: 148.762512 137.356873
