[4]: 89.284088 132.432159
[4]: 127.032486 126.836334
[4]: 125.260345 117.904129
[4]: 173.692307 173.930054
[4]: 130.101105 124.594322
[4]: 128.769806 126.765602
[4]: 126.412445 122.387993
[4]: 127.986450 126.389420
[4]: 131.103439 111.252876
[4]: 127.126602 123.659187
[4]: 127.936775 133.923080
[4]: 129.838730 128.397034
[4]: 127.033073 127.930695
[4]: 127.867859 122.162163
[4]: 125.933273 123.592026
[4]: 134.202942 132.753708
[4]: 124.384468 118.670052
[4]: 61.425991 67.263580
[4]: 123.687935 125.855522
[4]: 126.625290 131.628586
[4]: 130.668121 130.921097
[4]: 129.524033 113.843704
[4]: 128.025635 117.078583
[4]: 129.493149 123.219727
[4]: 126.429924 128.845459
[4]: 128.794724 137.093811
[4]: 127.193909 133.075012
[4]: 126.819786 118.086906
[4]: 123.898750 129.906662
[4]: 126.148750 74.227898
[4]: 124.351547 133.324158
[4]: 171.342072 140.945679
[4]: 130.866547 131.868683
[4]: 127.406174 128.115768
[3]: 171.005005 129.667557
[3]: 126.963936 129.926086
[3]: 125.103622 127.448074
[3]: 87.222404 60.540619
[3]: 128.905945 131.771637
[3]: 125.696793 126.479179
[3]: 129.392105 135.141663
[3]: 129.790405 130.633560
[3]: 125.593903 135.352875
[3]: 123.631439 125.978561
[3]: 124.599792 119.108917
[3]: 125.691788 127.657806
[3]: 128.693115 128.203644
[3]: 127.356789 132.660767
[3]: 127.774361 129.234131
[3]: 133.676620 131.750046
[3]: 129.115402 132.714172
[3]: 130.766266 155.685638
[3]: 127.013985 124.603302
[3]: 130.951569 122.442459
[3]: 127.037827 124.990410
[3]: 128.302628 136.959061
[3]: 128.693558 132.554504
[3]: 128.550186 128.384995
[3]: 128.185745 129.326920
[3]: 125.501915 120.673088
[3]: 127.343834 128.321609
[3]: 126.811455 128.891006
[3]: 130.366943 125.635117
[3]: 59.212540 64.354279
[3]: 128.351776 128.957504
[3]: 83.530472 117.774368
[3]: 127.203415 124.986511
[3]: 127.194435 121.671371
[2]: 167.127243 127.894775
[2]: 127.581184 136.264862
[2]: 132.837463 137.254089
[2]: 93.381546 113.327965
[2]: 133.593506 139.689117
[2]: 130.915283 126.364342
[2]: 127.937614 130.981094
[2]: 127.183220 128.233978
[2]: 136.794128 143.741364
[2]: 127.587425 136.178146
[2]: 117.306023 114.198883
[2]: 128.624039 130.096924
[2]: 136.642090 122.856323
[2]: 137.073883 141.394409
[2]: 133.390244 131.694214
[2]: 126.344933 125.654327
[2]: 142.779510 135.343277
[2]: 113.669182 68.268845
[2]: 125.048271 129.859833
[2]: 113.856346 117.726288
[2]: 129.052704 129.149658
[2]: 132.904282 144.983566
[2]: 142.125931 140.783249
[2]: 130.273193 136.607025
[2]: 120.750618 122.202629
[2]: 125.186012 115.770721
[2]: 128.252670 127.232552
[2]: 135.670654 141.488953
[2]: 120.622391 117.123810
[2]: 185.407974 187.028641
[2]: 126.533577 115.487915
[2]: 73.616814 115.701958
[2]: 129.531937 126.823853
[2]: 129.603836 119.795769
[1]: 85.625793 124.435265
[1]: 124.879173 126.022057
[1]: 132.483307 136.218262
[1]: 181.562607 195.582352
[1]: 129.744827 128.496063
[1]: 126.304512 127.885963
[1]: 128.669754 126.182396
[1]: 126.251427 126.707695
[1]: 130.976715 139.348587
[1]: 124.837158 128.695145
[1]: 116.379906 120.969055
[1]: 123.719917 129.116302
[1]: 132.520599 129.162750
[1]: 136.262497 133.181931
[1]: 133.437546 133.151993
[1]: 123.875099 118.258011
[1]: 143.557724 134.611816
[1]: 188.528259 191.817841
[1]: 131.621078 132.786499
[1]: 118.271294 122.490532
[1]: 125.525482 125.744560
[1]: 130.253052 135.743011
[1]: 139.591766 140.021667
[1]: 128.452530 134.113419
[1]: 128.688156 129.365189
[1]: 123.490311 119.186768
[1]: 128.674164 122.164551
[1]: 135.338058 136.165558
[1]: 129.333984 127.482735
[1]: 112.225533 131.550781
[1]: 129.997559 119.676590
[1]: 159.729691 117.413986
[1]: 125.111870 126.122925
[1]: 128.781799 130.843796
[0]: 127.311897 124.891190
[0]: 134.267105 117.632103
[0]: 116.852776 117.247887
[0]: 90.175468 91.521843
[0]: 114.261826 115.437042
[0]: 123.458885 129.795883
[0]: 124.468765 121.578682
[0]: 122.254021 123.861870
[0]: 102.974045 103.972305
[0]: 136.264359 121.032570
[0]: 158.308228 151.454742
[0]: 133.934082 124.158813
[0]: 112.900780 131.248230
[0]: 101.078087 105.238052
[0]: 111.818558 117.011108
[0]: 112.855537 130.063766
[0]: 89.660545 116.268654
[0]: 161.811203 155.970764
[0]: 129.868622 124.307205
[0]: 150.342209 141.321823
[0]: 126.103127 127.129501
[0]: 113.655029 105.662453
[0]: 86.911804 105.882210
[0]: 119.265503 112.333275
[0]: 133.960724 126.447815
[0]: 139.051224 147.295670
[0]: 127.421219 128.576889
[0]: 107.284569 112.386185
[0]: 135.491043 138.924698
[0]: 175.265732 185.904358
[0]: 128.857147 143.981277
[0]: 154.898254 146.401062
[0]: 122.998848 127.767845
[0]: 122.255394 137.356873
