[4]: 133.324722 132.432159
[4]: 128.826752 126.836334
[4]: 123.399780 117.904129
[4]: 138.097214 173.930054
[4]: 127.818779 124.594322
[4]: 126.917656 126.765602
[4]: 127.797142 122.387993
[4]: 128.731705 126.389420
[4]: 124.876488 111.252876
[4]: 126.427612 123.659187
[4]: 121.781311 133.923080
[4]: 128.020996 128.397034
[4]: 126.947845 127.930695
[4]: 127.507790 122.162163
[4]: 130.985504 123.592026
[4]: 129.533127 132.753708
[4]: 122.760117 118.670052
[4]: 67.812012 67.263580
[4]: 126.609917 125.855522
[4]: 128.876999 131.628586
[4]: 126.878273 130.921097
[4]: 128.378143 113.843704
[4]: 125.853508 117.078583
[4]: 126.160797 123.219727
[4]: 128.804611 128.845459
[4]: 128.374634 137.093811
[4]: 131.428253 133.075012
[4]: 124.689644 118.086906
[4]: 127.187027 129.906662
[4]: 58.644325 74.227898
[4]: 128.372147 133.324158
[4]: 128.908981 140.945679
[4]: 128.509445 131.868683
[4]: 127.204582 128.115768
[3]: 128.678955 129.667557
[3]: 126.552177 129.926086
[3]: 128.069839 127.448074
[3]: 58.796154 60.540619
[3]: 130.919800 131.771637
[3]: 129.370117 126.479179
[3]: 127.471848 135.141663
[3]: 129.701828 130.633560
[3]: 128.320206 135.352875
[3]: 123.912132 125.978561
[3]: 127.009521 119.108917
[3]: 127.137901 127.657806
[3]: 126.649818 128.203644
[3]: 125.383537 132.660767
[3]: 125.754105 129.234131
[3]: 128.843948 131.750046
[3]: 128.054504 132.714172
[3]: 189.072403 155.685638
[3]: 126.125885 124.603302
[3]: 130.050797 122.442459
[3]: 126.996552 124.990410
[3]: 129.465271 136.959061
[3]: 126.326347 132.554504
[3]: 129.571732 128.384995
[3]: 129.164230 129.326920
[3]: 129.656342 120.673088
[3]: 125.058281 128.321609
[3]: 126.673012 128.891006
[3]: 129.103775 125.635117
[3]: 116.872200 64.354279
[3]: 130.541122 128.957504
[3]: 125.986130 117.774368
[3]: 127.382324 124.986511
[3]: 126.640297 121.671371
[2]: 122.696777 127.894775
[2]: 128.385605 136.264862
[2]: 127.461357 137.254089
[2]: 115.379173 113.327965
[2]: 127.743462 139.689117
[2]: 127.319702 126.364342
[2]: 126.664078 130.981094
[2]: 126.210098 128.233978
[2]: 126.816803 143.741364
[2]: 133.124298 136.178146
[2]: 132.606323 114.198883
[2]: 128.202652 130.096924
[2]: 129.829025 122.856323
[2]: 127.289803 141.394409
[2]: 122.901848 131.694214
[2]: 128.292725 125.654327
[2]: 129.807449 135.343277
[2]: 69.380257 68.268845
[2]: 127.165512 129.859833
[2]: 124.159019 117.726288
[2]: 131.457611 129.149658
[2]: 124.642456 144.983566
[2]: 128.231033 140.783249
[2]: 125.381844 136.607025
[2]: 122.834618 122.202629
[2]: 126.393867 115.770721
[2]: 126.722984 127.232552
[2]: 127.822975 141.488953
[2]: 126.486549 117.123810
[2]: 196.511230 187.028641
[2]: 128.312759 115.487915
[2]: 130.503281 115.701958
[2]: 126.247887 126.823853
[2]: 124.900070 119.795769
[1]: 126.913025 124.435265
[1]: 126.099007 126.022057
[1]: 130.631073 136.218262
[1]: 198.714691 195.582352
[1]: 126.222908 128.496063
[1]: 126.071716 127.885963
[1]: 127.495476 126.182396
[1]: 124.213982 126.707695
[1]: 128.481247 139.348587
[1]: 125.238426 128.695145
[1]: 128.799606 120.969055
[1]: 128.404938 129.116302
[1]: 127.937790 129.162750
[1]: 128.909531 133.181931
[1]: 128.815186 133.151993
[1]: 123.860130 118.258011
[1]: 130.279495 134.611816
[1]: 185.883606 191.817841
[1]: 130.271790 132.786499
[1]: 124.470573 122.490532
[1]: 124.924988 125.744560
[1]: 128.724976 135.743011
[1]: 130.106827 140.021667
[1]: 127.551476 134.113419
[1]: 128.306976 129.365189
[1]: 126.289513 119.186768
[1]: 128.180801 122.164551
[1]: 131.427124 136.165558
[1]: 127.858253 127.482735
[1]: 137.833160 131.550781
[1]: 124.912575 119.676590
[1]: 123.818352 117.413986
[1]: 127.859482 126.122925
[1]: 130.966309 130.843796
[0]: 0.001334 124.891190
[0]: 0.001264 117.632103
[0]: 0.001251 117.247887
[0]: 0.000997 91.521843
[0]: 0.001268 115.437042
[0]: 0.001369 129.795883
[0]: 0.001297 121.578682
[0]: 0.001318 123.861870
[0]: 0.001147 103.972305
[0]: 0.001232 121.032570
[0]: 0.001638 151.454742
[0]: 0.001362 124.158813
[0]: 0.001404 131.248230
[0]: 0.001122 105.238052
[0]: 0.001213 117.011108
[0]: 0.001382 130.063766
[0]: 0.001218 116.268654
[0]: 0.001640 155.970764
[0]: 0.001318 124.307205
[0]: 0.001479 141.321823
[0]: 0.001302 127.129501
[0]: 0.001051 105.662453
[0]: 0.001131 105.882210
[0]: 0.001130 112.333275
[0]: 0.001316 126.447815
[0]: 0.001554 147.295670
[0]: 0.001423 128.576889
[0]: 0.001261 112.386185
[0]: 0.001530 138.924698
[0]: 0.001969 185.904358
[0]: 0.001521 143.981277
[0]: 0.001538 146.401062
[0]: 0.001314 127.767845
[0]: 0.001502 137.356873
