[4]: 132.432159 132.855942
[4]: 126.836334 126.605148
[4]: 117.904129 117.958160
[4]: 173.930054 174.024567
[4]: 124.594322 124.547226
[4]: 126.765602 126.622108
[4]: 122.387993 122.406494
[4]: 126.389420 126.554436
[4]: 111.252876 111.495010
[4]: 123.659187 123.729713
[4]: 133.923080 133.793579
[4]: 128.397034 128.736298
[4]: 127.930695 127.792786
[4]: 122.162163 122.161888
[4]: 123.592026 123.650711
[4]: 132.753708 132.380585
[4]: 118.670052 118.225990
[4]: 67.263580 67.237083
[4]: 125.855522 125.866325
[4]: 131.628586 132.156662
[4]: 130.921097 130.855072
[4]: 113.843704 113.786057
[4]: 117.078583 117.331223
[4]: 123.219727 123.119576
[4]: 128.845459 128.763870
[4]: 137.093811 136.786774
[4]: 133.075012 133.157684
[4]: 118.086906 118.143188
[4]: 129.906662 129.772110
[4]: 74.227898 74.325989
[4]: 133.324158 133.219101
[4]: 140.945679 141.246201
[4]: 131.868683 131.977173
[4]: 128.115768 127.849365
[3]: 129.667557 129.432526
[3]: 129.926086 129.901276
[3]: 127.448074 127.145470
[3]: 60.540619 60.668770
[3]: 131.771637 131.543640
[3]: 126.479179 126.927071
[3]: 135.141663 135.200638
[3]: 130.633560 130.580643
[3]: 135.352875 135.296951
[3]: 125.978561 125.388580
[3]: 119.108917 119.120071
[3]: 127.657806 127.612206
[3]: 128.203644 128.070282
[3]: 132.660767 132.668777
[3]: 129.234131 128.898636
[3]: 131.750046 131.935165
[3]: 132.714172 132.703445
[3]: 155.685638 155.702042
[3]: 124.603302 124.381798
[3]: 122.442459 122.306221
[3]: 124.990410 125.422707
[3]: 136.959061 137.112976
[3]: 132.554504 132.364655
[3]: 128.384995 128.739990
[3]: 129.326920 129.319931
[3]: 120.673088 120.816269
[3]: 128.321609 128.343857
[3]: 128.891006 129.005844
[3]: 125.635117 125.642670
[3]: 64.354279 64.242874
[3]: 128.957504 128.733047
[3]: 117.774368 117.539658
[3]: 124.986511 124.951065
[3]: 121.671371 122.042778
[2]: 127.894775 127.709190
[2]: 136.264862 136.459625
[2]: 137.254089 137.322418
[2]: 113.327965 113.082420
[2]: 139.689117 139.649231
[2]: 126.364342 126.869484
[2]: 130.981094 131.100647
[2]: 128.233978 127.854118
[2]: 143.741364 143.221848
[2]: 136.178146 136.258163
[2]: 114.198883 114.620483
[2]: 130.096924 129.647720
[2]: 122.856323 122.755295
[2]: 141.394409 141.123825
[2]: 131.694214 131.967987
[2]: 125.654327 125.426979
[2]: 135.343277 135.423157
[2]: 68.268845 68.324173
[2]: 129.859833 129.804672
[2]: 117.726288 117.460106
[2]: 129.149658 129.585770
[2]: 144.983566 145.081787
[2]: 140.783249 141.008759
[2]: 136.607025 136.510590
[2]: 122.202629 122.125420
[2]: 115.770721 115.807533
[2]: 127.232552 126.715637
[2]: 141.488953 141.401978
[2]: 117.123810 117.359612
[2]: 187.028641 187.101288
[2]: 115.487915 115.455490
[2]: 115.701958 116.086159
[2]: 126.823853 126.513939
[2]: 119.795769 120.015686
[1]: 124.435265 124.122940
[1]: 126.022057 126.335205
[1]: 136.218262 136.481476
[1]: 195.582352 195.664719
[1]: 128.496063 128.854980
[1]: 127.885963 127.543022
[1]: 126.182396 126.142990
[1]: 126.707695 126.721428
[1]: 139.348587 139.358536
[1]: 128.695145 128.951172
[1]: 120.969055 120.922768
[1]: 129.116302 128.871521
[1]: 129.162750 129.079727
[1]: 133.181931 133.354233
[1]: 133.151993 133.278107
[1]: 118.258011 118.529137
[1]: 134.611816 134.994064
[1]: 191.817841 191.694275
[1]: 132.786499 133.102036
[1]: 122.490532 122.229973
[1]: 125.744560 125.296669
[1]: 135.743011 135.918091
[1]: 140.021667 139.822998
[1]: 134.113419 134.155869
[1]: 129.365189 129.394333
[1]: 119.186768 119.392624
[1]: 122.164551 122.192993
[1]: 136.165558 136.021835
[1]: 127.482735 127.608704
[1]: 131.550781 131.666428
[1]: 119.676590 120.087296
[1]: 117.413986 117.406586
[1]: 126.122925 126.177864
[1]: 130.843796 130.807159
[0]: 124.891190 125.218788
[0]: 117.632103 117.310738
[0]: 117.247887 117.128891
[0]: 91.521843 91.456337
[0]: 115.437042 115.332504
[0]: 129.795883 129.301315
[0]: 121.578682 121.383926
[0]: 123.861870 124.122543
[0]: 103.972305 104.244919
[0]: 121.032570 121.209099
[0]: 151.454742 151.262665
[0]: 124.158813 124.581284
[0]: 131.248230 131.763397
[0]: 105.238052 105.252289
[0]: 117.011108 116.854912
[0]: 130.063766 130.205841
[0]: 116.268654 116.219810
[0]: 155.970764 156.329758
[0]: 124.307205 124.246811
[0]: 141.321823 141.524033
[0]: 127.129501 126.741539
[0]: 105.662453 105.177994
[0]: 105.882210 105.726883
[0]: 112.333275 112.059731
[0]: 126.447815 126.601852
[0]: 147.295670 147.268661
[0]: 128.576889 128.981918
[0]: 112.386185 112.397804
[0]: 138.924698 138.718994
[0]: 185.904358 185.836227
[0]: 143.981277 143.979340
[0]: 146.401062 145.988342
[0]: 127.767845 127.961868
[0]: 137.356873 137.086975
