[4]: 132.405991 132.432159
[4]: 126.815475 126.836334
[4]: 117.935799 117.904129
[4]: 173.942368 173.930054
[4]: 124.598129 124.594322
[4]: 126.796768 126.765602
[4]: 122.436035 122.387993
[4]: 126.377296 126.389420
[4]: 111.315392 111.252876
[4]: 123.668678 123.659187
[4]: 133.894257 133.923080
[4]: 128.400284 128.397034
[4]: 127.894501 127.930695
[4]: 122.128014 122.162163
[4]: 123.545494 123.592026
[4]: 132.729309 132.753708
[4]: 118.670975 118.670052
[4]: 67.266960 67.263580
[4]: 125.921768 125.855522
[4]: 131.662964 131.628586
[4]: 130.904877 130.921097
[4]: 113.793358 113.843704
[4]: 117.086082 117.078583
[4]: 123.265297 123.219727
[4]: 128.853439 128.845459
[4]: 137.065628 137.093811
[4]: 133.078400 133.075012
[4]: 118.076805 118.086906
[4]: 129.867157 129.906662
[4]: 74.230186 74.227898
[4]: 133.269730 133.324158
[4]: 140.936264 140.945679
[4]: 131.894104 131.868683
[4]: 128.082199 128.115768
[3]: 129.707260 129.667557
[3]: 129.996887 129.926086
[3]: 127.442528 127.448074
[3]: 60.554897 60.540619
[3]: 131.802643 131.771637
[3]: 126.465691 126.479179
[3]: 135.093811 135.141663
[3]: 130.660629 130.633560
[3]: 135.334610 135.352875
[3]: 125.963737 125.978561
[3]: 119.096382 119.108917
[3]: 127.663132 127.657806
[3]: 128.198059 128.203644
[3]: 132.618301 132.660767
[3]: 129.209991 129.234131
[3]: 131.753204 131.750046
[3]: 132.780182 132.714172
[3]: 155.705704 155.685638
[3]: 124.610260 124.603302
[3]: 122.419289 122.442459
[3]: 125.015366 124.990410
[3]: 136.965927 136.959061
[3]: 132.547028 132.554504
[3]: 128.318542 128.384995
[3]: 129.350906 129.326920
[3]: 120.655647 120.673088
[3]: 128.303802 128.321609
[3]: 128.917572 128.891006
[3]: 125.729729 125.635117
[3]: 64.333359 64.354279
[3]: 128.944244 128.957504
[3]: 117.807396 117.774368
[3]: 124.926468 124.986511
[3]: 121.678024 121.671371
[2]: 127.889969 127.894775
[2]: 136.199707 136.264862
[2]: 137.300171 137.254089
[2]: 113.283813 113.327965
[2]: 139.670944 139.689117
[2]: 126.353226 126.364342
[2]: 131.010529 130.981094
[2]: 128.255646 128.233978
[2]: 143.740997 143.741364
[2]: 136.123276 136.178146
[2]: 114.173462 114.198883
[2]: 130.116730 130.096924
[2]: 122.900505 122.856323
[2]: 141.414978 141.394409
[2]: 131.711487 131.694214
[2]: 125.697121 125.654327
[2]: 135.366318 135.343277
[2]: 68.267212 68.268845
[2]: 129.890213 129.859833
[2]: 117.723770 117.726288
[2]: 129.163483 129.149658
[2]: 145.003113 144.983566
[2]: 140.795975 140.783249
[2]: 136.609833 136.607025
[2]: 122.169075 122.202629
[2]: 115.851830 115.770721
[2]: 127.249664 127.232552
[2]: 141.484634 141.488953
[2]: 117.096306 117.123810
[2]: 187.026962 187.028641
[2]: 115.556610 115.487915
[2]: 115.655388 115.701958
[2]: 126.838425 126.823853
[2]: 119.849998 119.795769
[1]: 124.442299 124.435265
[1]: 126.035950 126.022057
[1]: 136.196823 136.218262
[1]: 195.581253 195.582352
[1]: 128.531342 128.496063
[1]: 127.854027 127.885963
[1]: 126.149254 126.182396
[1]: 126.691826 126.707695
[1]: 139.337021 139.348587
[1]: 128.721375 128.695145
[1]: 120.981674 120.969055
[1]: 129.146912 129.116302
[1]: 129.184570 129.162750
[1]: 133.220764 133.181931
[1]: 133.177170 133.151993
[1]: 118.258347 118.258011
[1]: 134.583435 134.611816
[1]: 191.831955 191.817841
[1]: 132.747116 132.786499
[1]: 122.473412 122.490532
[1]: 125.681770 125.744560
[1]: 135.790634 135.743011
[1]: 139.996262 140.021667
[1]: 134.104263 134.113419
[1]: 129.354965 129.365189
[1]: 119.167885 119.186768
[1]: 122.148003 122.164551
[1]: 136.230042 136.165558
[1]: 127.510605 127.482735
[1]: 131.572906 131.550781
[1]: 119.701187 119.676590
[1]: 117.395897 117.413986
[1]: 126.071976 126.122925
[1]: 130.802399 130.843796
[0]: 124.871231 124.891190
[0]: 117.636505 117.632103
[0]: 117.206955 117.247887
[0]: 91.549088 91.521843
[0]: 115.388359 115.437042
[0]: 129.823288 129.795883
[0]: 121.589676 121.578682
[0]: 123.841492 123.861870
[0]: 103.962143 103.972305
[0]: 121.074165 121.032570
[0]: 151.495514 151.454742
[0]: 124.096642 124.158813
[0]: 131.220718 131.248230
[0]: 105.272408 105.238052
[0]: 117.050331 117.011108
[0]: 130.033752 130.063766
[0]: 116.214645 116.268654
[0]: 155.969574 155.970764
[0]: 124.242760 124.307205
[0]: 141.320435 141.321823
[0]: 127.171410 127.129501
[0]: 105.657524 105.662453
[0]: 105.916862 105.882210
[0]: 112.375542 112.333275
[0]: 126.460052 126.447815
[0]: 147.261383 147.295670
[0]: 128.587631 128.576889
[0]: 112.317436 112.386185
[0]: 138.855515 138.924698
[0]: 185.906265 185.904358
[0]: 143.940704 143.981277
[0]: 146.424500 146.401062
[0]: 127.843376 127.767845
[0]: 137.368546 137.356873
