[4]: 101.880249 132.432159
[4]: 133.532303 126.836334
[4]: 125.145393 117.904129
[4]: 194.231339 173.930054
[4]: 134.516678 124.594322
[4]: 128.755569 126.765602
[4]: 124.911499 122.387993
[4]: 131.962692 126.389420
[4]: 131.778137 111.252876
[4]: 132.618439 123.659187
[4]: 125.479454 133.923080
[4]: 125.828362 128.397034
[4]: 124.197632 127.930695
[4]: 135.511948 122.162163
[4]: 123.773575 123.592026
[4]: 130.372162 132.753708
[4]: 127.754349 118.670052
[4]: 60.082966 67.263580
[4]: 127.756279 125.855522
[4]: 126.743721 131.628586
[4]: 132.799561 130.921097
[4]: 132.528793 113.843704
[4]: 129.983673 117.078583
[4]: 135.329239 123.219727
[4]: 126.866020 128.845459
[4]: 122.195786 137.093811
[4]: 129.159958 133.075012
[4]: 128.981567 118.086906
[4]: 121.531609 129.906662
[4]: 126.852066 74.227898
[4]: 126.247147 133.324158
[4]: 162.138275 140.945679
[4]: 127.752762 131.868683
[4]: 122.227654 128.115768
[3]: 170.623672 129.667557
[3]: 126.321053 129.926086
[3]: 124.936852 127.448074
[3]: 86.534744 60.540619
[3]: 128.894363 131.771637
[3]: 126.808128 126.479179
[3]: 128.198532 135.141663
[3]: 128.047729 130.633560
[3]: 127.229683 135.352875
[3]: 125.127449 125.978561
[3]: 126.360527 119.108917
[3]: 128.621368 127.657806
[3]: 127.441078 128.203644
[3]: 126.953613 132.660767
[3]: 127.149200 129.234131
[3]: 129.611588 131.750046
[3]: 126.653809 132.714172
[3]: 127.279396 155.685638
[3]: 126.362511 124.603302
[3]: 126.521240 122.442459
[3]: 126.623863 124.990410
[3]: 127.566536 136.959061
[3]: 126.803650 132.554504
[3]: 126.797630 128.384995
[3]: 127.811325 129.326920
[3]: 125.765961 120.673088
[3]: 128.961166 128.321609
[3]: 127.022141 128.891006
[3]: 128.775055 125.635117
[3]: 63.271530 64.354279
[3]: 128.949387 128.957504
[3]: 83.837044 117.774368
[3]: 127.729240 124.986511
[3]: 126.024696 121.671371
[2]: 169.283035 127.894775
[2]: 128.888977 136.264862
[2]: 128.919846 137.254089
[2]: 83.080536 113.327965
[2]: 127.923325 139.689117
[2]: 128.559372 126.364342
[2]: 127.109932 130.981094
[2]: 127.733246 128.233978
[2]: 127.024254 143.741364
[2]: 129.328384 136.178146
[2]: 127.305931 114.198883
[2]: 127.810753 130.096924
[2]: 128.561295 122.856323
[2]: 128.437866 141.394409
[2]: 127.410141 131.694214
[2]: 126.395020 125.654327
[2]: 129.037247 135.343277
[2]: 129.183578 68.268845
[2]: 128.929108 129.859833
[2]: 126.808823 117.726288
[2]: 129.288757 129.149658
[2]: 127.729317 144.983566
[2]: 128.501282 140.783249
[2]: 127.936256 136.607025
[2]: 126.192207 122.202629
[2]: 128.833405 115.770721
[2]: 126.606522 127.232552
[2]: 127.687958 141.488953
[2]: 126.383636 117.123810
[2]: 191.691177 187.028641
[2]: 127.024895 115.487915
[2]: 85.953621 115.701958
[2]: 127.380035 126.823853
[2]: 127.845039 119.795769
[1]: 93.906998 124.435265
[1]: 128.922806 126.022057
[1]: 134.994904 136.218262
[1]: 195.942642 195.582352
[1]: 131.567764 128.496063
[1]: 126.681496 127.885963
[1]: 127.952919 126.182396
[1]: 131.448135 126.707695
[1]: 131.655319 139.348587
[1]: 129.331284 128.695145
[1]: 120.086037 120.969055
[1]: 124.033325 129.116302
[1]: 131.233536 129.162750
[1]: 132.013306 133.181931
[1]: 128.808624 133.151993
[1]: 122.953720 118.258011
[1]: 137.338425 134.611816
[1]: 193.837311 191.817841
[1]: 131.938980 132.786499
[1]: 121.094879 122.490532
[1]: 126.984543 125.744560
[1]: 127.914856 135.743011
[1]: 133.859650 140.021667
[1]: 136.229431 134.113419
[1]: 128.643707 129.365189
[1]: 123.545250 119.186768
[1]: 124.199593 122.164551
[1]: 130.053162 136.165558
[1]: 125.232376 127.482735
[1]: 123.918785 131.550781
[1]: 125.581253 119.676590
[1]: 152.547577 117.413986
[1]: 127.312157 126.122925
[1]: 126.010635 130.843796
[0]: 55.350876 124.891190
[0]: 117.250656 117.632103
[0]: 122.170235 117.247887
[0]: 105.336121 91.521843
[0]: 114.774170 115.437042
[0]: 125.718338 129.795883
[0]: 128.708389 121.578682
[0]: 113.251114 123.861870
[0]: 115.207527 103.972305
[0]: 117.245163 121.032570
[0]: 142.364944 151.454742
[0]: 134.709763 124.158813
[0]: 127.691795 131.248230
[0]: 108.930099 105.238052
[0]: 128.645126 117.011108
[0]: 128.804718 130.063766
[0]: 114.914429 116.268654
[0]: 129.817749 155.970764
[0]: 121.220917 124.307205
[0]: 135.333023 141.321823
[0]: 120.186478 127.129501
[0]: 122.009155 105.662453
[0]: 116.458870 105.882210
[0]: 104.190254 112.333275
[0]: 126.985245 126.447815
[0]: 141.502121 147.295670
[0]: 131.015442 128.576889
[0]: 123.831367 112.386185
[0]: 139.007782 138.924698
[0]: 133.580490 185.904358
[0]: 133.734695 143.981277
[0]: 200.959381 146.401062
[0]: 127.197121 127.767845
[0]: 137.689392 137.356873
