[4]: 135.560242 132.432159
[4]: 126.826126 126.836334
[4]: 116.626083 117.904129
[4]: 173.631241 173.930054
[4]: 127.132942 124.594322
[4]: 126.106369 126.765602
[4]: 121.559929 122.387993
[4]: 128.343063 126.389420
[4]: 111.657013 111.252876
[4]: 123.799637 123.659187
[4]: 134.544144 133.923080
[4]: 129.478378 128.397034
[4]: 127.768379 127.930695
[4]: 122.458397 122.162163
[4]: 124.149200 123.592026
[4]: 133.544540 132.753708
[4]: 120.070282 118.670052
[4]: 67.262871 67.263580
[4]: 126.246849 125.855522
[4]: 132.146347 131.628586
[4]: 130.098206 130.921097
[4]: 112.011978 113.843704
[4]: 117.504723 117.078583
[4]: 121.068451 123.219727
[4]: 127.280556 128.845459
[4]: 136.672485 137.093811
[4]: 134.757278 133.075012
[4]: 117.745461 118.086906
[4]: 129.948364 129.906662
[4]: 74.235580 74.227898
[4]: 134.765610 133.324158
[4]: 137.345688 140.945679
[4]: 131.696442 131.868683
[4]: 128.027451 128.115768
[3]: 125.708664 129.667557
[3]: 129.636978 129.926086
[3]: 126.838326 127.448074
[3]: 60.696301 60.540619
[3]: 131.105881 131.771637
[3]: 126.826279 126.479179
[3]: 134.774323 135.141663
[3]: 128.412552 130.633560
[3]: 135.760071 135.352875
[3]: 125.012520 125.978561
[3]: 117.640038 119.108917
[3]: 125.581108 127.657806
[3]: 128.426239 128.203644
[3]: 131.641525 132.660767
[3]: 128.839111 129.234131
[3]: 131.426407 131.750046
[3]: 131.987946 132.714172
[3]: 156.866180 155.685638
[3]: 123.605446 124.603302
[3]: 122.063385 122.442459
[3]: 125.986305 124.990410
[3]: 139.251343 136.959061
[3]: 131.083099 132.554504
[3]: 130.904694 128.384995
[3]: 129.948517 129.326920
[3]: 120.576805 120.673088
[3]: 127.036308 128.321609
[3]: 129.010880 128.891006
[3]: 126.165039 125.635117
[3]: 64.411537 64.354279
[3]: 128.553726 128.957504
[3]: 121.751701 117.774368
[3]: 125.851631 124.986511
[3]: 122.142029 121.671371
[2]: 125.197777 127.894775
[2]: 135.543854 136.264862
[2]: 137.845840 137.254089
[2]: 111.488556 113.327965
[2]: 139.999435 139.689117
[2]: 126.707939 126.364342
[2]: 130.524811 130.981094
[2]: 126.759727 128.233978
[2]: 142.493362 143.741364
[2]: 136.579071 136.178146
[2]: 114.928123 114.198883
[2]: 127.727951 130.096924
[2]: 123.321831 122.856323
[2]: 140.582672 141.394409
[2]: 131.969513 131.694214
[2]: 125.646873 125.654327
[2]: 135.583237 135.343277
[2]: 67.652077 68.268845
[2]: 130.279892 129.859833
[2]: 117.192894 117.726288
[2]: 131.212738 129.149658
[2]: 145.597000 144.983566
[2]: 142.357056 140.783249
[2]: 138.752365 136.607025
[2]: 124.356972 122.202629
[2]: 116.083557 115.770721
[2]: 125.646393 127.232552
[2]: 141.534500 141.488953
[2]: 116.371696 117.123810
[2]: 185.891312 187.028641
[2]: 114.204262 115.487915
[2]: 119.090446 115.701958
[2]: 126.179527 126.823853
[2]: 121.180565 119.795769
[1]: 125.536392 124.435265
[1]: 126.732117 126.022057
[1]: 136.860550 136.218262
[1]: 196.080765 195.582352
[1]: 126.743660 128.496063
[1]: 128.055496 127.885963
[1]: 127.148903 126.182396
[1]: 126.738007 126.707695
[1]: 138.701340 139.348587
[1]: 129.089294 128.695145
[1]: 120.533600 120.969055
[1]: 130.666611 129.116302
[1]: 129.370819 129.162750
[1]: 133.551743 133.181931
[1]: 133.535934 133.151993
[1]: 117.604530 118.258011
[1]: 134.479187 134.611816
[1]: 190.589722 191.817841
[1]: 132.560883 132.786499
[1]: 123.459343 122.490532
[1]: 126.482445 125.744560
[1]: 137.118439 135.743011
[1]: 139.597168 140.021667
[1]: 134.249130 134.113419
[1]: 130.127197 129.365189
[1]: 119.873573 119.186768
[1]: 121.266800 122.164551
[1]: 135.475693 136.165558
[1]: 127.123245 127.482735
[1]: 132.107040 131.550781
[1]: 119.242538 119.676590
[1]: 116.723740 117.413986
[1]: 125.484383 126.122925
[1]: 129.162155 130.843796
[0]: 127.541260 124.891190
[0]: 118.011436 117.632103
[0]: 117.944275 117.247887
[0]: 92.426743 91.521843
[0]: 115.103592 115.437042
[0]: 129.559006 129.795883
[0]: 122.351822 121.578682
[0]: 125.746307 123.861870
[0]: 105.186707 103.972305
[0]: 121.100182 121.032570
[0]: 152.011520 151.454742
[0]: 126.084816 124.158813
[0]: 130.424866 131.248230
[0]: 106.559692 105.238052
[0]: 116.129791 117.011108
[0]: 130.358047 130.063766
[0]: 115.465225 116.268654
[0]: 156.135254 155.970764
[0]: 124.743919 124.307205
[0]: 140.634445 141.321823
[0]: 123.925247 127.129501
[0]: 103.046249 105.662453
[0]: 105.840858 105.882210
[0]: 109.482552 112.333275
[0]: 124.297379 126.447815
[0]: 146.716446 147.295670
[0]: 130.883270 128.576889
[0]: 113.357536 112.386185
[0]: 139.437241 138.924698
[0]: 186.246094 185.904358
[0]: 144.703049 143.981277
[0]: 143.038055 146.401062
[0]: 128.396713 127.767845
[0]: 137.226044 137.356873
