[4]: 132.767776 132.432159
[4]: 127.022652 126.836334
[4]: 117.807701 117.904129
[4]: 173.386978 173.930054
[4]: 125.006256 124.594322
[4]: 126.602013 126.765602
[4]: 121.989548 122.387993
[4]: 126.460396 126.389420
[4]: 111.333282 111.252876
[4]: 123.569145 123.659187
[4]: 133.752014 133.923080
[4]: 128.478134 128.397034
[4]: 128.122757 127.930695
[4]: 122.294708 122.162163
[4]: 124.160545 123.592026
[4]: 133.240143 132.753708
[4]: 118.907097 118.670052
[4]: 67.104385 67.263580
[4]: 125.383492 125.855522
[4]: 131.929504 131.628586
[4]: 130.494217 130.921097
[4]: 113.884285 113.843704
[4]: 117.258987 117.078583
[4]: 123.267860 123.219727
[4]: 128.704102 128.845459
[4]: 137.563049 137.093811
[4]: 133.490570 133.075012
[4]: 118.239662 118.086906
[4]: 130.564072 129.906662
[4]: 74.033501 74.227898
[4]: 133.398224 133.324158
[4]: 140.268646 140.945679
[4]: 132.077301 131.868683
[4]: 128.202759 128.115768
[3]: 129.201752 129.667557
[3]: 130.078415 129.926086
[3]: 127.104301 127.448074
[3]: 60.655441 60.540619
[3]: 131.846741 131.771637
[3]: 126.899124 126.479179
[3]: 135.284927 135.141663
[3]: 130.706894 130.633560
[3]: 135.431168 135.352875
[3]: 125.788513 125.978561
[3]: 118.658325 119.108917
[3]: 127.594482 127.657806
[3]: 127.955101 128.203644
[3]: 132.446289 132.660767
[3]: 128.830841 129.234131
[3]: 131.728012 131.750046
[3]: 132.874878 132.714172
[3]: 156.148422 155.685638
[3]: 124.709389 124.603302
[3]: 122.335907 122.442459
[3]: 125.218193 124.990410
[3]: 137.056595 136.959061
[3]: 132.371292 132.554504
[3]: 128.542175 128.384995
[3]: 129.239792 129.326920
[3]: 120.641953 120.673088
[3]: 128.187012 128.321609
[3]: 128.875748 128.891006
[3]: 125.673607 125.635117
[3]: 64.394684 64.354279
[3]: 129.191849 128.957504
[3]: 118.363426 117.774368
[3]: 124.984253 124.986511
[3]: 121.846817 121.671371
[2]: 127.434654 127.894775
[2]: 136.664139 136.264862
[2]: 137.521683 137.254089
[2]: 113.159096 113.327965
[2]: 139.609665 139.689117
[2]: 126.312592 126.364342
[2]: 130.955933 130.981094
[2]: 128.051910 128.233978
[2]: 143.517914 143.741364
[2]: 136.479919 136.178146
[2]: 114.426331 114.198883
[2]: 129.852097 130.096924
[2]: 122.819069 122.856323
[2]: 141.355469 141.394409
[2]: 131.732849 131.694214
[2]: 125.232521 125.654327
[2]: 134.938889 135.343277
[2]: 68.226761 68.268845
[2]: 130.060303 129.859833
[2]: 117.500237 117.726288
[2]: 129.686127 129.149658
[2]: 144.704773 144.983566
[2]: 140.896576 140.783249
[2]: 137.002884 136.607025
[2]: 122.234283 122.202629
[2]: 115.368340 115.770721
[2]: 126.915291 127.232552
[2]: 141.447693 141.488953
[2]: 116.920334 117.123810
[2]: 187.045273 187.028641
[2]: 115.372101 115.487915
[2]: 116.251877 115.701958
[2]: 126.480003 126.823853
[2]: 119.481606 119.795769
[1]: 124.603516 124.435265
[1]: 125.681923 126.022057
[1]: 136.277039 136.218262
[1]: 195.738190 195.582352
[1]: 128.185806 128.496063
[1]: 127.822891 127.885963
[1]: 126.533958 126.182396
[1]: 127.128151 126.707695
[1]: 139.245422 139.348587
[1]: 128.950882 128.695145
[1]: 121.159081 120.969055
[1]: 129.203766 129.116302
[1]: 128.869598 129.162750
[1]: 133.148972 133.181931
[1]: 133.140350 133.151993
[1]: 117.976532 118.258011
[1]: 134.523392 134.611816
[1]: 191.507156 191.817841
[1]: 133.050674 132.786499
[1]: 122.782875 122.490532
[1]: 125.774170 125.744560
[1]: 135.831360 135.743011
[1]: 139.676712 140.021667
[1]: 133.940552 134.113419
[1]: 129.330582 129.365189
[1]: 119.062714 119.186768
[1]: 121.720703 122.164551
[1]: 135.930298 136.165558
[1]: 126.847839 127.482735
[1]: 131.719147 131.550781
[1]: 119.563103 119.676590
[1]: 117.649986 117.413986
[1]: 126.199646 126.122925
[1]: 130.294998 130.843796
[0]: 125.346779 124.891190
[0]: 117.221306 117.632103
[0]: 117.369133 117.247887
[0]: 91.605515 91.521843
[0]: 115.346436 115.437042
[0]: 129.637466 129.795883
[0]: 121.499489 121.578682
[0]: 123.434570 123.861870
[0]: 104.131805 103.972305
[0]: 120.746742 121.032570
[0]: 151.706406 151.454742
[0]: 124.300613 124.158813
[0]: 131.664612 131.248230
[0]: 105.390800 105.238052
[0]: 116.787941 117.011108
[0]: 130.347031 130.063766
[0]: 116.352943 116.268654
[0]: 155.768326 155.970764
[0]: 124.180626 124.307205
[0]: 141.045227 141.321823
[0]: 126.739639 127.129501
[0]: 105.707352 105.662453
[0]: 106.112885 105.882210
[0]: 111.854317 112.333275
[0]: 126.675316 126.447815
[0]: 147.412476 147.295670
[0]: 129.116135 128.576889
[0]: 112.533913 112.386185
[0]: 139.079559 138.924698
[0]: 186.215820 185.904358
[0]: 143.909729 143.981277
[0]: 145.659042 146.401062
[0]: 127.826393 127.767845
[0]: 137.997940 137.356873
