[4]: 134.618393 132.432159
[4]: 125.619652 126.836334
[4]: 117.220451 117.904129
[4]: 174.183868 173.930054
[4]: 124.764488 124.594322
[4]: 126.604271 126.765602
[4]: 121.136879 122.387993
[4]: 127.024681 126.389420
[4]: 109.147362 111.252876
[4]: 125.127411 123.659187
[4]: 136.105331 133.923080
[4]: 130.376022 128.397034
[4]: 126.899788 127.930695
[4]: 122.212486 122.162163
[4]: 122.461800 123.592026
[4]: 131.596939 132.753708
[4]: 117.143738 118.670052
[4]: 67.281006 67.263580
[4]: 127.688087 125.855522
[4]: 130.623199 131.628586
[4]: 130.517548 130.921097
[4]: 112.380272 113.843704
[4]: 116.940079 117.078583
[4]: 124.011826 123.219727
[4]: 131.128754 128.845459
[4]: 134.212097 137.093811
[4]: 132.080505 133.075012
[4]: 116.427971 118.086906
[4]: 128.233383 129.906662
[4]: 75.929276 74.227898
[4]: 134.276978 133.324158
[4]: 138.352051 140.945679
[4]: 129.987930 131.868683
[4]: 126.833084 128.115768
[3]: 126.022507 129.667557
[3]: 129.306915 129.926086
[3]: 126.393120 127.448074
[3]: 61.622429 60.540619
[3]: 130.598434 131.771637
[3]: 127.161781 126.479179
[3]: 135.841187 135.141663
[3]: 129.369446 130.633560
[3]: 136.762482 135.352875
[3]: 123.640800 125.978561
[3]: 117.731377 119.108917
[3]: 125.424622 127.657806
[3]: 128.620636 128.203644
[3]: 131.747162 132.660767
[3]: 129.880417 129.234131
[3]: 133.012512 131.750046
[3]: 132.454239 132.714172
[3]: 156.943802 155.685638
[3]: 122.719658 124.603302
[3]: 123.093163 122.442459
[3]: 126.050568 124.990410
[3]: 138.226257 136.959061
[3]: 131.478622 132.554504
[3]: 129.180695 128.384995
[3]: 128.668777 129.326920
[3]: 122.482689 120.673088
[3]: 128.100739 128.321609
[3]: 129.648148 128.891006
[3]: 128.187180 125.635117
[3]: 63.441578 64.354279
[3]: 130.452438 128.957504
[3]: 121.288864 117.774368
[3]: 126.128876 124.986511
[3]: 122.310120 121.671371
[2]: 125.421669 127.894775
[2]: 136.730484 136.264862
[2]: 140.624786 137.254089
[2]: 111.133270 113.327965
[2]: 140.712646 139.689117
[2]: 126.231415 126.364342
[2]: 131.976364 130.981094
[2]: 126.710632 128.233978
[2]: 146.405670 143.741364
[2]: 134.160202 136.178146
[2]: 112.424561 114.198883
[2]: 127.988663 130.096924
[2]: 123.650429 122.856323
[2]: 141.046143 141.394409
[2]: 131.567230 131.694214
[2]: 125.691261 125.654327
[2]: 137.527695 135.343277
[2]: 67.282295 68.268845
[2]: 127.914314 129.859833
[2]: 118.949120 117.726288
[2]: 129.504776 129.149658
[2]: 146.065033 144.983566
[2]: 140.914474 140.783249
[2]: 135.338074 136.607025
[2]: 119.504944 122.202629
[2]: 119.873482 115.770721
[2]: 128.770203 127.232552
[2]: 144.518051 141.488953
[2]: 118.936096 117.123810
[2]: 184.253754 187.028641
[2]: 113.607590 115.487915
[2]: 119.274094 115.701958
[2]: 127.621651 126.823853
[2]: 122.849045 119.795769
[1]: 124.580750 124.435265
[1]: 127.915810 126.022057
[1]: 137.569229 136.218262
[1]: 195.881256 195.582352
[1]: 128.922379 128.496063
[1]: 127.191338 127.885963
[1]: 127.258598 126.182396
[1]: 126.924156 126.707695
[1]: 140.160889 139.348587
[1]: 128.413071 128.695145
[1]: 119.816238 120.969055
[1]: 128.971786 129.116302
[1]: 129.725784 129.162750
[1]: 133.315186 133.181931
[1]: 132.534821 133.151993
[1]: 118.231621 118.258011
[1]: 135.961578 134.611816
[1]: 190.917206 191.817841
[1]: 132.177353 132.786499
[1]: 123.269653 122.490532
[1]: 125.867340 125.744560
[1]: 135.495087 135.743011
[1]: 138.940323 140.021667
[1]: 134.175262 134.113419
[1]: 128.287201 129.365189
[1]: 120.904602 119.186768
[1]: 123.061539 122.164551
[1]: 136.084183 136.165558
[1]: 128.640274 127.482735
[1]: 132.875458 131.550781
[1]: 120.134750 119.676590
[1]: 117.215309 117.413986
[1]: 125.961266 126.122925
[1]: 130.872986 130.843796
[0]: 128.989777 124.891190
[0]: 117.086464 117.632103
[0]: 114.062080 117.247887
[0]: 90.706337 91.521843
[0]: 115.037521 115.437042
[0]: 130.134720 129.795883
[0]: 119.979218 121.578682
[0]: 125.957581 123.861870
[0]: 101.005753 103.972305
[0]: 124.520439 121.032570
[0]: 153.766525 151.454742
[0]: 126.855743 124.158813
[0]: 130.402802 131.248230
[0]: 106.416878 105.238052
[0]: 118.316505 117.011108
[0]: 129.986084 130.063766
[0]: 114.399712 116.268654
[0]: 156.137207 155.970764
[0]: 127.094711 124.307205
[0]: 139.520782 141.321823
[0]: 125.888290 127.129501
[0]: 105.060364 105.662453
[0]: 108.248672 105.882210
[0]: 111.856430 112.333275
[0]: 128.695435 126.447815
[0]: 142.148636 147.295670
[0]: 127.282761 128.576889
[0]: 110.242661 112.386185
[0]: 134.670013 138.924698
[0]: 187.417908 185.904358
[0]: 142.818130 143.981277
[0]: 141.742661 146.401062
[0]: 127.862869 127.767845
[0]: 134.690796 137.356873
