[4]: 132.432159 89.095421
[4]: 126.836334 128.501328
[4]: 117.904129 126.447021
[4]: 173.930054 174.618393
[4]: 124.594322 130.357956
[4]: 126.765602 128.896210
[4]: 122.387993 127.666138
[4]: 126.389420 128.838089
[4]: 111.252876 130.157516
[4]: 123.659187 130.411392
[4]: 133.923080 127.181465
[4]: 128.397034 129.322113
[4]: 127.930695 126.642265
[4]: 122.162163 131.622208
[4]: 123.592026 126.605194
[4]: 132.753708 131.834396
[4]: 118.670052 127.278687
[4]: 67.263580 60.930401
[4]: 125.855522 125.544540
[4]: 131.628586 126.688499
[4]: 130.921097 129.984207
[4]: 113.843704 129.723984
[4]: 117.078583 129.836426
[4]: 123.219727 131.222427
[4]: 128.845459 127.319290
[4]: 137.093811 125.634186
[4]: 133.075012 126.551750
[4]: 118.086906 128.979660
[4]: 129.906662 124.244789
[4]: 74.227898 124.961922
[4]: 133.324158 126.407066
[4]: 140.945679 170.229782
[4]: 131.868683 128.985794
[4]: 128.115768 122.205986
[3]: 129.667557 170.676132
[3]: 129.926086 127.435425
[3]: 127.448074 126.943100
[3]: 60.540619 88.000290
[3]: 131.771637 129.820877
[3]: 126.479179 128.644409
[3]: 135.141663 129.470901
[3]: 130.633560 127.648949
[3]: 135.352875 127.365181
[3]: 125.978561 126.147255
[3]: 119.108917 124.494194
[3]: 127.657806 127.955795
[3]: 128.203644 127.609070
[3]: 132.660767 128.411987
[3]: 129.234131 127.084373
[3]: 131.750046 130.337570
[3]: 132.714172 128.233139
[3]: 155.685638 126.073051
[3]: 124.603302 126.953056
[3]: 122.442459 126.320541
[3]: 124.990410 127.344490
[3]: 136.959061 128.087692
[3]: 132.554504 126.871277
[3]: 128.384995 127.569122
[3]: 129.326920 129.374054
[3]: 120.673088 123.641525
[3]: 128.321609 128.108536
[3]: 128.891006 128.159088
[3]: 125.635117 127.431313
[3]: 64.354279 58.943535
[3]: 128.957504 130.519730
[3]: 117.774368 82.423599
[3]: 124.986511 127.828873
[3]: 121.671371 125.778465
[2]: 127.894775 167.012558
[2]: 136.264862 129.774246
[2]: 137.254089 130.905334
[2]: 113.327965 92.856438
[2]: 139.689117 130.244720
[2]: 126.364342 126.993835
[2]: 130.981094 132.463425
[2]: 128.233978 135.487595
[2]: 143.741364 138.624039
[2]: 136.178146 133.413818
[2]: 114.198883 117.938377
[2]: 130.096924 131.754883
[2]: 122.856323 132.994156
[2]: 141.394409 138.053452
[2]: 131.694214 133.568344
[2]: 125.654327 129.104599
[2]: 135.343277 134.185013
[2]: 68.268845 125.865799
[2]: 129.859833 127.598351
[2]: 117.726288 119.223831
[2]: 129.149658 128.776642
[2]: 144.983566 132.821381
[2]: 140.783249 134.756729
[2]: 136.607025 141.937347
[2]: 122.202629 127.774727
[2]: 115.770721 122.247040
[2]: 127.232552 120.991196
[2]: 141.488953 129.051056
[2]: 117.123810 122.526970
[2]: 187.028641 187.658524
[2]: 115.487915 120.421654
[2]: 115.701958 74.050575
[2]: 126.823853 135.633636
[2]: 119.795769 117.625961
[1]: 124.435265 83.032967
[1]: 126.022057 128.417953
[1]: 136.218262 133.108765
[1]: 195.582352 177.301285
[1]: 128.496063 128.852524
[1]: 127.885963 126.326645
[1]: 126.182396 131.225052
[1]: 126.707695 129.594803
[1]: 139.348587 133.177689
[1]: 128.695145 129.627701
[1]: 120.969055 119.845665
[1]: 129.116302 127.132629
[1]: 129.162750 131.397141
[1]: 133.181931 131.387360
[1]: 133.151993 131.807022
[1]: 118.258011 124.026558
[1]: 134.611816 134.198715
[1]: 191.817841 191.379166
[1]: 132.786499 129.645004
[1]: 122.490532 121.135612
[1]: 125.744560 125.070267
[1]: 135.743011 130.360291
[1]: 140.021667 131.214386
[1]: 134.113419 135.075790
[1]: 129.365189 130.485077
[1]: 119.186768 123.252869
[1]: 122.164551 124.127556
[1]: 136.165558 129.208115
[1]: 127.482735 127.379456
[1]: 131.550781 119.048485
[1]: 119.676590 125.906982
[1]: 117.413986 161.477325
[1]: 126.122925 131.134491
[1]: 130.843796 125.478592
[0]: 124.891190 134.407623
[0]: 117.632103 121.239792
[0]: 117.247887 115.890816
[0]: 91.521843 89.297653
[0]: 115.437042 118.290665
[0]: 129.795883 125.475189
[0]: 121.578682 110.514664
[0]: 123.861870 108.793144
[0]: 103.972305 96.603432
[0]: 121.032570 111.311073
[0]: 151.454742 158.100388
[0]: 124.158813 121.601959
[0]: 131.248230 117.451500
[0]: 105.238052 97.238663
[0]: 117.011108 111.701782
[0]: 130.063766 120.295738
[0]: 116.268654 108.691406
[0]: 155.970764 141.536774
[0]: 124.307205 128.274765
[0]: 141.321823 147.629257
[0]: 127.129501 126.271935
[0]: 105.662453 113.367920
[0]: 105.882210 109.847504
[0]: 112.333275 87.391380
[0]: 126.447815 118.328217
[0]: 147.295670 151.557190
[0]: 128.576889 144.745209
[0]: 112.386185 120.383148
[0]: 138.924698 140.995041
[0]: 185.904358 166.653290
[0]: 143.981277 140.708328
[0]: 146.401062 153.858444
[0]: 127.767845 107.685425
[0]: 137.356873 154.841187
