[4]: 133.422623 132.432159
[4]: 126.276749 126.836334
[4]: 116.967560 117.904129
[4]: 172.974625 173.930054
[4]: 126.407234 124.594322
[4]: 126.291344 126.765602
[4]: 121.946777 122.387993
[4]: 127.837074 126.389420
[4]: 112.978424 111.252876
[4]: 122.963196 123.659187
[4]: 134.593475 133.923080
[4]: 128.930588 128.397034
[4]: 128.925919 127.930695
[4]: 122.748238 122.162163
[4]: 125.192116 123.592026
[4]: 134.286118 132.753708
[4]: 119.700325 118.670052
[4]: 67.171257 67.263580
[4]: 125.420959 125.855522
[4]: 130.789001 131.628586
[4]: 129.935669 130.921097
[4]: 113.760132 113.843704
[4]: 116.966530 117.078583
[4]: 122.134842 123.219727
[4]: 127.644562 128.845459
[4]: 136.874191 137.093811
[4]: 135.528351 133.075012
[4]: 117.803284 118.086906
[4]: 131.036087 129.906662
[4]: 73.246452 74.227898
[4]: 134.417862 133.324158
[4]: 139.335297 140.945679
[4]: 131.832794 131.868683
[4]: 129.727219 128.115768
[3]: 127.249275 129.667557
[3]: 129.266220 129.926086
[3]: 127.235611 127.448074
[3]: 60.755329 60.540619
[3]: 132.115265 131.771637
[3]: 127.517921 126.479179
[3]: 135.372665 135.141663
[3]: 129.732605 130.633560
[3]: 134.328705 135.352875
[3]: 126.423660 125.978561
[3]: 117.604530 119.108917
[3]: 126.517067 127.657806
[3]: 127.295746 128.203644
[3]: 132.241241 132.660767
[3]: 128.609375 129.234131
[3]: 130.837326 131.750046
[3]: 133.104568 132.714172
[3]: 158.146042 155.685638
[3]: 124.001640 124.603302
[3]: 123.953690 122.442459
[3]: 125.620148 124.990410
[3]: 137.466766 136.959061
[3]: 131.757202 132.554504
[3]: 130.481766 128.384995
[3]: 130.032806 129.326920
[3]: 120.921440 120.673088
[3]: 126.494339 128.321609
[3]: 129.485519 128.891006
[3]: 125.525574 125.635117
[3]: 64.904411 64.354279
[3]: 129.065369 128.957504
[3]: 121.058807 117.774368
[3]: 125.671616 124.986511
[3]: 121.543144 121.671371
[2]: 126.686462 127.894775
[2]: 137.113617 136.264862
[2]: 136.750397 137.254089
[2]: 111.731049 113.327965
[2]: 138.691635 139.689117
[2]: 126.647926 126.364342
[2]: 129.394745 130.981094
[2]: 127.964806 128.233978
[2]: 141.687027 143.741364
[2]: 137.805099 136.178146
[2]: 114.113853 114.198883
[2]: 128.509628 130.096924
[2]: 122.511467 122.856323
[2]: 140.326187 141.394409
[2]: 131.485901 131.694214
[2]: 125.172531 125.654327
[2]: 134.136139 135.343277
[2]: 67.438377 68.268845
[2]: 130.897934 129.859833
[2]: 117.061943 117.726288
[2]: 130.834793 129.149658
[2]: 144.995468 144.983566
[2]: 141.912979 140.783249
[2]: 138.264893 136.607025
[2]: 123.765846 122.202629
[2]: 115.356529 115.770721
[2]: 125.236626 127.232552
[2]: 140.740601 141.488953
[2]: 116.423569 117.123810
[2]: 185.736938 187.028641
[2]: 115.213615 115.487915
[2]: 116.846176 115.701958
[2]: 126.288452 126.823853
[2]: 119.096657 119.795769
[1]: 126.138756 124.435265
[1]: 126.454292 126.022057
[1]: 136.901596 136.218262
[1]: 196.308014 195.582352
[1]: 127.099800 128.496063
[1]: 127.606239 127.885963
[1]: 126.506363 126.182396
[1]: 126.673523 126.707695
[1]: 138.276810 139.348587
[1]: 128.912857 128.695145
[1]: 120.744217 120.969055
[1]: 130.280853 129.116302
[1]: 128.822052 129.162750
[1]: 133.516373 133.181931
[1]: 132.851074 133.151993
[1]: 118.264473 118.258011
[1]: 134.089783 134.611816
[1]: 190.667618 191.817841
[1]: 132.831833 132.786499
[1]: 123.288063 122.490532
[1]: 125.936523 125.744560
[1]: 136.538956 135.743011
[1]: 139.796982 140.021667
[1]: 133.346420 134.113419
[1]: 129.219849 129.365189
[1]: 119.548500 119.186768
[1]: 121.530807 122.164551
[1]: 135.124557 136.165558
[1]: 126.195175 127.482735
[1]: 132.418900 131.550781
[1]: 118.454140 119.676590
[1]: 116.146049 117.413986
[1]: 125.911140 126.122925
[1]: 129.276505 130.843796
[0]: 125.903542 124.891190
[0]: 117.514000 117.632103
[0]: 118.165604 117.247887
[0]: 92.656075 91.521843
[0]: 115.634087 115.437042
[0]: 129.180298 129.795883
[0]: 123.137260 121.578682
[0]: 123.603165 123.861870
[0]: 106.433342 103.972305
[0]: 119.240250 121.032570
[0]: 152.888931 151.454742
[0]: 125.229942 124.158813
[0]: 131.939880 131.248230
[0]: 105.687943 105.238052
[0]: 116.437126 117.011108
[0]: 129.992096 130.063766
[0]: 116.503433 116.268654
[0]: 155.515457 155.970764
[0]: 124.217056 124.307205
[0]: 140.508240 141.321823
[0]: 125.473373 127.129501
[0]: 104.128242 105.662453
[0]: 105.720238 105.882210
[0]: 110.136147 112.333275
[0]: 125.447090 126.447815
[0]: 147.460571 147.295670
[0]: 130.820129 128.576889
[0]: 113.851830 112.386185
[0]: 140.078506 138.924698
[0]: 186.800812 185.904358
[0]: 144.476715 143.981277
[0]: 144.855698 146.401062
[0]: 127.871674 127.767845
[0]: 138.263092 137.356873
