[4]: 134.702744 132.432159
[4]: 124.284676 126.836334
[4]: 116.373970 117.904129
[4]: 175.680099 173.930054
[4]: 124.260216 124.594322
[4]: 125.833046 126.765602
[4]: 123.754829 122.387993
[4]: 126.393211 126.389420
[4]: 111.226334 111.252876
[4]: 126.584465 123.659187
[4]: 135.388306 133.923080
[4]: 132.411972 128.397034
[4]: 125.982666 127.930695
[4]: 122.574333 122.162163
[4]: 120.409203 123.592026
[4]: 131.409271 132.753708
[4]: 117.868271 118.670052
[4]: 67.646378 67.263580
[4]: 128.980057 125.855522
[4]: 131.367401 131.628586
[4]: 129.223633 130.921097
[4]: 112.066101 113.843704
[4]: 113.712631 117.078583
[4]: 124.917198 123.219727
[4]: 129.814682 128.845459
[4]: 132.827179 137.093811
[4]: 130.365662 133.075012
[4]: 119.379433 118.086906
[4]: 129.641541 129.906662
[4]: 76.239151 74.227898
[4]: 133.974350 133.324158
[4]: 139.524384 140.945679
[4]: 130.855362 131.868683
[4]: 123.824570 128.115768
[3]: 125.709755 129.667557
[3]: 129.212936 129.926086
[3]: 127.160034 127.448074
[3]: 61.502407 60.540619
[3]: 130.935440 131.771637
[3]: 126.884010 126.479179
[3]: 135.401566 135.141663
[3]: 128.843689 130.633560
[3]: 134.718231 135.352875
[3]: 123.293663 125.978561
[3]: 120.540245 119.108917
[3]: 125.237106 127.657806
[3]: 128.674713 128.203644
[3]: 131.370804 132.660767
[3]: 130.347336 129.234131
[3]: 132.134476 131.750046
[3]: 131.714737 132.714172
[3]: 156.837860 155.685638
[3]: 123.457428 124.603302
[3]: 122.107750 122.442459
[3]: 127.522842 124.990410
[3]: 138.657623 136.959061
[3]: 133.056717 132.554504
[3]: 127.603172 128.384995
[3]: 129.740677 129.326920
[3]: 122.514992 120.673088
[3]: 128.642639 128.321609
[3]: 128.508240 128.891006
[3]: 128.027496 125.635117
[3]: 63.087322 64.354279
[3]: 130.293427 128.957504
[3]: 121.848740 117.774368
[3]: 126.265541 124.986511
[3]: 124.525711 121.671371
[2]: 127.233238 127.894775
[2]: 136.877258 136.264862
[2]: 141.349411 137.254089
[2]: 109.742439 113.327965
[2]: 141.875259 139.689117
[2]: 128.117706 126.364342
[2]: 129.821091 130.981094
[2]: 128.578888 128.233978
[2]: 144.451828 143.741364
[2]: 134.716995 136.178146
[2]: 112.381020 114.198883
[2]: 125.781807 130.096924
[2]: 125.165627 122.856323
[2]: 140.617935 141.394409
[2]: 132.436554 131.694214
[2]: 126.696915 125.654327
[2]: 139.446396 135.343277
[2]: 68.278923 68.268845
[2]: 126.992477 129.859833
[2]: 119.501198 117.726288
[2]: 131.654831 129.149658
[2]: 146.231552 144.983566
[2]: 146.266037 140.783249
[2]: 133.127304 136.607025
[2]: 121.083054 122.202629
[2]: 118.961037 115.770721
[2]: 129.638184 127.232552
[2]: 141.829575 141.488953
[2]: 116.475677 117.123810
[2]: 183.424866 187.028641
[2]: 112.850533 115.487915
[2]: 119.292366 115.701958
[2]: 126.638664 126.823853
[2]: 126.207710 119.795769
[1]: 126.223335 124.435265
[1]: 129.332397 126.022057
[1]: 138.038345 136.218262
[1]: 195.635681 195.582352
[1]: 129.097290 128.496063
[1]: 127.924934 127.885963
[1]: 125.669380 126.182396
[1]: 127.097298 126.707695
[1]: 139.165619 139.348587
[1]: 127.210243 128.695145
[1]: 120.336662 120.969055
[1]: 128.334732 129.116302
[1]: 130.345886 129.162750
[1]: 134.258118 133.181931
[1]: 134.743362 133.151993
[1]: 119.055618 118.258011
[1]: 134.455566 134.611816
[1]: 190.876984 191.817841
[1]: 130.910217 132.786499
[1]: 123.172745 122.490532
[1]: 127.135330 125.744560
[1]: 136.661942 135.743011
[1]: 141.084122 140.021667
[1]: 133.270981 134.113419
[1]: 128.794098 129.365189
[1]: 123.222710 119.186768
[1]: 123.857620 122.164551
[1]: 134.638077 136.165558
[1]: 128.114960 127.482735
[1]: 133.690521 131.550781
[1]: 120.064140 119.676590
[1]: 114.961655 117.413986
[1]: 125.595085 126.122925
[1]: 132.715012 130.843796
[0]: 125.514023 124.891190
[0]: 116.793770 117.632103
[0]: 112.682976 117.247887
[0]: 91.678314 91.521843
[0]: 113.608505 115.437042
[0]: 128.449310 129.795883
[0]: 121.565536 121.578682
[0]: 125.002678 123.861870
[0]: 103.888771 103.972305
[0]: 124.027008 121.032570
[0]: 151.184402 151.454742
[0]: 127.958580 124.158813
[0]: 129.045731 131.248230
[0]: 105.643196 105.238052
[0]: 116.545776 117.011108
[0]: 129.145218 130.063766
[0]: 113.866425 116.268654
[0]: 154.945297 155.970764
[0]: 127.311676 124.307205
[0]: 139.451370 141.321823
[0]: 121.933731 127.129501
[0]: 103.122787 105.662453
[0]: 101.646561 105.882210
[0]: 115.886185 112.333275
[0]: 126.725861 126.447815
[0]: 142.181808 147.295670
[0]: 126.726120 128.576889
[0]: 112.589523 112.386185
[0]: 136.629654 138.924698
[0]: 187.685913 185.904358
[0]: 144.357056 143.981277
[0]: 142.510056 146.401062
[0]: 128.251358 127.767845
[0]: 129.932602 137.356873
