[4]: 91.819649 132.432159
[4]: 131.895081 126.836334
[4]: 127.469322 117.904129
[4]: 180.701340 173.930054
[4]: 139.294510 124.594322
[4]: 128.603729 126.765602
[4]: 126.470032 122.387993
[4]: 135.843414 126.389420
[4]: 132.465012 111.252876
[4]: 131.280609 123.659187
[4]: 124.346451 133.923080
[4]: 125.080276 128.397034
[4]: 123.175339 127.930695
[4]: 141.716660 122.162163
[4]: 127.449165 123.592026
[4]: 126.598190 132.753708
[4]: 132.182022 118.670052
[4]: 59.465805 67.263580
[4]: 132.138901 125.855522
[4]: 127.327438 131.628586
[4]: 134.519501 130.921097
[4]: 136.664902 113.843704
[4]: 132.188721 117.078583
[4]: 136.288177 123.219727
[4]: 125.758736 128.845459
[4]: 117.663055 137.093811
[4]: 126.495026 133.075012
[4]: 131.224808 118.086906
[4]: 121.228676 129.906662
[4]: 125.178680 74.227898
[4]: 124.389664 133.324158
[4]: 166.214325 140.945679
[4]: 131.764633 131.868683
[4]: 117.814980 128.115768
[3]: 170.823044 129.667557
[3]: 126.378639 129.926086
[3]: 124.782982 127.448074
[3]: 87.082001 60.540619
[3]: 129.479843 131.771637
[3]: 127.345917 126.479179
[3]: 128.305984 135.141663
[3]: 128.512955 130.633560
[3]: 126.818604 135.352875
[3]: 125.157173 125.978561
[3]: 126.159172 119.108917
[3]: 128.629730 127.657806
[3]: 127.663490 128.203644
[3]: 127.517197 132.660767
[3]: 126.990791 129.234131
[3]: 129.777695 131.750046
[3]: 126.772095 132.714172
[3]: 127.475327 155.685638
[3]: 126.519005 124.603302
[3]: 126.435005 122.442459
[3]: 126.592567 124.990410
[3]: 127.674889 136.959061
[3]: 127.124001 132.554504
[3]: 127.097847 128.384995
[3]: 128.097778 129.326920
[3]: 125.260818 120.673088
[3]: 128.966309 128.321609
[3]: 126.983765 128.891006
[3]: 128.710648 125.635117
[3]: 63.180172 64.354279
[3]: 129.033234 128.957504
[3]: 83.489243 117.774368
[3]: 128.075623 124.986511
[3]: 125.432617 121.671371
[2]: 169.212112 127.894775
[2]: 129.129044 136.264862
[2]: 129.737350 137.254089
[2]: 83.668716 113.327965
[2]: 128.703003 139.689117
[2]: 127.976295 126.364342
[2]: 127.105339 130.981094
[2]: 128.336838 128.233978
[2]: 127.723572 143.741364
[2]: 129.263367 136.178146
[2]: 126.508263 114.198883
[2]: 127.507607 130.096924
[2]: 128.321487 122.856323
[2]: 129.693405 141.394409
[2]: 128.078232 131.694214
[2]: 125.701889 125.654327
[2]: 130.345459 135.343277
[2]: 128.892120 68.268845
[2]: 129.980011 129.859833
[2]: 126.825249 117.726288
[2]: 129.378693 129.149658
[2]: 128.338211 144.983566
[2]: 129.022797 140.783249
[2]: 128.567749 136.607025
[2]: 125.457390 122.202629
[2]: 127.970024 115.770721
[2]: 126.018936 127.232552
[2]: 128.203552 141.488953
[2]: 125.672569 117.123810
[2]: 191.957947 187.028641
[2]: 126.557823 115.487915
[2]: 85.294067 115.701958
[2]: 127.748642 126.823853
[2]: 127.378113 119.795769
[1]: 87.002968 124.435265
[1]: 127.687553 126.022057
[1]: 136.155823 136.218262
[1]: 180.785034 195.582352
[1]: 138.634888 128.496063
[1]: 124.670265 127.885963
[1]: 126.562607 126.182396
[1]: 133.136200 126.707695
[1]: 130.807007 139.348587
[1]: 126.139343 128.695145
[1]: 116.487892 120.969055
[1]: 123.974792 129.116302
[1]: 132.160858 129.162750
[1]: 139.081009 133.181931
[1]: 132.067429 133.151993
[1]: 120.737061 118.258011
[1]: 141.019897 134.611816
[1]: 194.491043 191.817841
[1]: 139.021423 132.786499
[1]: 123.523270 122.490532
[1]: 125.848770 125.744560
[1]: 130.284729 135.743011
[1]: 136.803665 140.021667
[1]: 137.055450 134.113419
[1]: 124.531281 129.365189
[1]: 117.819336 119.186768
[1]: 120.035378 122.164551
[1]: 133.539108 136.165558
[1]: 125.031059 127.482735
[1]: 123.564857 131.550781
[1]: 126.029976 119.676590
[1]: 161.228638 117.413986
[1]: 129.532639 126.122925
[1]: 122.492393 130.843796
[0]: 80.624390 124.891190
[0]: 120.827148 117.632103
[0]: 117.123032 117.247887
[0]: 138.797241 91.521843
[0]: 98.753944 115.437042
[0]: 128.502441 129.795883
[0]: 128.223328 121.578682
[0]: 105.387253 123.861870
[0]: 115.553787 103.972305
[0]: 123.369850 121.032570
[0]: 148.958878 151.454742
[0]: 135.825195 124.158813
[0]: 127.898941 131.248230
[0]: 90.675293 105.238052
[0]: 119.256935 117.011108
[0]: 136.921143 130.063766
[0]: 103.353638 116.268654
[0]: 130.264771 155.970764
[0]: 105.604591 124.307205
[0]: 131.320572 141.321823
[0]: 119.743286 127.129501
[0]: 113.132820 105.662453
[0]: 109.392693 105.882210
[0]: 101.701622 112.333275
[0]: 134.067657 126.447815
[0]: 155.586746 147.295670
[0]: 140.107468 128.576889
[0]: 116.260201 112.386185
[0]: 140.299683 138.924698
[0]: 136.338730 185.904358
[0]: 135.801041 143.981277
[0]: 182.287506 146.401062
[0]: 118.370499 127.767845
[0]: 148.632324 137.356873
