[4]: 132.432159 89.312454
[4]: 126.836334 129.257950
[4]: 117.904129 126.592979
[4]: 173.930054 174.861572
[4]: 124.594322 130.252045
[4]: 126.765602 129.361069
[4]: 122.387993 127.917084
[4]: 126.389420 128.224075
[4]: 111.252876 129.844452
[4]: 123.659187 129.966202
[4]: 133.923080 126.849922
[4]: 128.397034 129.731766
[4]: 127.930695 127.023087
[4]: 122.162163 131.747009
[4]: 123.592026 126.567238
[4]: 132.753708 131.545166
[4]: 118.670052 127.119301
[4]: 67.263580 60.994247
[4]: 125.855522 125.655327
[4]: 131.628586 127.294693
[4]: 130.921097 129.556015
[4]: 113.843704 129.687973
[4]: 117.078583 129.605347
[4]: 123.219727 130.918961
[4]: 128.845459 127.325760
[4]: 137.093811 126.002014
[4]: 133.075012 126.465630
[4]: 118.086906 128.949295
[4]: 129.906662 123.872498
[4]: 74.227898 124.730408
[4]: 133.324158 126.250610
[4]: 140.945679 170.203079
[4]: 131.868683 128.761826
[4]: 128.115768 122.493530
[3]: 129.667557 170.497238
[3]: 129.926086 127.950607
[3]: 127.448074 126.792343
[3]: 60.540619 87.750946
[3]: 131.771637 129.510162
[3]: 126.479179 128.760529
[3]: 135.141663 129.578583
[3]: 130.633560 127.341370
[3]: 135.352875 127.213028
[3]: 125.978561 126.450317
[3]: 119.108917 124.383789
[3]: 127.657806 128.239761
[3]: 128.203644 127.778107
[3]: 132.660767 128.601837
[3]: 129.234131 127.179108
[3]: 131.750046 130.754715
[3]: 132.714172 128.085709
[3]: 155.685638 126.063263
[3]: 124.603302 127.415382
[3]: 122.442459 126.299896
[3]: 124.990410 127.601028
[3]: 136.959061 127.924316
[3]: 132.554504 126.663788
[3]: 128.384995 127.673302
[3]: 129.326920 129.432526
[3]: 120.673088 123.569580
[3]: 128.321609 128.120712
[3]: 128.891006 128.227631
[3]: 125.635117 127.203949
[3]: 64.354279 58.571251
[3]: 128.957504 130.240265
[3]: 117.774368 82.493172
[3]: 124.986511 127.732712
[3]: 121.671371 125.927948
[2]: 127.894775 168.006165
[2]: 136.264862 130.641495
[2]: 137.254089 131.327850
[2]: 113.327965 94.010864
[2]: 139.689117 130.140045
[2]: 126.364342 127.752510
[2]: 130.981094 133.499512
[2]: 128.233978 134.459854
[2]: 143.741364 139.037872
[2]: 136.178146 133.097626
[2]: 114.198883 117.240273
[2]: 130.096924 132.548080
[2]: 122.856323 134.085876
[2]: 141.394409 138.918106
[2]: 131.694214 133.399124
[2]: 125.654327 129.321274
[2]: 135.343277 135.020432
[2]: 68.268845 126.043221
[2]: 129.859833 127.720482
[2]: 117.726288 119.920288
[2]: 129.149658 127.720886
[2]: 144.983566 133.912430
[2]: 140.783249 134.926132
[2]: 136.607025 142.008194
[2]: 122.202629 127.720161
[2]: 115.770721 122.333763
[2]: 127.232552 120.151558
[2]: 141.488953 130.076385
[2]: 117.123810 121.951103
[2]: 187.028641 187.270676
[2]: 115.487915 120.038841
[2]: 115.701958 73.954910
[2]: 126.823853 135.679291
[2]: 119.795769 117.496597
[1]: 124.435265 83.444878
[1]: 126.022057 128.538879
[1]: 136.218262 132.976410
[1]: 195.582352 177.156967
[1]: 128.496063 128.717056
[1]: 127.885963 126.330864
[1]: 126.182396 131.265579
[1]: 126.707695 129.018021
[1]: 139.348587 133.165955
[1]: 128.695145 129.585236
[1]: 120.969055 120.402596
[1]: 129.116302 127.433083
[1]: 129.162750 131.704605
[1]: 133.181931 131.116547
[1]: 133.151993 131.272629
[1]: 118.258011 124.693100
[1]: 134.611816 134.051117
[1]: 191.817841 191.507339
[1]: 132.786499 129.707642
[1]: 122.490532 121.346069
[1]: 125.744560 124.644440
[1]: 135.743011 130.821213
[1]: 140.021667 130.740723
[1]: 134.113419 134.699997
[1]: 129.365189 130.381226
[1]: 119.186768 123.594879
[1]: 122.164551 123.843918
[1]: 136.165558 129.772705
[1]: 127.482735 127.388573
[1]: 131.550781 118.910461
[1]: 119.676590 125.737686
[1]: 117.413986 162.033463
[1]: 126.122925 130.800964
[1]: 130.843796 125.905342
[0]: 124.891190 133.990128
[0]: 117.632103 118.049698
[0]: 117.247887 115.720993
[0]: 91.521843 86.879745
[0]: 115.437042 119.476921
[0]: 129.795883 123.576324
[0]: 121.578682 108.844467
[0]: 123.861870 112.909584
[0]: 103.972305 97.419678
[0]: 121.032570 112.358887
[0]: 151.454742 158.257599
[0]: 124.158813 119.175728
[0]: 131.248230 114.890503
[0]: 105.238052 96.626472
[0]: 117.011108 112.980255
[0]: 130.063766 118.999001
[0]: 116.268654 108.624809
[0]: 155.970764 140.521301
[0]: 124.307205 127.111275
[0]: 141.321823 145.019974
[0]: 127.129501 128.672180
[0]: 105.662453 111.792770
[0]: 105.882210 111.371315
[0]: 112.333275 89.008324
[0]: 126.447815 118.611382
[0]: 147.295670 149.979919
[0]: 128.576889 146.069443
[0]: 112.386185 118.209785
[0]: 138.924698 142.393829
[0]: 185.904358 168.095734
[0]: 143.981277 141.858994
[0]: 146.401062 150.718994
[0]: 127.767845 109.054474
[0]: 137.356873 153.093414
