[4]: 133.671082 132.432159
[4]: 126.146751 126.836334
[4]: 116.771629 117.904129
[4]: 172.753494 173.930054
[4]: 126.551064 124.594322
[4]: 126.597900 126.765602
[4]: 122.298080 122.387993
[4]: 127.963959 126.389420
[4]: 113.429932 111.252876
[4]: 123.262917 123.659187
[4]: 134.874069 133.923080
[4]: 128.856796 128.397034
[4]: 128.965378 127.930695
[4]: 122.714691 122.162163
[4]: 125.125854 123.592026
[4]: 134.320953 132.753708
[4]: 120.398628 118.670052
[4]: 67.367477 67.263580
[4]: 125.491837 125.855522
[4]: 130.631027 131.628586
[4]: 129.962387 130.921097
[4]: 113.599083 113.843704
[4]: 117.093056 117.078583
[4]: 121.932343 123.219727
[4]: 127.795677 128.845459
[4]: 136.883209 137.093811
[4]: 135.452957 133.075012
[4]: 118.194855 118.086906
[4]: 130.735428 129.906662
[4]: 73.017509 74.227898
[4]: 134.186264 133.324158
[4]: 139.042664 140.945679
[4]: 131.897400 131.868683
[4]: 130.006699 128.115768
[3]: 126.880157 129.667557
[3]: 129.196777 129.926086
[3]: 127.263321 127.448074
[3]: 60.839901 60.540619
[3]: 132.076385 131.771637
[3]: 127.445969 126.479179
[3]: 135.138962 135.141663
[3]: 129.721237 130.633560
[3]: 134.407501 135.352875
[3]: 126.215103 125.978561
[3]: 117.113129 119.108917
[3]: 126.320198 127.657806
[3]: 127.412346 128.203644
[3]: 132.336349 132.660767
[3]: 128.783875 129.234131
[3]: 130.445496 131.750046
[3]: 132.854340 132.714172
[3]: 158.770142 155.685638
[3]: 123.864319 124.603302
[3]: 124.156120 122.442459
[3]: 125.736916 124.990410
[3]: 137.784119 136.959061
[3]: 131.748306 132.554504
[3]: 130.675278 128.384995
[3]: 130.152603 129.326920
[3]: 120.924629 120.673088
[3]: 126.073883 128.321609
[3]: 129.641571 128.891006
[3]: 125.526413 125.635117
[3]: 65.336197 64.354279
[3]: 129.057816 128.957504
[3]: 121.292503 117.774368
[3]: 125.680656 124.986511
[3]: 121.364906 121.671371
[2]: 126.860001 127.894775
[2]: 137.215363 136.264862
[2]: 136.715912 137.254089
[2]: 111.647995 113.327965
[2]: 138.486252 139.689117
[2]: 126.409698 126.364342
[2]: 128.897232 130.981094
[2]: 128.252121 128.233978
[2]: 141.769943 143.741364
[2]: 137.963806 136.178146
[2]: 114.043869 114.198883
[2]: 128.528122 130.096924
[2]: 122.362556 122.856323
[2]: 140.469788 141.394409
[2]: 131.572083 131.694214
[2]: 125.380531 125.654327
[2]: 133.596298 135.343277
[2]: 67.090775 68.268845
[2]: 130.674606 129.859833
[2]: 117.572319 117.726288
[2]: 131.054901 129.149658
[2]: 145.104843 144.983566
[2]: 141.907547 140.783249
[2]: 138.167419 136.607025
[2]: 123.795746 122.202629
[2]: 115.657822 115.770721
[2]: 125.463638 127.232552
[2]: 140.452774 141.488953
[2]: 116.431198 117.123810
[2]: 185.783524 187.028641
[2]: 115.464203 115.487915
[2]: 116.659340 115.701958
[2]: 126.309975 126.823853
[2]: 118.719597 119.795769
[1]: 126.264534 124.435265
[1]: 126.856964 126.022057
[1]: 137.324158 136.218262
[1]: 196.352371 195.582352
[1]: 127.231033 128.496063
[1]: 127.593437 127.885963
[1]: 126.710823 126.182396
[1]: 125.980408 126.707695
[1]: 137.976913 139.348587
[1]: 128.413010 128.695145
[1]: 120.569420 120.969055
[1]: 130.423279 129.116302
[1]: 128.466736 129.162750
[1]: 133.349731 133.181931
[1]: 132.632690 133.151993
[1]: 118.526123 118.258011
[1]: 134.036072 134.611816
[1]: 190.601990 191.817841
[1]: 133.287704 132.786499
[1]: 123.201027 122.490532
[1]: 125.867149 125.744560
[1]: 136.930267 135.743011
[1]: 139.757233 140.021667
[1]: 133.609299 134.113419
[1]: 128.814362 129.365189
[1]: 119.294853 119.186768
[1]: 121.374924 122.164551
[1]: 135.201111 136.165558
[1]: 126.292442 127.482735
[1]: 133.032028 131.550781
[1]: 118.761269 119.676590
[1]: 116.108910 117.413986
[1]: 125.841728 126.122925
[1]: 129.181366 130.843796
[0]: 125.667755 124.891190
[0]: 117.203804 117.632103
[0]: 118.025551 117.247887
[0]: 92.637650 91.521843
[0]: 115.623276 115.437042
[0]: 129.202942 129.795883
[0]: 123.347130 121.578682
[0]: 123.924812 123.861870
[0]: 106.225822 103.972305
[0]: 119.586205 121.032570
[0]: 153.332077 151.454742
[0]: 125.347641 124.158813
[0]: 132.302567 131.248230
[0]: 105.703201 105.238052
[0]: 116.488213 117.011108
[0]: 129.803162 130.063766
[0]: 116.723763 116.268654
[0]: 155.337753 155.970764
[0]: 124.062370 124.307205
[0]: 139.957840 141.321823
[0]: 125.148827 127.129501
[0]: 103.530540 105.662453
[0]: 105.751122 105.882210
[0]: 110.015572 112.333275
[0]: 125.548431 126.447815
[0]: 147.318481 147.295670
[0]: 131.228928 128.576889
[0]: 113.583107 112.386185
[0]: 140.242432 138.924698
[0]: 186.587402 185.904358
[0]: 144.042923 143.981277
[0]: 145.054031 146.401062
[0]: 127.811943 127.767845
[0]: 138.661652 137.356873
