[4]: 133.524979 132.432159
[4]: 126.183083 126.836334
[4]: 117.030121 117.904129
[4]: 172.766556 173.930054
[4]: 126.519844 124.594322
[4]: 126.294701 126.765602
[4]: 122.182846 122.387993
[4]: 127.774628 126.389420
[4]: 113.317314 111.252876
[4]: 123.161186 123.659187
[4]: 134.691544 133.923080
[4]: 129.103958 128.397034
[4]: 128.982773 127.930695
[4]: 122.663002 122.162163
[4]: 125.123795 123.592026
[4]: 134.286636 132.753708
[4]: 120.244583 118.670052
[4]: 67.193199 67.263580
[4]: 125.451782 125.855522
[4]: 130.726410 131.628586
[4]: 129.973511 130.921097
[4]: 113.487434 113.843704
[4]: 117.237152 117.078583
[4]: 121.943001 123.219727
[4]: 127.805061 128.845459
[4]: 136.620636 137.093811
[4]: 135.389328 133.075012
[4]: 117.960075 118.086906
[4]: 130.713516 129.906662
[4]: 73.119446 74.227898
[4]: 134.502365 133.324158
[4]: 139.320389 140.945679
[4]: 132.087189 131.868683
[4]: 129.940231 128.115768
[3]: 126.999611 129.667557
[3]: 129.278168 129.926086
[3]: 127.305397 127.448074
[3]: 60.884052 60.540619
[3]: 132.190628 131.771637
[3]: 127.555870 126.479179
[3]: 135.018875 135.141663
[3]: 129.800400 130.633560
[3]: 134.371796 135.352875
[3]: 126.195770 125.978561
[3]: 117.243446 119.108917
[3]: 126.283394 127.657806
[3]: 127.313126 128.203644
[3]: 132.337860 132.660767
[3]: 128.686569 129.234131
[3]: 130.574905 131.750046
[3]: 132.879364 132.714172
[3]: 158.646301 155.685638
[3]: 123.964890 124.603302
[3]: 124.086533 122.442459
[3]: 125.696861 124.990410
[3]: 137.875854 136.959061
[3]: 131.633820 132.554504
[3]: 130.654572 128.384995
[3]: 130.120087 129.326920
[3]: 120.960442 120.673088
[3]: 126.168152 128.321609
[3]: 129.750626 128.891006
[3]: 125.479012 125.635117
[3]: 65.164246 64.354279
[3]: 129.067413 128.957504
[3]: 121.332237 117.774368
[3]: 125.677666 124.986511
[3]: 121.485802 121.671371
[2]: 126.796944 127.894775
[2]: 137.178925 136.264862
[2]: 136.526093 137.254089
[2]: 111.708755 113.327965
[2]: 138.592453 139.689117
[2]: 126.523781 126.364342
[2]: 129.087952 130.981094
[2]: 128.127701 128.233978
[2]: 141.556519 143.741364
[2]: 137.826416 136.178146
[2]: 114.019600 114.198883
[2]: 128.446579 130.096924
[2]: 122.422768 122.856323
[2]: 140.379272 141.394409
[2]: 131.519714 131.694214
[2]: 125.376328 125.654327
[2]: 133.840836 135.343277
[2]: 67.364456 68.268845
[2]: 130.833344 129.859833
[2]: 117.248466 117.726288
[2]: 130.937546 129.149658
[2]: 145.270859 144.983566
[2]: 141.793518 140.783249
[2]: 138.185776 136.607025
[2]: 123.687805 122.202629
[2]: 115.796539 115.770721
[2]: 125.466743 127.232552
[2]: 140.667328 141.488953
[2]: 116.555405 117.123810
[2]: 185.837402 187.028641
[2]: 115.420135 115.487915
[2]: 116.525612 115.701958
[2]: 126.238983 126.823853
[2]: 118.771927 119.795769
[1]: 126.345932 124.435265
[1]: 126.634384 126.022057
[1]: 137.148422 136.218262
[1]: 196.435699 195.582352
[1]: 127.135742 128.496063
[1]: 127.729057 127.885963
[1]: 126.690941 126.182396
[1]: 126.318161 126.707695
[1]: 138.238892 139.348587
[1]: 128.632599 128.695145
[1]: 120.623573 120.969055
[1]: 130.371613 129.116302
[1]: 128.516373 129.162750
[1]: 133.443329 133.181931
[1]: 132.734039 133.151993
[1]: 118.400314 118.258011
[1]: 133.945618 134.611816
[1]: 190.601471 191.817841
[1]: 133.062073 132.786499
[1]: 123.431969 122.490532
[1]: 125.950371 125.744560
[1]: 136.627228 135.743011
[1]: 139.787003 140.021667
[1]: 133.645660 134.113419
[1]: 128.970367 129.365189
[1]: 119.511238 119.186768
[1]: 121.544533 122.164551
[1]: 134.998917 136.165558
[1]: 126.396263 127.482735
[1]: 132.741974 131.550781
[1]: 118.467987 119.676590
[1]: 116.038582 117.413986
[1]: 125.704163 126.122925
[1]: 129.153091 130.843796
[0]: 125.691040 124.891190
[0]: 117.325218 117.632103
[0]: 118.046875 117.247887
[0]: 92.644417 91.521843
[0]: 115.484863 115.437042
[0]: 129.139603 129.795883
[0]: 123.403145 121.578682
[0]: 123.802773 123.861870
[0]: 106.255463 103.972305
[0]: 119.579308 121.032570
[0]: 153.407455 151.454742
[0]: 125.267159 124.158813
[0]: 132.294174 131.248230
[0]: 105.704453 105.238052
[0]: 116.528214 117.011108
[0]: 129.859711 130.063766
[0]: 116.667725 116.268654
[0]: 155.458023 155.970764
[0]: 124.061928 124.307205
[0]: 140.060989 141.321823
[0]: 125.209183 127.129501
[0]: 103.622917 105.662453
[0]: 105.748238 105.882210
[0]: 109.924133 112.333275
[0]: 125.532944 126.447815
[0]: 147.230087 147.295670
[0]: 131.025894 128.576889
[0]: 113.650528 112.386185
[0]: 140.112076 138.924698
[0]: 186.576553 185.904358
[0]: 144.108978 143.981277
[0]: 144.984955 146.401062
[0]: 127.851715 127.767845
[0]: 138.610443 137.356873
