[4]: 88.707100 132.432159
[4]: 128.582809 126.836334
[4]: 126.358673 117.904129
[4]: 173.925583 173.930054
[4]: 129.743607 124.594322
[4]: 128.404587 126.765602
[4]: 127.494255 122.387993
[4]: 128.454819 126.389420
[4]: 129.013443 111.252876
[4]: 129.208313 123.659187
[4]: 128.290955 133.923080
[4]: 129.186508 128.397034
[4]: 126.195290 127.930695
[4]: 129.977005 122.162163
[4]: 126.505470 123.592026
[4]: 131.019577 132.753708
[4]: 126.126457 118.670052
[4]: 61.610188 67.263580
[4]: 125.249771 125.855522
[4]: 127.343132 131.628586
[4]: 130.023270 130.921097
[4]: 129.064865 113.843704
[4]: 128.349823 117.078583
[4]: 129.642517 123.219727
[4]: 127.590263 128.845459
[4]: 126.311157 137.093811
[4]: 126.561691 133.075012
[4]: 128.380890 118.086906
[4]: 125.334076 129.906662
[4]: 125.726746 74.227898
[4]: 126.846863 133.324158
[4]: 170.533401 140.945679
[4]: 129.272003 131.868683
[4]: 123.070091 128.115768
[3]: 170.241013 129.667557
[3]: 127.482536 129.926086
[3]: 127.197144 127.448074
[3]: 88.675880 60.540619
[3]: 129.430695 131.771637
[3]: 128.583221 126.479179
[3]: 129.878830 135.141663
[3]: 128.332535 130.633560
[3]: 128.026062 135.352875
[3]: 125.340958 125.978561
[3]: 124.287186 119.108917
[3]: 128.337906 127.657806
[3]: 128.067551 128.203644
[3]: 128.679001 132.660767
[3]: 127.524612 129.234131
[3]: 131.578384 131.750046
[3]: 128.386307 132.714172
[3]: 126.229088 155.685638
[3]: 127.589111 124.603302
[3]: 126.191330 122.442459
[3]: 127.143890 124.990410
[3]: 127.723763 136.959061
[3]: 126.260963 132.554504
[3]: 128.385422 128.384995
[3]: 130.267365 129.326920
[3]: 123.263649 120.673088
[3]: 127.367172 128.321609
[3]: 128.244431 128.891006
[3]: 127.358757 125.635117
[3]: 57.794445 64.354279
[3]: 130.350708 128.957504
[3]: 81.312805 117.774368
[3]: 129.071945 124.986511
[3]: 125.512100 121.671371
[2]: 166.519073 127.894775
[2]: 131.453262 136.264862
[2]: 129.725754 137.254089
[2]: 94.612976 113.327965
[2]: 130.924286 139.689117
[2]: 126.662025 126.364342
[2]: 132.717194 130.981094
[2]: 136.712006 128.233978
[2]: 139.179001 143.741364
[2]: 133.781174 136.178146
[2]: 117.358177 114.198883
[2]: 132.323883 130.096924
[2]: 132.251022 122.856323
[2]: 138.654984 141.394409
[2]: 133.918671 131.694214
[2]: 128.977280 125.654327
[2]: 133.305603 135.343277
[2]: 124.697914 68.268845
[2]: 128.037979 129.859833
[2]: 118.541542 117.726288
[2]: 128.805237 129.149658
[2]: 133.772446 144.983566
[2]: 133.146133 140.783249
[2]: 144.463913 136.607025
[2]: 129.398254 122.202629
[2]: 121.296303 115.770721
[2]: 118.120399 127.232552
[2]: 129.846405 141.488953
[2]: 122.657753 117.123810
[2]: 186.941391 187.028641
[2]: 120.021042 115.487915
[2]: 72.130295 115.701958
[2]: 137.450989 126.823853
[2]: 114.811020 119.795769
[1]: 83.264297 124.435265
[1]: 128.311249 126.022057
[1]: 131.615005 136.218262
[1]: 175.992508 195.582352
[1]: 128.758469 128.496063
[1]: 126.096428 127.885963
[1]: 130.059341 126.182396
[1]: 129.522110 126.707695
[1]: 132.135818 139.348587
[1]: 128.967300 128.695145
[1]: 121.525635 120.969055
[1]: 127.428558 129.116302
[1]: 130.752197 129.162750
[1]: 130.331635 133.181931
[1]: 130.345749 133.151993
[1]: 125.192284 118.258011
[1]: 132.994598 134.611816
[1]: 191.591888 191.817841
[1]: 130.119476 132.786499
[1]: 121.965652 122.490532
[1]: 124.387581 125.744560
[1]: 130.197037 135.743011
[1]: 129.744125 140.021667
[1]: 134.191559 134.113419
[1]: 130.743118 129.365189
[1]: 124.492798 119.186768
[1]: 124.023407 122.164551
[1]: 129.701431 136.165558
[1]: 127.902992 127.482735
[1]: 120.467087 131.550781
[1]: 126.494957 119.676590
[1]: 163.017212 117.413986
[1]: 130.585846 126.122925
[1]: 126.022682 130.843796
[0]: 145.115189 124.891190
[0]: 119.022118 117.632103
[0]: 119.557426 117.247887
[0]: 79.830025 91.521843
[0]: 119.208374 115.437042
[0]: 127.183113 129.795883
[0]: 111.937019 121.578682
[0]: 107.271584 123.861870
[0]: 98.726509 103.972305
[0]: 115.114182 121.032570
[0]: 154.312225 151.454742
[0]: 120.262604 124.158813
[0]: 119.720779 131.248230
[0]: 100.750870 105.238052
[0]: 113.264626 117.011108
[0]: 118.316940 130.063766
[0]: 113.573036 116.268654
[0]: 141.403610 155.970764
[0]: 126.429771 124.307205
[0]: 146.096558 141.321823
[0]: 127.611763 127.129501
[0]: 114.117661 105.662453
[0]: 117.797462 105.882210
[0]: 87.200180 112.333275
[0]: 113.970024 126.447815
[0]: 150.070175 147.295670
[0]: 149.621872 128.576889
[0]: 119.376556 112.386185
[0]: 138.159424 138.924698
[0]: 166.772430 185.904358
[0]: 139.656113 143.981277
[0]: 145.279663 146.401062
[0]: 104.121925 127.767845
[0]: 156.311325 137.356873
