[19]: 2000 10 11  0 20 OSCAR       7.1   4.6   65  547 1994  7  1 18 28 RAFAEL      7.0   5.1   47  135
[18]: 2000 10 11  0 20 OSCAR       7.1   4.6   65  547 1994  7  1 18 28 RAFAEL      7.0   5.1   47  135
[17]: 1994  7  1 18 28 RAFAEL      7.0   5.1   47  135 2000 10 11  0 20 OSCAR       7.1   4.6   65  547
[14]: 1978 12  1  6  4 ALBERTO     7.1   4.7   21  674 1995  5 22  6 14 ERNESTO     7.1   4.9   53  190
[13]: 1994  7  1 18 28 RAFAEL      7.0   5.1   47  135 1978 12  1  6  4 ALBERTO     7.1   4.7   21  674
[12]: 1994  7  1 18 28 RAFAEL      7.0   5.1   47  135 1983  6 22  0 14 GORDON      7.1   5.8  130  838
[10]: 1995  5 22  6 14 ERNESTO     7.1   4.9   53  190 1978 12  1  6  4 ALBERTO     7.1   4.7   21  674
[9]: 1989  9  9  6 13 CHRIS       7.0   4.6   21  602 1995  5 22  6 14 ERNESTO     7.1   4.9   53  190
[7]: 1978 12  1  6  4 ALBERTO     7.1   4.7   21  674 2000 10 11  0 20 OSCAR       7.1   4.6   65  547
[2]: 1995  5 22  6 14 ERNESTO     7.1   4.9   53  190 1994  9  1 18 14 GORDON      7.1   3.5  114  335
[1]: 2000 10 11  0 20 OSCAR       7.1   4.6   65  547 1989  9  9  6 13 CHRIS       7.0   4.6   21  602
