[4]: 133.443832 132.432159
[4]: 126.381813 126.836334
[4]: 117.037544 117.904129
[4]: 173.255066 173.930054
[4]: 125.985817 124.594322
[4]: 126.343239 126.765602
[4]: 121.924034 122.387993
[4]: 127.687576 126.389420
[4]: 112.084206 111.252876
[4]: 122.981621 123.659187
[4]: 134.235580 133.923080
[4]: 128.924423 128.397034
[4]: 128.785965 127.930695
[4]: 122.638229 122.162163
[4]: 125.156448 123.592026
[4]: 133.891235 132.753708
[4]: 119.207146 118.670052
[4]: 67.221802 67.263580
[4]: 125.392746 125.855522
[4]: 131.515915 131.628586
[4]: 130.305923 130.921097
[4]: 114.006577 113.843704
[4]: 117.371910 117.078583
[4]: 122.454926 123.219727
[4]: 127.949623 128.845459
[4]: 136.930527 137.093811
[4]: 134.780106 133.075012
[4]: 117.541351 118.086906
[4]: 130.683060 129.906662
[4]: 73.629990 74.227898
[4]: 133.873093 133.324158
[4]: 139.544525 140.945679
[4]: 131.775513 131.868683
[4]: 128.827240 128.115768
[3]: 127.851273 129.667557
[3]: 129.484177 129.926086
[3]: 127.241264 127.448074
[3]: 60.738571 60.540619
[3]: 132.161789 131.771637
[3]: 127.450172 126.479179
[3]: 135.148026 135.141663
[3]: 129.752319 130.633560
[3]: 134.753891 135.352875
[3]: 126.098160 125.978561
[3]: 117.626961 119.108917
[3]: 126.645248 127.657806
[3]: 127.609222 128.203644
[3]: 132.328094 132.660767
[3]: 128.492386 129.234131
[3]: 131.205231 131.750046
[3]: 133.020248 132.714172
[3]: 157.583511 155.685638
[3]: 124.000778 124.603302
[3]: 123.132393 122.442459
[3]: 125.564049 124.990410
[3]: 137.132782 136.959061
[3]: 131.497620 132.554504
[3]: 129.756622 128.384995
[3]: 129.803757 129.326920
[3]: 120.856270 120.673088
[3]: 126.936691 128.321609
[3]: 129.118088 128.891006
[3]: 125.397812 125.635117
[3]: 64.561234 64.354279
[3]: 129.385391 128.957504
[3]: 120.059555 117.774368
[3]: 125.423836 124.986511
[3]: 122.228683 121.671371
[2]: 126.559578 127.894775
[2]: 137.236237 136.264862
[2]: 137.284286 137.254089
[2]: 111.903564 113.327965
[2]: 139.289078 139.689117
[2]: 126.585243 126.364342
[2]: 129.852798 130.981094
[2]: 127.988838 128.233978
[2]: 142.565796 143.741364
[2]: 137.411575 136.178146
[2]: 114.664703 114.198883
[2]: 128.873672 130.096924
[2]: 122.568260 122.856323
[2]: 140.484344 141.394409
[2]: 131.452133 131.694214
[2]: 125.299118 125.654327
[2]: 134.453415 135.343277
[2]: 67.693871 68.268845
[2]: 130.667496 129.859833
[2]: 116.943092 117.726288
[2]: 130.736664 129.149658
[2]: 144.829681 144.983566
[2]: 141.806168 140.783249
[2]: 138.281265 136.607025
[2]: 123.300552 122.202629
[2]: 115.166809 115.770721
[2]: 126.052048 127.232552
[2]: 140.743362 141.488953
[2]: 116.652267 117.123810
[2]: 185.928436 187.028641
[2]: 114.897346 115.487915
[2]: 116.978165 115.701958
[2]: 126.436440 126.823853
[2]: 119.664062 119.795769
[1]: 125.783195 124.435265
[1]: 126.240166 126.022057
[1]: 136.699005 136.218262
[1]: 196.048264 195.582352
[1]: 127.444092 128.496063
[1]: 127.659500 127.885963
[1]: 126.693413 126.182396
[1]: 127.000778 126.707695
[1]: 138.618225 139.348587
[1]: 129.385818 128.695145
[1]: 120.972687 120.969055
[1]: 130.181107 129.116302
[1]: 128.797089 129.162750
[1]: 133.436951 133.181931
[1]: 132.820908 133.151993
[1]: 118.112984 118.258011
[1]: 134.208740 134.611816
[1]: 190.935669 191.817841
[1]: 133.110809 132.786499
[1]: 123.234810 122.490532
[1]: 125.673393 125.744560
[1]: 136.247070 135.743011
[1]: 139.739822 140.021667
[1]: 133.542328 134.113419
[1]: 129.499115 129.365189
[1]: 119.647476 119.186768
[1]: 121.510124 122.164551
[1]: 135.809265 136.165558
[1]: 126.698067 127.482735
[1]: 132.285477 131.550781
[1]: 119.086601 119.676590
[1]: 116.513931 117.413986
[1]: 126.057808 126.122925
[1]: 129.368271 130.843796
[0]: 125.740364 124.891190
[0]: 117.283936 117.632103
[0]: 117.761223 117.247887
[0]: 92.339828 91.521843
[0]: 115.038376 115.437042
[0]: 129.207184 129.795883
[0]: 122.727226 121.578682
[0]: 123.359238 123.861870
[0]: 105.662056 103.972305
[0]: 119.499100 121.032570
[0]: 152.361893 151.454742
[0]: 124.812912 124.158813
[0]: 131.703781 131.248230
[0]: 105.663429 105.238052
[0]: 116.687126 117.011108
[0]: 130.037262 130.063766
[0]: 116.684982 116.268654
[0]: 155.536697 155.970764
[0]: 124.192924 124.307205
[0]: 140.784836 141.321823
[0]: 125.530090 127.129501
[0]: 104.786987 105.662453
[0]: 105.787758 105.882210
[0]: 110.380783 112.333275
[0]: 125.558853 126.447815
[0]: 147.525192 147.295670
[0]: 130.273636 128.576889
[0]: 113.814629 112.386185
[0]: 139.774185 138.924698
[0]: 186.768005 185.904358
[0]: 144.327545 143.981277
[0]: 145.136261 146.401062
[0]: 127.874992 127.767845
[0]: 137.767059 137.356873
