[4]: 132.436432 132.432159
[4]: 126.799362 126.836334
[4]: 117.888412 117.904129
[4]: 173.868729 173.930054
[4]: 124.607697 124.594322
[4]: 126.679604 126.765602
[4]: 122.325714 122.387993
[4]: 126.466827 126.389420
[4]: 111.130714 111.252876
[4]: 123.678017 123.659187
[4]: 133.959518 133.923080
[4]: 128.369125 128.397034
[4]: 127.955635 127.930695
[4]: 122.120949 122.162163
[4]: 123.584526 123.592026
[4]: 132.781265 132.753708
[4]: 118.651192 118.670052
[4]: 67.236748 67.263580
[4]: 125.831108 125.855522
[4]: 131.556503 131.628586
[4]: 130.933258 130.921097
[4]: 113.717934 113.843704
[4]: 117.019997 117.078583
[4]: 123.247696 123.219727
[4]: 128.800156 128.845459
[4]: 137.072144 137.093811
[4]: 133.107300 133.075012
[4]: 118.055077 118.086906
[4]: 129.879761 129.906662
[4]: 74.242462 74.227898
[4]: 133.265869 133.324158
[4]: 140.988022 140.945679
[4]: 131.789444 131.868683
[4]: 128.102859 128.115768
[3]: 129.735458 129.667557
[3]: 129.997818 129.926086
[3]: 127.436691 127.448074
[3]: 60.551613 60.540619
[3]: 131.858261 131.771637
[3]: 126.492752 126.479179
[3]: 135.142136 135.141663
[3]: 130.621780 130.633560
[3]: 135.372131 135.352875
[3]: 125.970840 125.978561
[3]: 119.001167 119.108917
[3]: 127.665291 127.657806
[3]: 128.176437 128.203644
[3]: 132.633865 132.660767
[3]: 129.254944 129.234131
[3]: 131.772018 131.750046
[3]: 132.739822 132.714172
[3]: 155.666763 155.685638
[3]: 124.654533 124.603302
[3]: 122.469589 122.442459
[3]: 125.010834 124.990410
[3]: 137.025024 136.959061
[3]: 132.516846 132.554504
[3]: 128.385468 128.384995
[3]: 129.427414 129.326920
[3]: 120.730782 120.673088
[3]: 128.324738 128.321609
[3]: 128.955017 128.891006
[3]: 125.710663 125.635117
[3]: 64.374008 64.354279
[3]: 128.942612 128.957504
[3]: 117.751289 117.774368
[3]: 124.951584 124.986511
[3]: 121.706146 121.671371
[2]: 127.866386 127.894775
[2]: 136.237686 136.264862
[2]: 137.294510 137.254089
[2]: 113.340408 113.327965
[2]: 139.665741 139.689117
[2]: 126.383911 126.364342
[2]: 130.983719 130.981094
[2]: 128.189484 128.233978
[2]: 143.729980 143.741364
[2]: 136.126663 136.178146
[2]: 114.197540 114.198883
[2]: 130.131454 130.096924
[2]: 122.859444 122.856323
[2]: 141.466751 141.394409
[2]: 131.719452 131.694214
[2]: 125.635246 125.654327
[2]: 135.376480 135.343277
[2]: 68.249100 68.268845
[2]: 129.898636 129.859833
[2]: 117.721207 117.726288
[2]: 129.198105 129.149658
[2]: 144.952667 144.983566
[2]: 140.801254 140.783249
[2]: 136.609711 136.607025
[2]: 122.191475 122.202629
[2]: 115.794159 115.770721
[2]: 127.198502 127.232552
[2]: 141.476501 141.488953
[2]: 117.100006 117.123810
[2]: 187.027771 187.028641
[2]: 115.497803 115.487915
[2]: 115.668846 115.701958
[2]: 126.821053 126.823853
[2]: 119.807808 119.795769
[1]: 124.430931 124.435265
[1]: 126.018608 126.022057
[1]: 136.250504 136.218262
[1]: 195.606369 195.582352
[1]: 128.464798 128.496063
[1]: 127.927971 127.885963
[1]: 126.240074 126.182396
[1]: 126.687897 126.707695
[1]: 139.430847 139.348587
[1]: 128.671158 128.695145
[1]: 121.009422 120.969055
[1]: 129.168823 129.116302
[1]: 129.173721 129.162750
[1]: 133.157379 133.181931
[1]: 133.099594 133.151993
[1]: 118.238907 118.258011
[1]: 134.566498 134.611816
[1]: 191.768494 191.817841
[1]: 132.771530 132.786499
[1]: 122.528267 122.490532
[1]: 125.695297 125.744560
[1]: 135.791000 135.743011
[1]: 140.036133 140.021667
[1]: 134.056610 134.113419
[1]: 129.280487 129.365189
[1]: 119.191322 119.186768
[1]: 122.164772 122.164551
[1]: 136.149124 136.165558
[1]: 127.478745 127.482735
[1]: 131.458267 131.550781
[1]: 119.703003 119.676590
[1]: 117.433655 117.413986
[1]: 126.160179 126.122925
[1]: 130.809296 130.843796
[0]: 124.856445 124.891190
[0]: 117.635048 117.632103
[0]: 117.188416 117.247887
[0]: 91.509186 91.521843
[0]: 115.393578 115.437042
[0]: 129.804062 129.795883
[0]: 121.579597 121.578682
[0]: 123.862259 123.861870
[0]: 103.992569 103.972305
[0]: 121.103905 121.032570
[0]: 151.489014 151.454742
[0]: 124.087585 124.158813
[0]: 131.230713 131.248230
[0]: 105.264801 105.238052
[0]: 117.022644 117.011108
[0]: 130.064774 130.063766
[0]: 116.266685 116.268654
[0]: 155.927460 155.970764
[0]: 124.247116 124.307205
[0]: 141.333420 141.321823
[0]: 127.102364 127.129501
[0]: 105.700417 105.662453
[0]: 105.941895 105.882210
[0]: 112.360588 112.333275
[0]: 126.488167 126.447815
[0]: 147.231140 147.295670
[0]: 128.585571 128.576889
[0]: 112.375542 112.386185
[0]: 138.893784 138.924698
[0]: 185.925491 185.904358
[0]: 144.023163 143.981277
[0]: 146.405960 146.401062
[0]: 127.858757 127.767845
[0]: 137.333939 137.356873
