[4]: 132.711731 132.432159
[4]: 126.309929 126.836334
[4]: 117.850945 117.904129
[4]: 173.673325 173.930054
[4]: 124.498573 124.594322
[4]: 126.863556 126.765602
[4]: 122.318817 122.387993
[4]: 126.727669 126.389420
[4]: 111.550453 111.252876
[4]: 123.857849 123.659187
[4]: 133.547592 133.923080
[4]: 128.488571 128.397034
[4]: 128.077576 127.930695
[4]: 122.204346 122.162163
[4]: 123.627083 123.592026
[4]: 132.690460 132.753708
[4]: 118.770111 118.670052
[4]: 67.049187 67.263580
[4]: 125.672699 125.855522
[4]: 132.166275 131.628586
[4]: 130.883148 130.921097
[4]: 113.865860 113.843704
[4]: 117.334366 117.078583
[4]: 123.138741 123.219727
[4]: 128.708069 128.845459
[4]: 136.761932 137.093811
[4]: 133.290497 133.075012
[4]: 118.395844 118.086906
[4]: 130.041962 129.906662
[4]: 74.076393 74.227898
[4]: 133.577499 133.324158
[4]: 141.128510 140.945679
[4]: 131.835236 131.868683
[4]: 127.774788 128.115768
[3]: 129.436234 129.667557
[3]: 129.976593 129.926086
[3]: 127.175835 127.448074
[3]: 60.640144 60.540619
[3]: 131.671585 131.771637
[3]: 126.667290 126.479179
[3]: 135.193771 135.141663
[3]: 130.607849 130.633560
[3]: 135.305176 135.352875
[3]: 125.507057 125.978561
[3]: 119.018333 119.108917
[3]: 127.726654 127.657806
[3]: 128.046722 128.203644
[3]: 132.656921 132.660767
[3]: 128.857483 129.234131
[3]: 131.890015 131.750046
[3]: 132.563766 132.714172
[3]: 155.969894 155.685638
[3]: 124.564629 124.603302
[3]: 122.212265 122.442459
[3]: 125.202202 124.990410
[3]: 137.112411 136.959061
[3]: 132.452454 132.554504
[3]: 128.713470 128.384995
[3]: 129.373657 129.326920
[3]: 120.836182 120.673088
[3]: 128.199081 128.321609
[3]: 128.861298 128.891006
[3]: 125.529526 125.635117
[3]: 64.364227 64.354279
[3]: 128.621033 128.957504
[3]: 117.469460 117.774368
[3]: 125.106636 124.986511
[3]: 122.076370 121.671371
[2]: 127.920013 127.894775
[2]: 136.516022 136.264862
[2]: 137.361923 137.254089
[2]: 113.346588 113.327965
[2]: 139.251099 139.689117
[2]: 126.396599 126.364342
[2]: 131.051758 130.981094
[2]: 128.040787 128.233978
[2]: 143.370514 143.741364
[2]: 136.406769 136.178146
[2]: 114.587265 114.198883
[2]: 129.730621 130.096924
[2]: 122.714561 122.856323
[2]: 141.260880 141.394409
[2]: 131.797165 131.694214
[2]: 125.235031 125.654327
[2]: 134.904037 135.343277
[2]: 68.235748 68.268845
[2]: 129.963989 129.859833
[2]: 117.523254 117.726288
[2]: 129.310562 129.149658
[2]: 145.005402 144.983566
[2]: 140.761475 140.783249
[2]: 136.307388 136.607025
[2]: 122.230423 122.202629
[2]: 115.882881 115.770721
[2]: 126.947365 127.232552
[2]: 141.518250 141.488953
[2]: 117.028145 117.123810
[2]: 187.036652 187.028641
[2]: 115.423790 115.487915
[2]: 115.797249 115.701958
[2]: 126.894012 126.823853
[2]: 119.832947 119.795769
[1]: 124.252686 124.435265
[1]: 126.343651 126.022057
[1]: 136.349030 136.218262
[1]: 195.731720 195.582352
[1]: 129.008179 128.496063
[1]: 127.704285 127.885963
[1]: 126.149185 126.182396
[1]: 126.551056 126.707695
[1]: 139.137024 139.348587
[1]: 128.842712 128.695145
[1]: 121.284721 120.969055
[1]: 129.128143 129.116302
[1]: 129.099686 129.162750
[1]: 133.224701 133.181931
[1]: 133.501877 133.151993
[1]: 118.400780 118.258011
[1]: 134.792511 134.611816
[1]: 191.797974 191.817841
[1]: 133.044586 132.786499
[1]: 122.039749 122.490532
[1]: 125.391037 125.744560
[1]: 135.605148 135.743011
[1]: 139.792053 140.021667
[1]: 134.083008 134.113419
[1]: 129.420105 129.365189
[1]: 119.378952 119.186768
[1]: 122.101639 122.164551
[1]: 135.543335 136.165558
[1]: 127.406082 127.482735
[1]: 131.532120 131.550781
[1]: 120.106628 119.676590
[1]: 117.486908 117.413986
[1]: 126.121666 126.122925
[1]: 130.568115 130.843796
[0]: 125.012169 124.891190
[0]: 117.464516 117.632103
[0]: 117.277168 117.247887
[0]: 91.434868 91.521843
[0]: 115.484741 115.437042
[0]: 129.657608 129.795883
[0]: 121.530769 121.578682
[0]: 123.894325 123.861870
[0]: 104.211349 103.972305
[0]: 120.876160 121.032570
[0]: 151.304001 151.454742
[0]: 124.348221 124.158813
[0]: 131.511230 131.248230
[0]: 105.184776 105.238052
[0]: 116.847275 117.011108
[0]: 130.292343 130.063766
[0]: 116.541222 116.268654
[0]: 156.222061 155.970764
[0]: 124.131302 124.307205
[0]: 141.779404 141.321823
[0]: 127.146301 127.129501
[0]: 105.476257 105.662453
[0]: 105.886185 105.882210
[0]: 112.341362 112.333275
[0]: 126.472321 126.447815
[0]: 147.238342 147.295670
[0]: 128.862442 128.576889
[0]: 112.643211 112.386185
[0]: 139.149551 138.924698
[0]: 185.948837 185.904358
[0]: 143.764572 143.981277
[0]: 146.449097 146.401062
[0]: 127.601387 127.767845
[0]: 137.593765 137.356873
