[4]: 133.398132 132.432159
[4]: 126.426956 126.836334
[4]: 117.212051 117.904129
[4]: 173.321396 173.930054
[4]: 125.784943 124.594322
[4]: 126.431702 126.765602
[4]: 121.929131 122.387993
[4]: 127.554520 126.389420
[4]: 111.854065 111.252876
[4]: 122.945915 123.659187
[4]: 134.170166 133.923080
[4]: 128.869751 128.397034
[4]: 128.683823 127.930695
[4]: 122.467499 122.162163
[4]: 124.918999 123.592026
[4]: 133.915436 132.753708
[4]: 119.051155 118.670052
[4]: 67.316254 67.263580
[4]: 125.321404 125.855522
[4]: 131.742416 131.628586
[4]: 130.370026 130.921097
[4]: 114.068176 113.843704
[4]: 117.283234 117.078583
[4]: 122.599968 123.219727
[4]: 128.010696 128.845459
[4]: 137.063828 137.093811
[4]: 134.583969 133.075012
[4]: 117.450790 118.086906
[4]: 130.540894 129.906662
[4]: 73.730698 74.227898
[4]: 133.534012 133.324158
[4]: 139.665771 140.945679
[4]: 131.746140 131.868683
[4]: 128.675827 128.115768
[3]: 128.098343 129.667557
[3]: 129.456726 129.926086
[3]: 126.958832 127.448074
[3]: 60.835808 60.540619
[3]: 132.122162 131.771637
[3]: 127.416031 126.479179
[3]: 135.155991 135.141663
[3]: 129.976105 130.633560
[3]: 134.984619 135.352875
[3]: 126.059364 125.978561
[3]: 117.613266 119.108917
[3]: 126.912903 127.657806
[3]: 127.928291 128.203644
[3]: 132.329559 132.660767
[3]: 128.753860 129.234131
[3]: 131.397049 131.750046
[3]: 133.042023 132.714172
[3]: 157.314407 155.685638
[3]: 123.979614 124.603302
[3]: 122.897202 122.442459
[3]: 125.492737 124.990410
[3]: 137.041397 136.959061
[3]: 131.878143 132.554504
[3]: 129.666061 128.384995
[3]: 129.541794 129.326920
[3]: 120.682396 120.673088
[3]: 127.106468 128.321609
[3]: 129.083420 128.891006
[3]: 125.662399 125.635117
[3]: 64.461487 64.354279
[3]: 129.611542 128.957504
[3]: 119.879707 117.774368
[3]: 125.265427 124.986511
[3]: 122.313309 121.671371
[2]: 126.478943 127.894775
[2]: 137.174622 136.264862
[2]: 137.335999 137.254089
[2]: 112.096924 113.327965
[2]: 139.357056 139.689117
[2]: 126.536858 126.364342
[2]: 129.960831 130.981094
[2]: 128.076736 128.233978
[2]: 142.601074 143.741364
[2]: 137.321548 136.178146
[2]: 114.726784 114.198883
[2]: 128.882812 130.096924
[2]: 122.507896 122.856323
[2]: 140.679642 141.394409
[2]: 131.500961 131.694214
[2]: 125.145264 125.654327
[2]: 134.388321 135.343277
[2]: 67.641510 68.268845
[2]: 130.748718 129.859833
[2]: 116.912491 117.726288
[2]: 130.652206 129.149658
[2]: 144.766434 144.983566
[2]: 141.770905 140.783249
[2]: 138.008377 136.607025
[2]: 123.155792 122.202629
[2]: 115.234047 115.770721
[2]: 126.147255 127.232552
[2]: 140.941849 141.488953
[2]: 116.653076 117.123810
[2]: 185.998962 187.028641
[2]: 114.960831 115.487915
[2]: 116.957642 115.701958
[2]: 126.379707 126.823853
[2]: 119.757660 119.795769
[1]: 125.615097 124.435265
[1]: 126.344826 126.022057
[1]: 136.619995 136.218262
[1]: 195.998596 195.582352
[1]: 127.624260 128.496063
[1]: 127.657578 127.885963
[1]: 126.670319 126.182396
[1]: 126.847237 126.707695
[1]: 138.738190 139.348587
[1]: 129.429642 128.695145
[1]: 121.021202 120.969055
[1]: 130.043335 129.116302
[1]: 128.731979 129.162750
[1]: 133.406097 133.181931
[1]: 132.812363 133.151993
[1]: 117.999763 118.258011
[1]: 134.340240 134.611816
[1]: 191.084259 191.817841
[1]: 133.238892 132.786499
[1]: 123.115173 122.490532
[1]: 125.622086 125.744560
[1]: 136.205505 135.743011
[1]: 139.614319 140.021667
[1]: 133.560577 134.113419
[1]: 129.609741 129.365189
[1]: 119.624336 119.186768
[1]: 121.551567 122.164551
[1]: 135.837067 136.165558
[1]: 126.668297 127.482735
[1]: 132.292404 131.550781
[1]: 119.194702 119.676590
[1]: 116.674507 117.413986
[1]: 126.210625 126.122925
[1]: 129.414185 130.843796
[0]: 125.787163 124.891190
[0]: 117.231880 117.632103
[0]: 117.944923 117.247887
[0]: 92.108688 91.521843
[0]: 115.047012 115.437042
[0]: 129.201340 129.795883
[0]: 122.625633 121.578682
[0]: 123.334824 123.861870
[0]: 105.533241 103.972305
[0]: 119.649567 121.032570
[0]: 152.290894 151.454742
[0]: 124.726601 124.158813
[0]: 131.593201 131.248230
[0]: 105.706612 105.238052
[0]: 116.632584 117.011108
[0]: 130.072830 130.063766
[0]: 116.777214 116.268654
[0]: 155.609253 155.970764
[0]: 124.078751 124.307205
[0]: 140.938324 141.321823
[0]: 125.689461 127.129501
[0]: 104.978638 105.662453
[0]: 105.688087 105.882210
[0]: 110.627777 112.333275
[0]: 125.811874 126.447815
[0]: 147.488724 147.295670
[0]: 130.139313 128.576889
[0]: 113.742043 112.386185
[0]: 139.648026 138.924698
[0]: 186.754654 185.904358
[0]: 144.220718 143.981277
[0]: 145.010986 146.401062
[0]: 127.969719 127.767845
[0]: 137.661667 137.356873
