[4]: 133.538437 132.432159
[4]: 125.961281 126.836334
[4]: 116.668137 117.904129
[4]: 172.638550 173.930054
[4]: 126.695129 124.594322
[4]: 126.856689 126.765602
[4]: 122.261665 122.387993
[4]: 128.126541 126.389420
[4]: 114.333046 111.252876
[4]: 123.352875 123.659187
[4]: 135.411118 133.923080
[4]: 128.591019 128.397034
[4]: 128.909653 127.930695
[4]: 122.201622 122.162163
[4]: 124.797752 123.592026
[4]: 134.497055 132.753708
[4]: 120.599831 118.670052
[4]: 67.649170 67.263580
[4]: 125.714172 125.855522
[4]: 130.444946 131.628586
[4]: 129.694580 130.921097
[4]: 113.495239 113.843704
[4]: 116.948219 117.078583
[4]: 121.965607 123.219727
[4]: 128.148895 128.845459
[4]: 136.645081 137.093811
[4]: 135.402847 133.075012
[4]: 118.446838 118.086906
[4]: 130.432434 129.906662
[4]: 72.595970 74.227898
[4]: 134.209656 133.324158
[4]: 139.042648 140.945679
[4]: 132.022110 131.868683
[4]: 130.606354 128.115768
[3]: 126.757370 129.667557
[3]: 129.103714 129.926086
[3]: 127.442001 127.448074
[3]: 60.861713 60.540619
[3]: 131.987335 131.771637
[3]: 127.326714 126.479179
[3]: 135.200394 135.141663
[3]: 129.555573 130.633560
[3]: 134.102386 135.352875
[3]: 126.150726 125.978561
[3]: 116.862259 119.108917
[3]: 126.224640 127.657806
[3]: 127.543526 128.203644
[3]: 132.717331 132.660767
[3]: 128.943054 129.234131
[3]: 130.576141 131.750046
[3]: 132.984283 132.714172
[3]: 158.946106 155.685638
[3]: 123.596718 124.603302
[3]: 124.161911 122.442459
[3]: 126.172783 124.990410
[3]: 138.178406 136.959061
[3]: 131.716858 132.554504
[3]: 130.913574 128.384995
[3]: 130.271408 129.326920
[3]: 121.080406 120.673088
[3]: 125.793663 128.321609
[3]: 129.623856 128.891006
[3]: 125.984200 125.635117
[3]: 65.448257 64.354279
[3]: 129.049118 128.957504
[3]: 121.206573 117.774368
[3]: 125.638168 124.986511
[3]: 121.047089 121.671371
[2]: 126.957497 127.894775
[2]: 137.141937 136.264862
[2]: 136.649231 137.254089
[2]: 111.596680 113.327965
[2]: 138.175430 139.689117
[2]: 126.271271 126.364342
[2]: 128.902725 130.981094
[2]: 128.208435 128.233978
[2]: 141.194565 143.741364
[2]: 137.898102 136.178146
[2]: 113.934296 114.198883
[2]: 128.671722 130.096924
[2]: 122.464317 122.856323
[2]: 140.441986 141.394409
[2]: 131.695724 131.694214
[2]: 125.358185 125.654327
[2]: 133.388168 135.343277
[2]: 66.959091 68.268845
[2]: 130.967865 129.859833
[2]: 117.870262 117.726288
[2]: 131.083969 129.149658
[2]: 145.330841 144.983566
[2]: 141.946899 140.783249
[2]: 137.918503 136.607025
[2]: 123.589424 122.202629
[2]: 115.797226 115.770721
[2]: 125.538391 127.232552
[2]: 140.265213 141.488953
[2]: 116.438164 117.123810
[2]: 185.761108 187.028641
[2]: 115.689102 115.487915
[2]: 116.508415 115.701958
[2]: 126.312973 126.823853
[2]: 118.353958 119.795769
[1]: 126.410446 124.435265
[1]: 127.037315 126.022057
[1]: 137.425766 136.218262
[1]: 196.280243 195.582352
[1]: 127.214706 128.496063
[1]: 127.440918 127.885963
[1]: 126.512512 126.182396
[1]: 125.898010 126.707695
[1]: 137.833572 139.348587
[1]: 128.207245 128.695145
[1]: 120.413170 120.969055
[1]: 130.548431 129.116302
[1]: 128.353851 129.162750
[1]: 133.373840 133.181931
[1]: 132.686874 133.151993
[1]: 118.494400 118.258011
[1]: 133.935242 134.611816
[1]: 190.613571 191.817841
[1]: 133.299438 132.786499
[1]: 123.075874 122.490532
[1]: 125.977142 125.744560
[1]: 136.954208 135.743011
[1]: 139.835358 140.021667
[1]: 133.551926 134.113419
[1]: 128.736160 129.365189
[1]: 119.309387 119.186768
[1]: 121.353310 122.164551
[1]: 135.209351 136.165558
[1]: 126.171249 127.482735
[1]: 133.415573 131.550781
[1]: 118.749611 119.676590
[1]: 116.147156 117.413986
[1]: 125.800293 126.122925
[1]: 129.097168 130.843796
[0]: 125.663795 124.891190
[0]: 117.355339 117.632103
[0]: 117.886238 117.247887
[0]: 92.563477 91.521843
[0]: 115.885376 115.437042
[0]: 129.377136 129.795883
[0]: 123.555199 121.578682
[0]: 124.064728 123.861870
[0]: 106.332672 103.972305
[0]: 119.825043 121.032570
[0]: 153.344910 151.454742
[0]: 125.437469 124.158813
[0]: 132.251312 131.248230
[0]: 105.803070 105.238052
[0]: 116.457901 117.011108
[0]: 129.527618 130.063766
[0]: 116.693962 116.268654
[0]: 155.376801 155.970764
[0]: 123.764633 124.307205
[0]: 140.001373 141.321823
[0]: 124.785576 127.129501
[0]: 102.914162 105.662453
[0]: 105.777382 105.882210
[0]: 110.013962 112.333275
[0]: 125.352150 126.447815
[0]: 147.265106 147.295670
[0]: 131.525467 128.576889
[0]: 113.491684 112.386185
[0]: 140.232788 138.924698
[0]: 186.446518 185.904358
[0]: 143.844009 143.981277
[0]: 145.283463 146.401062
[0]: 127.753342 127.767845
[0]: 138.861755 137.356873
