[4]: 133.514603 132.432159
[4]: 126.090256 126.836334
[4]: 117.207268 117.904129
[4]: 172.948700 173.930054
[4]: 126.460693 124.594322
[4]: 126.121292 126.765602
[4]: 122.207977 122.387993
[4]: 127.612381 126.389420
[4]: 113.271240 111.252876
[4]: 123.275436 123.659187
[4]: 134.885208 133.923080
[4]: 129.123032 128.397034
[4]: 129.232132 127.930695
[4]: 122.608269 122.162163
[4]: 125.081230 123.592026
[4]: 134.182098 132.753708
[4]: 120.162537 118.670052
[4]: 67.274086 67.263580
[4]: 125.273293 125.855522
[4]: 130.826935 131.628586
[4]: 130.100632 130.921097
[4]: 113.506851 113.843704
[4]: 117.233475 117.078583
[4]: 121.948616 123.219727
[4]: 127.755440 128.845459
[4]: 136.610092 137.093811
[4]: 135.408829 133.075012
[4]: 117.804611 118.086906
[4]: 130.713715 129.906662
[4]: 73.179482 74.227898
[4]: 134.459183 133.324158
[4]: 139.457367 140.945679
[4]: 132.232758 131.868683
[4]: 129.954086 128.115768
[3]: 126.873367 129.667557
[3]: 129.285141 129.926086
[3]: 126.938599 127.448074
[3]: 60.634171 60.540619
[3]: 132.007263 131.771637
[3]: 127.544258 126.479179
[3]: 135.170929 135.141663
[3]: 129.752518 130.633560
[3]: 134.416687 135.352875
[3]: 126.030853 125.978561
[3]: 117.263885 119.108917
[3]: 126.277084 127.657806
[3]: 127.227562 128.203644
[3]: 132.368256 132.660767
[3]: 128.709869 129.234131
[3]: 130.877045 131.750046
[3]: 132.815018 132.714172
[3]: 158.090302 155.685638
[3]: 123.925552 124.603302
[3]: 124.073982 122.442459
[3]: 125.581596 124.990410
[3]: 137.844620 136.959061
[3]: 131.575729 132.554504
[3]: 130.476990 128.384995
[3]: 130.044846 129.326920
[3]: 121.312088 120.673088
[3]: 126.324348 128.321609
[3]: 129.833847 128.891006
[3]: 125.507698 125.635117
[3]: 65.102730 64.354279
[3]: 129.103745 128.957504
[3]: 121.080696 117.774368
[3]: 125.439575 124.986511
[3]: 121.373802 121.671371
[2]: 126.433403 127.894775
[2]: 137.214188 136.264862
[2]: 136.376190 137.254089
[2]: 111.878899 113.327965
[2]: 138.475571 139.689117
[2]: 126.377861 126.364342
[2]: 129.319061 130.981094
[2]: 127.964272 128.233978
[2]: 141.302124 143.741364
[2]: 137.574554 136.178146
[2]: 113.996422 114.198883
[2]: 128.456802 130.096924
[2]: 122.482895 122.856323
[2]: 140.300049 141.394409
[2]: 131.612595 131.694214
[2]: 125.435310 125.654327
[2]: 133.749207 135.343277
[2]: 67.259071 68.268845
[2]: 130.955048 129.859833
[2]: 117.091026 117.726288
[2]: 130.889236 129.149658
[2]: 145.319458 144.983566
[2]: 141.640121 140.783249
[2]: 138.121902 136.607025
[2]: 123.767746 122.202629
[2]: 116.058403 115.770721
[2]: 125.399429 127.232552
[2]: 140.646164 141.488953
[2]: 116.808243 117.123810
[2]: 185.957993 187.028641
[2]: 115.329330 115.487915
[2]: 116.522995 115.701958
[2]: 126.361076 126.823853
[2]: 118.516075 119.795769
[1]: 126.673264 124.435265
[1]: 126.658279 126.022057
[1]: 137.264084 136.218262
[1]: 196.037643 195.582352
[1]: 127.403740 128.496063
[1]: 127.694923 127.885963
[1]: 126.465454 126.182396
[1]: 126.466156 126.707695
[1]: 138.362289 139.348587
[1]: 128.787537 128.695145
[1]: 120.640503 120.969055
[1]: 130.107666 129.116302
[1]: 128.544174 129.162750
[1]: 133.363922 133.181931
[1]: 132.794983 133.151993
[1]: 118.172485 118.258011
[1]: 134.167206 134.611816
[1]: 190.775818 191.817841
[1]: 133.251511 132.786499
[1]: 123.313690 122.490532
[1]: 126.331314 125.744560
[1]: 136.553253 135.743011
[1]: 140.034851 140.021667
[1]: 133.738632 134.113419
[1]: 129.056198 129.365189
[1]: 119.198257 119.186768
[1]: 121.441933 122.164551
[1]: 135.323090 136.165558
[1]: 126.252449 127.482735
[1]: 132.324722 131.550781
[1]: 118.964912 119.676590
[1]: 116.055038 117.413986
[1]: 125.671013 126.122925
[1]: 129.447754 130.843796
[0]: 125.883286 124.891190
[0]: 117.336464 117.632103
[0]: 118.234375 117.247887
[0]: 92.803238 91.521843
[0]: 115.563179 115.437042
[0]: 129.536575 129.795883
[0]: 123.206314 121.578682
[0]: 124.047424 123.861870
[0]: 106.322433 103.972305
[0]: 119.707268 121.032570
[0]: 153.230423 151.454742
[0]: 125.526596 124.158813
[0]: 132.031158 131.248230
[0]: 105.857117 105.238052
[0]: 116.353500 117.011108
[0]: 129.869858 130.063766
[0]: 116.645721 116.268654
[0]: 155.795227 155.970764
[0]: 123.930107 124.307205
[0]: 140.299194 141.321823
[0]: 124.827164 127.129501
[0]: 103.595543 105.662453
[0]: 105.633926 105.882210
[0]: 110.034515 112.333275
[0]: 125.492165 126.447815
[0]: 146.971603 147.295670
[0]: 131.049240 128.576889
[0]: 113.334656 112.386185
[0]: 139.994232 138.924698
[0]: 186.695038 185.904358
[0]: 143.724655 143.981277
[0]: 145.161987 146.401062
[0]: 127.871666 127.767845
[0]: 138.680145 137.356873
