[4]: 86.819901 132.432159
[4]: 128.510483 126.836334
[4]: 166.633408 117.904129
[4]: 169.634308 173.930054
[4]: 125.700691 124.594322
[4]: 83.715912 126.765602
[4]: 129.002045 122.387993
[4]: 124.363136 126.389420
[4]: 128.041183 111.252876
[4]: 125.963036 123.659187
[4]: 129.927094 133.923080
[4]: 127.898438 128.397034
[4]: 126.379509 127.930695
[4]: 132.095169 122.162163
[4]: 126.845741 123.592026
[4]: 130.343689 132.753708
[4]: 125.884628 118.670052
[4]: 64.483498 67.263580
[4]: 125.622665 125.855522
[4]: 128.802628 131.628586
[4]: 132.207092 130.921097
[4]: 127.426582 113.843704
[4]: 128.369659 117.078583
[4]: 127.673317 123.219727
[4]: 128.386551 128.845459
[4]: 128.688797 137.093811
[4]: 128.742905 133.075012
[4]: 127.994370 118.086906
[4]: 125.932465 129.906662
[4]: 127.460091 74.227898
[4]: 128.065231 133.324158
[4]: 172.938980 140.945679
[4]: 126.457275 131.868683
[4]: 82.667564 128.115768
[3]: 126.896202 129.667557
[3]: 126.909988 129.926086
[3]: 85.313759 127.448074
[3]: 125.374786 60.540619
[3]: 126.293907 131.771637
[3]: 170.218826 126.479179
[3]: 127.511139 135.141663
[3]: 126.277176 130.633560
[3]: 126.985512 135.352875
[3]: 124.647881 125.978561
[3]: 126.860199 119.108917
[3]: 128.138138 127.657806
[3]: 129.821381 128.203644
[3]: 129.319565 132.660767
[3]: 127.576187 129.234131
[3]: 126.864670 131.750046
[3]: 128.830200 132.714172
[3]: 191.487717 155.685638
[3]: 126.405556 124.603302
[3]: 127.135078 122.442459
[3]: 127.167191 124.990410
[3]: 127.411301 136.959061
[3]: 128.913055 132.554504
[3]: 128.898438 128.384995
[3]: 128.741272 129.326920
[3]: 130.307877 120.673088
[3]: 128.174911 128.321609
[3]: 127.278137 128.891006
[3]: 128.803635 125.635117
[3]: 127.803833 64.354279
[3]: 129.001205 128.957504
[3]: 126.041428 117.774368
[3]: 127.883240 124.986511
[3]: 170.842194 121.671371
[2]: 129.377274 127.894775
[2]: 126.816551 136.264862
[2]: 84.146965 137.254089
[2]: 129.385910 113.327965
[2]: 129.951660 139.689117
[2]: 169.534607 126.364342
[2]: 126.271301 130.981094
[2]: 128.902344 128.233978
[2]: 126.353874 143.741364
[2]: 129.638321 136.178146
[2]: 128.082764 114.198883
[2]: 127.874115 130.096924
[2]: 126.050339 122.856323
[2]: 124.033844 141.394409
[2]: 126.619308 131.694214
[2]: 128.692734 125.654327
[2]: 126.631172 135.343277
[2]: 63.670620 68.268845
[2]: 127.240494 129.859833
[2]: 126.740234 117.726288
[2]: 127.644646 129.149658
[2]: 128.253250 144.983566
[2]: 126.805145 140.783249
[2]: 125.111961 136.607025
[2]: 126.516953 122.202629
[2]: 125.563751 115.770721
[2]: 128.340591 127.232552
[2]: 128.185059 141.488953
[2]: 127.031006 117.123810
[2]: 127.011284 187.028641
[2]: 127.315910 115.487915
[2]: 128.498581 115.701958
[2]: 126.810043 126.823853
[2]: 170.359543 119.795769
[1]: 83.151466 124.435265
[1]: 126.954597 126.022057
[1]: 173.455688 136.218262
[1]: 172.179550 195.582352
[1]: 130.406311 128.496063
[1]: 86.097214 127.885963
[1]: 126.420036 126.182396
[1]: 127.386818 126.707695
[1]: 126.958572 139.348587
[1]: 128.540970 128.695145
[1]: 126.991409 120.969055
[1]: 126.597923 129.116302
[1]: 128.045914 129.162750
[1]: 124.098755 133.181931
[1]: 126.777863 133.151993
[1]: 123.406311 118.258011
[1]: 130.342819 134.611816
[1]: 190.686295 191.817841
[1]: 130.893677 132.786499
[1]: 126.186356 122.490532
[1]: 123.031296 125.744560
[1]: 128.844681 135.743011
[1]: 128.489426 140.021667
[1]: 126.852119 134.113419
[1]: 125.865715 129.365189
[1]: 126.481850 119.186768
[1]: 126.089264 122.164551
[1]: 128.502365 136.165558
[1]: 129.183151 127.482735
[1]: 127.954216 131.550781
[1]: 127.048607 119.676590
[1]: 166.715912 117.413986
[1]: 128.193787 126.122925
[1]: 87.109917 130.843796
[0]: 170.112244 124.891190
[0]: 128.417358 117.632103
[0]: 169.627853 117.247887
[0]: 84.703804 91.521843
[0]: 128.445755 115.437042
[0]: 85.415894 129.795883
[0]: 127.918182 121.578682
[0]: 127.847954 123.861870
[0]: 127.627342 103.972305
[0]: 127.239204 121.032570
[0]: 126.804787 151.454742
[0]: 128.496689 124.158813
[0]: 128.267792 131.248230
[0]: 127.586525 105.238052
[0]: 127.407555 117.011108
[0]: 128.148987 130.063766
[0]: 127.295303 116.268654
[0]: 127.850121 155.970764
[0]: 128.235001 124.307205
[0]: 126.206291 141.321823
[0]: 127.868713 127.129501
[0]: 127.393288 105.662453
[0]: 126.339615 105.882210
[0]: 127.358337 112.333275
[0]: 126.687187 126.447815
[0]: 127.247612 147.295670
[0]: 127.456131 128.576889
[0]: 126.863617 112.386185
[0]: 127.231819 138.924698
[0]: 127.455620 185.904358
[0]: 128.293259 143.981277
[0]: 85.160255 146.401062
[0]: 127.964157 127.767845
[0]: 83.961922 137.356873
