[4]: 129.802979 132.432159
[4]: 126.026794 126.836334
[4]: 124.696892 117.904129
[4]: 174.160751 173.930054
[4]: 127.345840 124.594322
[4]: 127.308510 126.765602
[4]: 123.701477 122.387993
[4]: 127.159943 126.389420
[4]: 120.704361 111.252876
[4]: 126.267387 123.659187
[4]: 133.059998 133.923080
[4]: 128.444336 128.397034
[4]: 128.191818 127.930695
[4]: 124.875969 122.162163
[4]: 125.575508 123.592026
[4]: 129.919510 132.753708
[4]: 123.659973 118.670052
[4]: 92.324638 67.263580
[4]: 127.517097 125.855522
[4]: 128.712021 131.628586
[4]: 128.866074 130.921097
[4]: 119.100754 113.843704
[4]: 122.924294 117.078583
[4]: 124.457527 123.219727
[4]: 125.771240 128.845459
[4]: 131.956299 137.093811
[4]: 131.307632 133.075012
[4]: 124.473587 118.086906
[4]: 129.402802 129.906662
[4]: 125.800720 74.227898
[4]: 129.104996 133.324158
[4]: 132.994278 140.945679
[4]: 130.187424 131.868683
[4]: 1416182385082368.000000 128.115768
[3]: 127.901779 129.667557
[3]: 127.471359 129.926086
[3]: 127.379921 127.448074
[3]: 127.525314 60.540619
[3]: 128.181427 131.771637
[3]: 127.423538 126.479179
[3]: 127.356049 135.141663
[3]: 127.222542 130.633560
[3]: 127.118706 135.352875
[3]: 127.188004 125.978561
[3]: 127.549744 119.108917
[3]: 127.940575 127.657806
[3]: 127.842880 128.203644
[3]: 127.267906 132.660767
[3]: 127.105331 129.234131
[3]: 127.644928 131.750046
[3]: 127.718880 132.714172
[3]: 127.781891 155.685638
[3]: 127.534515 124.603302
[3]: 126.893906 122.442459
[3]: 127.576462 124.990410
[3]: 127.796494 136.959061
[3]: 127.622307 132.554504
[3]: 127.162994 128.384995
[3]: 127.269859 129.326920
[3]: 127.681412 120.673088
[3]: 127.846275 128.321609
[3]: 127.641411 128.891006
[3]: 127.656830 125.635117
[3]: 127.495361 64.354279
[3]: 128.044312 128.957504
[3]: 127.318626 117.774368
[3]: 127.497551 124.986511
[3]: 700976243671040.000000 121.671371
[2]: 126.567116 127.894775
[2]: 133.067963 136.264862
[2]: 133.144897 137.254089
[2]: 103.919037 113.327965
[2]: 133.485779 139.689117
[2]: 126.188377 126.364342
[2]: 127.031593 130.981094
[2]: 127.237747 128.233978
[2]: 133.425018 143.741364
[2]: 135.359406 136.178146
[2]: 121.700981 114.198883
[2]: 127.630554 130.096924
[2]: 125.102463 122.856323
[2]: 134.055817 141.394409
[2]: 129.145828 131.694214
[2]: 125.716042 125.654327
[2]: 129.746582 135.343277
[2]: 76.055939 68.268845
[2]: 129.808777 129.859833
[2]: 122.776001 117.726288
[2]: 130.849228 129.149658
[2]: 137.957687 144.983566
[2]: 135.508209 140.783249
[2]: 132.043060 136.607025
[2]: 123.731583 122.202629
[2]: 121.465279 115.770721
[2]: 125.683456 127.232552
[2]: 134.512054 141.488953
[2]: 120.390945 117.123810
[2]: 192.090317 187.028641
[2]: 120.974541 115.487915
[2]: 122.895187 115.701958
[2]: 127.287804 126.823853
[2]: 2713932926025728.000000 119.795769
[1]: 125.971779 124.435265
[1]: 126.845497 126.022057
[1]: 135.742538 136.218262
[1]: 178.498230 195.582352
[1]: 126.770470 128.496063
[1]: 127.498329 127.885963
[1]: 126.267494 126.182396
[1]: 125.278183 126.707695
[1]: 133.955948 139.348587
[1]: 129.376740 128.695145
[1]: 125.290276 120.969055
[1]: 129.156708 129.116302
[1]: 127.889008 129.162750
[1]: 130.291473 133.181931
[1]: 130.401276 133.151993
[1]: 118.384132 118.258011
[1]: 131.305008 134.611816
[1]: 174.124680 191.817841
[1]: 132.748886 132.786499
[1]: 125.309853 122.490532
[1]: 126.064041 125.744560
[1]: 133.224594 135.743011
[1]: 135.712173 140.021667
[1]: 130.680206 134.113419
[1]: 126.504318 129.365189
[1]: 122.598434 119.186768
[1]: 122.723961 122.164551
[1]: 133.341232 136.165558
[1]: 126.906792 127.482735
[1]: 161.389374 131.550781
[1]: 121.592636 119.676590
[1]: 119.755585 117.413986
[1]: 126.265045 126.122925
[1]: 2188471863083008.000000 130.843796
[0]: 125.631073 124.891190
[0]: 117.216324 117.632103
[0]: 117.208282 117.247887
[0]: 92.701797 91.521843
[0]: 117.242523 115.437042
[0]: 129.469559 129.795883
[0]: 123.713814 121.578682
[0]: 124.761627 123.861870
[0]: 106.773643 103.972305
[0]: 119.290855 121.032570
[0]: 153.922104 151.454742
[0]: 125.769150 124.158813
[0]: 131.553345 131.248230
[0]: 105.890976 105.238052
[0]: 116.083435 117.011108
[0]: 129.572968 130.063766
[0]: 116.398926 116.268654
[0]: 155.100906 155.970764
[0]: 123.858032 124.307205
[0]: 139.439819 141.321823
[0]: 124.072716 127.129501
[0]: 101.757912 105.662453
[0]: 105.668594 105.882210
[0]: 109.705772 112.333275
[0]: 125.035362 126.447815
[0]: 147.309097 147.295670
[0]: 131.683548 128.576889
[0]: 114.639030 112.386185
[0]: 141.041672 138.924698
[0]: 186.340042 185.904358
[0]: 142.950119 143.981277
[0]: 145.161331 146.401062
[0]: 127.149315 127.767845
[0]: 3787914462887936.000000 137.356873
