[4]: 132.432159 133.328506
[4]: 126.836334 128.874374
[4]: 117.904129 123.128822
[4]: 173.930054 138.227646
[4]: 124.594322 127.611298
[4]: 126.765602 126.952187
[4]: 122.387993 127.604721
[4]: 126.389420 128.713882
[4]: 111.252876 124.700478
[4]: 123.659187 126.351997
[4]: 133.923080 122.396172
[4]: 128.397034 128.143127
[4]: 127.930695 126.870094
[4]: 122.162163 127.610153
[4]: 123.592026 130.920914
[4]: 132.753708 129.749893
[4]: 118.670052 122.589783
[4]: 67.263580 67.886116
[4]: 125.855522 126.408424
[4]: 131.628586 128.581161
[4]: 130.921097 126.763489
[4]: 113.843704 128.355499
[4]: 117.078583 125.842072
[4]: 123.219727 126.288284
[4]: 128.845459 129.197891
[4]: 137.093811 128.264099
[4]: 133.075012 131.332977
[4]: 118.086906 124.783661
[4]: 129.906662 127.215446
[4]: 74.227898 58.577084
[4]: 133.324158 128.245010
[4]: 140.945679 128.921738
[4]: 131.868683 128.462173
[4]: 128.115768 127.266708
[3]: 129.667557 130.147476
[3]: 129.926086 126.435287
[3]: 127.448074 127.642532
[3]: 60.540619 58.892006
[3]: 131.771637 131.328445
[3]: 126.479179 129.513687
[3]: 135.141663 126.979713
[3]: 130.633560 129.357727
[3]: 135.352875 128.360916
[3]: 125.978561 124.037445
[3]: 119.108917 126.818268
[3]: 127.657806 127.552658
[3]: 128.203644 126.928299
[3]: 132.660767 125.914589
[3]: 129.234131 125.911400
[3]: 131.750046 128.378967
[3]: 132.714172 128.131470
[3]: 155.685638 188.999176
[3]: 124.603302 126.098808
[3]: 122.442459 130.381256
[3]: 124.990410 127.285385
[3]: 136.959061 129.670731
[3]: 132.554504 126.814056
[3]: 128.384995 129.412323
[3]: 129.326920 129.535873
[3]: 120.673088 130.128723
[3]: 128.321609 125.071060
[3]: 128.891006 126.684891
[3]: 125.635117 129.041458
[3]: 64.354279 116.792496
[3]: 128.957504 130.368240
[3]: 117.774368 124.302223
[3]: 124.986511 127.585121
[3]: 121.671371 126.543152
[2]: 127.894775 123.243774
[2]: 136.264862 128.257935
[2]: 137.254089 127.452423
[2]: 113.327965 115.528458
[2]: 139.689117 127.700333
[2]: 126.364342 127.655487
[2]: 130.981094 127.127602
[2]: 128.233978 126.390686
[2]: 143.741364 126.760605
[2]: 136.178146 133.227890
[2]: 114.198883 132.271149
[2]: 130.096924 128.211319
[2]: 122.856323 129.877029
[2]: 141.394409 127.584984
[2]: 131.694214 123.078064
[2]: 125.654327 128.119095
[2]: 135.343277 130.176895
[2]: 68.268845 69.326157
[2]: 129.859833 127.321587
[2]: 117.726288 124.322601
[2]: 129.149658 131.527313
[2]: 144.983566 124.860077
[2]: 140.783249 128.562683
[2]: 136.607025 125.910187
[2]: 122.202629 122.643105
[2]: 115.770721 126.398567
[2]: 127.232552 126.574310
[2]: 141.488953 127.752350
[2]: 117.123810 126.436417
[2]: 187.028641 196.455734
[2]: 115.487915 128.317963
[2]: 115.701958 129.890808
[2]: 126.823853 126.238693
[2]: 119.795769 124.844894
[1]: 124.435265 124.868355
[1]: 126.022057 126.288589
[1]: 136.218262 131.363266
[1]: 195.582352 198.716858
[1]: 128.496063 126.049568
[1]: 127.885963 125.537079
[1]: 126.182396 127.720428
[1]: 126.707695 124.392723
[1]: 139.348587 128.682220
[1]: 128.695145 125.080582
[1]: 120.969055 128.700714
[1]: 129.116302 127.846756
[1]: 129.162750 127.685394
[1]: 133.181931 127.969505
[1]: 133.151993 128.557388
[1]: 118.258011 124.268669
[1]: 134.611816 130.001099
[1]: 191.817841 186.094009
[1]: 132.786499 130.350998
[1]: 122.490532 124.260170
[1]: 125.744560 124.667168
[1]: 135.743011 128.323746
[1]: 140.021667 129.294617
[1]: 134.113419 127.042305
[1]: 129.365189 127.735939
[1]: 119.186768 125.906311
[1]: 122.164551 128.420425
[1]: 136.165558 131.411270
[1]: 127.482735 127.936745
[1]: 131.550781 137.978531
[1]: 119.676590 125.205154
[1]: 117.413986 126.124245
[1]: 126.122925 127.716927
[1]: 130.843796 131.073441
[0]: 124.891190 2.000000
[0]: 117.632103 238.000000
[0]: 117.247887 67.000000
[0]: 91.521843 43.000000
[0]: 115.437042 156.000000
[0]: 129.795883 168.000000
[0]: 121.578682 112.000000
[0]: 123.861870 5.000000
[0]: 103.972305 74.000000
[0]: 121.032570 4.000000
[0]: 151.454742 252.000000
[0]: 124.158813 220.000000
[0]: 131.248230 106.000000
[0]: 105.238052 176.000000
[0]: 117.011108 98.000000
[0]: 130.063766 219.000000
[0]: 116.268654 132.000000
[0]: 155.970764 254.000000
[0]: 124.307205 217.000000
[0]: 141.321823 101.000000
[0]: 127.129501 65.000000
[0]: 105.662453 93.000000
[0]: 105.882210 105.000000
[0]: 112.333275 151.000000
[0]: 126.447815 60.000000
[0]: 147.295670 190.000000
[0]: 128.576889 192.000000
[0]: 112.386185 38.000000
[0]: 138.924698 235.000000
[0]: 185.904358 232.000000
[0]: 143.981277 3.000000
[0]: 146.401062 215.000000
[0]: 127.767845 82.000000
[0]: 137.356873 665719930880.000000
