[4]: 133.441071 132.432159
[4]: 126.361610 126.836334
[4]: 117.034538 117.904129
[4]: 173.233124 173.930054
[4]: 126.029465 124.594322
[4]: 126.344025 126.765602
[4]: 121.925301 122.387993
[4]: 127.680611 126.389420
[4]: 112.121277 111.252876
[4]: 122.990181 123.659187
[4]: 134.237961 133.923080
[4]: 128.905258 128.397034
[4]: 128.786682 127.930695
[4]: 122.680847 122.162163
[4]: 125.171104 123.592026
[4]: 133.900986 132.753708
[4]: 119.195656 118.670052
[4]: 67.203423 67.263580
[4]: 125.407951 125.855522
[4]: 131.477112 131.628586
[4]: 130.313614 130.921097
[4]: 113.998260 113.843704
[4]: 117.380547 117.078583
[4]: 122.453186 123.219727
[4]: 127.906685 128.845459
[4]: 136.939087 137.093811
[4]: 134.799667 133.075012
[4]: 117.536758 118.086906
[4]: 130.690353 129.906662
[4]: 73.624367 74.227898
[4]: 133.915482 133.324158
[4]: 139.543411 140.945679
[4]: 131.772415 131.868683
[4]: 128.823425 128.115768
[3]: 127.838684 129.667557
[3]: 129.500122 129.926086
[3]: 127.245483 127.448074
[3]: 60.739586 60.540619
[3]: 132.123093 131.771637
[3]: 127.441658 126.479179
[3]: 135.145050 135.141663
[3]: 129.755219 130.633560
[3]: 134.740524 135.352875
[3]: 126.097847 125.978561
[3]: 117.628998 119.108917
[3]: 126.654633 127.657806
[3]: 127.600388 128.203644
[3]: 132.310440 132.660767
[3]: 128.481201 129.234131
[3]: 131.188278 131.750046
[3]: 133.023132 132.714172
[3]: 157.607666 155.685638
[3]: 123.976166 124.603302
[3]: 123.145294 122.442459
[3]: 125.565376 124.990410
[3]: 137.130280 136.959061
[3]: 131.484650 132.554504
[3]: 129.777496 128.384995
[3]: 129.837906 129.326920
[3]: 120.835953 120.673088
[3]: 126.904259 128.321609
[3]: 129.116135 128.891006
[3]: 125.392181 125.635117
[3]: 64.571159 64.354279
[3]: 129.368652 128.957504
[3]: 120.045952 117.774368
[3]: 125.438454 124.986511
[3]: 122.221413 121.671371
[2]: 126.558128 127.894775
[2]: 137.232376 136.264862
[2]: 137.253479 137.254089
[2]: 111.860146 113.327965
[2]: 139.315323 139.689117
[2]: 126.583954 126.364342
[2]: 129.828033 130.981094
[2]: 127.991714 128.233978
[2]: 142.533356 143.741364
[2]: 137.426727 136.178146
[2]: 114.671288 114.198883
[2]: 128.873215 130.096924
[2]: 122.580841 122.856323
[2]: 140.473022 141.394409
[2]: 131.460037 131.694214
[2]: 125.327354 125.654327
[2]: 134.456451 135.343277
[2]: 67.697983 68.268845
[2]: 130.686035 129.859833
[2]: 116.967491 117.726288
[2]: 130.756470 129.149658
[2]: 144.842621 144.983566
[2]: 141.783646 140.783249
[2]: 138.292938 136.607025
[2]: 123.322739 122.202629
[2]: 115.177383 115.770721
[2]: 126.027489 127.232552
[2]: 140.720139 141.488953
[2]: 116.644356 117.123810
[2]: 185.928513 187.028641
[2]: 114.892662 115.487915
[2]: 116.983421 115.701958
[2]: 126.426727 126.823853
[2]: 119.657982 119.795769
[1]: 125.805588 124.435265
[1]: 126.244530 126.022057
[1]: 136.696274 136.218262
[1]: 196.061447 195.582352
[1]: 127.422806 128.496063
[1]: 127.659660 127.885963
[1]: 126.680298 126.182396
[1]: 127.018852 126.707695
[1]: 138.596436 139.348587
[1]: 129.370209 128.695145
[1]: 120.973083 120.969055
[1]: 130.179291 129.116302
[1]: 128.791077 129.162750
[1]: 133.417068 133.181931
[1]: 132.832047 133.151993
[1]: 118.115051 118.258011
[1]: 134.209930 134.611816
[1]: 190.929016 191.817841
[1]: 133.091461 132.786499
[1]: 123.250893 122.490532
[1]: 125.663460 125.744560
[1]: 136.256012 135.743011
[1]: 139.740036 140.021667
[1]: 133.547943 134.113419
[1]: 129.501862 129.365189
[1]: 119.644760 119.186768
[1]: 121.519081 122.164551
[1]: 135.817062 136.165558
[1]: 126.705429 127.482735
[1]: 132.297440 131.550781
[1]: 119.088287 119.676590
[1]: 116.519165 117.413986
[1]: 126.053841 126.122925
[1]: 129.357101 130.843796
[0]: 125.733810 124.891190
[0]: 117.281914 117.632103
[0]: 117.787834 117.247887
[0]: 92.364632 91.521843
[0]: 115.021477 115.437042
[0]: 129.217743 129.795883
[0]: 122.768082 121.578682
[0]: 123.338776 123.861870
[0]: 105.680809 103.972305
[0]: 119.485481 121.032570
[0]: 152.364105 151.454742
[0]: 124.823830 124.158813
[0]: 131.708130 131.248230
[0]: 105.657707 105.238052
[0]: 116.655991 117.011108
[0]: 130.016495 130.063766
[0]: 116.682098 116.268654
[0]: 155.539001 155.970764
[0]: 124.201515 124.307205
[0]: 140.777267 141.321823
[0]: 125.509018 127.129501
[0]: 104.759918 105.662453
[0]: 105.801750 105.882210
[0]: 110.330185 112.333275
[0]: 125.540283 126.447815
[0]: 147.542603 147.295670
[0]: 130.307587 128.576889
[0]: 113.827866 112.386185
[0]: 139.780197 138.924698
[0]: 186.764038 185.904358
[0]: 144.314728 143.981277
[0]: 145.153152 146.401062
[0]: 127.877853 127.767845
[0]: 137.803391 137.356873
