[4]: 109.130417 132.432159
[4]: 131.437683 126.836334
[4]: 122.943596 117.904129
[4]: 200.593719 173.930054
[4]: 130.115921 124.594322
[4]: 127.902588 126.765602
[4]: 124.489639 122.387993
[4]: 128.231125 126.389420
[4]: 126.150612 111.252876
[4]: 130.240997 123.659187
[4]: 129.470779 133.923080
[4]: 129.670486 128.397034
[4]: 125.134949 127.930695
[4]: 129.039948 122.162163
[4]: 125.216171 123.592026
[4]: 130.630814 132.753708
[4]: 125.932037 118.670052
[4]: 60.790234 67.263580
[4]: 125.559296 125.855522
[4]: 129.663284 131.628586
[4]: 130.307007 130.921097
[4]: 126.751534 113.843704
[4]: 127.621300 117.078583
[4]: 126.207100 123.219727
[4]: 126.500221 128.845459
[4]: 124.748596 137.093811
[4]: 129.134323 133.075012
[4]: 127.870384 118.086906
[4]: 125.585533 129.906662
[4]: 129.109863 74.227898
[4]: 126.365089 133.324158
[4]: 162.078369 140.945679
[4]: 126.529846 131.868683
[4]: 125.193665 128.115768
[3]: 170.394882 129.667557
[3]: 126.306274 129.926086
[3]: 124.886429 127.448074
[3]: 85.985977 60.540619
[3]: 128.826630 131.771637
[3]: 126.927208 126.479179
[3]: 128.281311 135.141663
[3]: 128.046356 130.633560
[3]: 127.105957 135.352875
[3]: 125.202179 125.978561
[3]: 126.285278 119.108917
[3]: 128.733414 127.657806
[3]: 127.623428 128.203644
[3]: 127.043282 132.660767
[3]: 127.058517 129.234131
[3]: 129.644241 131.750046
[3]: 126.597504 132.714172
[3]: 127.235657 155.685638
[3]: 126.500832 124.603302
[3]: 126.778236 122.442459
[3]: 126.443024 124.990410
[3]: 127.358070 136.959061
[3]: 127.049805 132.554504
[3]: 126.720932 128.384995
[3]: 127.982201 129.326920
[3]: 125.730026 120.673088
[3]: 128.915497 128.321609
[3]: 127.147568 128.891006
[3]: 128.498215 125.635117
[3]: 63.159218 64.354279
[3]: 128.822403 128.957504
[3]: 84.157364 117.774368
[3]: 127.800766 124.986511
[3]: 126.052238 121.671371
[2]: 168.682404 127.894775
[2]: 128.691422 136.264862
[2]: 128.761475 137.254089
[2]: 82.005188 113.327965
[2]: 127.567459 139.689117
[2]: 128.267395 126.364342
[2]: 126.921883 130.981094
[2]: 127.526352 128.233978
[2]: 126.667160 143.741364
[2]: 128.885773 136.178146
[2]: 127.653969 114.198883
[2]: 127.888390 130.096924
[2]: 128.518600 122.856323
[2]: 127.945312 141.394409
[2]: 127.557022 131.694214
[2]: 126.435425 125.654327
[2]: 128.776657 135.343277
[2]: 129.066086 68.268845
[2]: 128.673630 129.859833
[2]: 126.759430 117.726288
[2]: 129.275146 129.149658
[2]: 127.803352 144.983566
[2]: 127.999619 140.783249
[2]: 127.573410 136.607025
[2]: 126.022156 122.202629
[2]: 129.225143 115.770721
[2]: 126.649803 127.232552
[2]: 127.612343 141.488953
[2]: 126.878654 117.123810
[2]: 191.503998 187.028641
[2]: 127.510468 115.487915
[2]: 86.427742 115.701958
[2]: 127.158737 126.823853
[2]: 127.971313 119.795769
[1]: 95.635086 124.435265
[1]: 124.748947 126.022057
[1]: 133.551620 136.218262
[1]: 203.272324 195.582352
[1]: 127.961212 128.496063
[1]: 127.275093 127.885963
[1]: 128.177490 126.182396
[1]: 125.206093 126.707695
[1]: 129.088745 139.348587
[1]: 125.167755 128.695145
[1]: 125.286171 120.969055
[1]: 126.509163 129.116302
[1]: 129.712402 129.162750
[1]: 126.411652 133.181931
[1]: 128.605957 133.151993
[1]: 123.482704 118.258011
[1]: 131.924484 134.611816
[1]: 192.351151 191.817841
[1]: 130.122528 132.786499
[1]: 122.861473 122.490532
[1]: 124.225845 125.744560
[1]: 127.778534 135.743011
[1]: 129.311737 140.021667
[1]: 128.791397 134.113419
[1]: 127.986687 129.365189
[1]: 127.053352 119.186768
[1]: 125.583344 122.164551
[1]: 128.406387 136.165558
[1]: 128.656540 127.482735
[1]: 126.677452 131.550781
[1]: 127.957283 119.676590
[1]: 145.523010 117.413986
[1]: 129.929306 126.122925
[1]: 131.910187 130.843796
[0]: 45.418770 124.891190
[0]: 125.775497 117.632103
[0]: 127.174576 117.247887
[0]: 92.524399 91.521843
[0]: 125.943054 115.437042
[0]: 126.387634 129.795883
[0]: 129.094757 121.578682
[0]: 126.499374 123.861870
[0]: 126.676102 103.972305
[0]: 126.371788 121.032570
[0]: 130.024109 151.454742
[0]: 126.242500 124.158813
[0]: 128.114227 131.248230
[0]: 125.296951 105.238052
[0]: 126.892792 117.011108
[0]: 127.720367 130.063766
[0]: 124.778328 116.268654
[0]: 129.940231 155.970764
[0]: 126.583832 124.307205
[0]: 128.919846 141.321823
[0]: 127.346878 127.129501
[0]: 129.912262 105.662453
[0]: 125.828827 105.882210
[0]: 126.372803 112.333275
[0]: 128.287552 126.447815
[0]: 132.930710 147.295670
[0]: 129.298203 128.576889
[0]: 127.305672 112.386185
[0]: 128.914413 138.924698
[0]: 127.077660 185.904358
[0]: 129.859390 143.981277
[0]: 208.644180 146.401062
[0]: 125.711533 127.767845
[0]: 125.969543 137.356873
