[4]: 133.205032 132.432159
[4]: 125.789993 126.836334
[4]: 117.049576 117.904129
[4]: 173.930099 173.930054
[4]: 126.765953 124.594322
[4]: 126.259827 126.765602
[4]: 121.495140 122.387993
[4]: 128.480820 126.389420
[4]: 113.575630 111.252876
[4]: 122.521309 123.659187
[4]: 135.293503 133.923080
[4]: 128.772522 128.397034
[4]: 129.212311 127.930695
[4]: 123.163040 122.162163
[4]: 125.289795 123.592026
[4]: 134.591919 132.753708
[4]: 119.898712 118.670052
[4]: 67.970428 67.263580
[4]: 125.179886 125.855522
[4]: 131.238007 131.628586
[4]: 130.029495 130.921097
[4]: 113.976120 113.843704
[4]: 117.306396 117.078583
[4]: 122.345459 123.219727
[4]: 127.460503 128.845459
[4]: 137.190872 137.093811
[4]: 135.610504 133.075012
[4]: 118.271049 118.086906
[4]: 131.012802 129.906662
[4]: 73.384674 74.227898
[4]: 134.694229 133.324158
[4]: 139.539337 140.945679
[4]: 131.460510 131.868683
[4]: 130.270340 128.115768
[3]: 127.618568 129.667557
[3]: 129.457596 129.926086
[3]: 127.506630 127.448074
[3]: 60.899048 60.540619
[3]: 131.766449 131.771637
[3]: 127.509041 126.479179
[3]: 135.635559 135.141663
[3]: 128.964996 130.633560
[3]: 134.324524 135.352875
[3]: 126.489868 125.978561
[3]: 117.335670 119.108917
[3]: 126.672203 127.657806
[3]: 127.270187 128.203644
[3]: 132.155838 132.660767
[3]: 128.212036 129.234131
[3]: 131.097992 131.750046
[3]: 133.007324 132.714172
[3]: 157.417053 155.685638
[3]: 124.219673 124.603302
[3]: 123.494774 122.442459
[3]: 126.188881 124.990410
[3]: 137.308075 136.959061
[3]: 131.493927 132.554504
[3]: 130.049347 128.384995
[3]: 130.391876 129.326920
[3]: 120.400299 120.673088
[3]: 126.624496 128.321609
[3]: 129.135101 128.891006
[3]: 125.706108 125.635117
[3]: 64.444031 64.354279
[3]: 129.006470 128.957504
[3]: 120.766136 117.774368
[3]: 125.900764 124.986511
[3]: 121.779541 121.671371
[2]: 126.812180 127.894775
[2]: 137.521957 136.264862
[2]: 136.493591 137.254089
[2]: 111.620445 113.327965
[2]: 138.277786 139.689117
[2]: 126.625946 126.364342
[2]: 129.647385 130.981094
[2]: 127.801338 128.233978
[2]: 141.656708 143.741364
[2]: 138.264481 136.178146
[2]: 114.098892 114.198883
[2]: 128.664597 130.096924
[2]: 122.127258 122.856323
[2]: 140.272766 141.394409
[2]: 131.675995 131.694214
[2]: 125.327911 125.654327
[2]: 133.881348 135.343277
[2]: 67.140167 68.268845
[2]: 130.622757 129.859833
[2]: 117.271576 117.726288
[2]: 130.770660 129.149658
[2]: 144.847641 144.983566
[2]: 141.635834 140.783249
[2]: 137.834488 136.607025
[2]: 123.685310 122.202629
[2]: 115.948120 115.770721
[2]: 125.402977 127.232552
[2]: 140.463058 141.488953
[2]: 116.411667 117.123810
[2]: 185.716705 187.028641
[2]: 115.274124 115.487915
[2]: 116.355965 115.701958
[2]: 126.529999 126.823853
[2]: 118.938080 119.795769
[1]: 125.761200 124.435265
[1]: 126.787613 126.022057
[1]: 136.997971 136.218262
[1]: 195.873779 195.582352
[1]: 127.176163 128.496063
[1]: 127.930817 127.885963
[1]: 127.139618 126.182396
[1]: 126.465210 126.707695
[1]: 137.778961 139.348587
[1]: 128.961044 128.695145
[1]: 120.050797 120.969055
[1]: 130.414017 129.116302
[1]: 128.916168 129.162750
[1]: 133.236618 133.181931
[1]: 133.040665 133.151993
[1]: 117.481186 118.258011
[1]: 134.223145 134.611816
[1]: 191.032959 191.817841
[1]: 133.329880 132.786499
[1]: 123.211296 122.490532
[1]: 125.655006 125.744560
[1]: 136.668869 135.743011
[1]: 139.547104 140.021667
[1]: 134.120529 134.113419
[1]: 129.225632 129.365189
[1]: 119.148964 119.186768
[1]: 121.348579 122.164551
[1]: 135.335648 136.165558
[1]: 126.128792 127.482735
[1]: 133.283905 131.550781
[1]: 118.641212 119.676590
[1]: 116.326294 117.413986
[1]: 126.112816 126.122925
[1]: 128.607788 130.843796
[0]: 125.987030 124.891190
[0]: 117.028603 117.632103
[0]: 118.034279 117.247887
[0]: 92.316811 91.521843
[0]: 115.993126 115.437042
[0]: 128.894089 129.795883
[0]: 122.368271 121.578682
[0]: 124.146461 123.861870
[0]: 106.465942 103.972305
[0]: 119.131950 121.032570
[0]: 153.160461 151.454742
[0]: 124.926811 124.158813
[0]: 131.964264 131.248230
[0]: 105.741005 105.238052
[0]: 116.386909 117.011108
[0]: 129.996399 130.063766
[0]: 116.572632 116.268654
[0]: 155.738342 155.970764
[0]: 124.026543 124.307205
[0]: 140.353317 141.321823
[0]: 125.115715 127.129501
[0]: 104.166222 105.662453
[0]: 106.308823 105.882210
[0]: 110.041145 112.333275
[0]: 125.330124 126.447815
[0]: 147.429779 147.295670
[0]: 130.555450 128.576889
[0]: 113.870369 112.386185
[0]: 139.967529 138.924698
[0]: 186.617813 185.904358
[0]: 143.893219 143.981277
[0]: 145.199982 146.401062
[0]: 127.521523 127.767845
[0]: 138.342575 137.356873
