[4]: 132.726807 132.432159
[4]: 127.106110 126.836334
[4]: 117.766457 117.904129
[4]: 173.488495 173.930054
[4]: 124.874306 124.594322
[4]: 126.559792 126.765602
[4]: 122.076134 122.387993
[4]: 126.348846 126.389420
[4]: 111.367325 111.252876
[4]: 123.645996 123.659187
[4]: 133.766846 133.923080
[4]: 128.405792 128.397034
[4]: 128.240372 127.930695
[4]: 122.202614 122.162163
[4]: 123.968597 123.592026
[4]: 133.162094 132.753708
[4]: 118.861061 118.670052
[4]: 67.085091 67.263580
[4]: 125.459953 125.855522
[4]: 131.877319 131.628586
[4]: 130.482635 130.921097
[4]: 113.885010 113.843704
[4]: 117.159950 117.078583
[4]: 123.199051 123.219727
[4]: 128.747269 128.845459
[4]: 137.450363 137.093811
[4]: 133.379547 133.075012
[4]: 118.201820 118.086906
[4]: 130.410706 129.906662
[4]: 74.019432 74.227898
[4]: 133.473434 133.324158
[4]: 140.396988 140.945679
[4]: 131.990646 131.868683
[4]: 128.316971 128.115768
[3]: 129.560959 129.667557
[3]: 130.008820 129.926086
[3]: 127.406494 127.448074
[3]: 60.632454 60.540619
[3]: 131.845932 131.771637
[3]: 126.841942 126.479179
[3]: 135.267090 135.141663
[3]: 130.660629 130.633560
[3]: 135.367386 135.352875
[3]: 125.826103 125.978561
[3]: 118.787621 119.108917
[3]: 127.755074 127.657806
[3]: 128.101227 128.203644
[3]: 132.570709 132.660767
[3]: 128.947784 129.234131
[3]: 131.606781 131.750046
[3]: 132.737823 132.714172
[3]: 155.934586 155.685638
[3]: 124.654930 124.603302
[3]: 122.334610 122.442459
[3]: 125.222763 124.990410
[3]: 137.032394 136.959061
[3]: 132.508041 132.554504
[3]: 128.430374 128.384995
[3]: 129.313919 129.326920
[3]: 120.605133 120.673088
[3]: 128.138458 128.321609
[3]: 128.930222 128.891006
[3]: 125.619499 125.635117
[3]: 64.329765 64.354279
[3]: 129.004990 128.957504
[3]: 118.068527 117.774368
[3]: 125.014046 124.986511
[3]: 121.699036 121.671371
[2]: 127.584839 127.894775
[2]: 136.356339 136.264862
[2]: 137.469833 137.254089
[2]: 113.304306 113.327965
[2]: 139.504471 139.689117
[2]: 126.410851 126.364342
[2]: 130.954514 130.981094
[2]: 128.174057 128.233978
[2]: 143.503906 143.741364
[2]: 136.341339 136.178146
[2]: 114.449005 114.198883
[2]: 129.909576 130.096924
[2]: 122.628174 122.856323
[2]: 141.457855 141.394409
[2]: 131.754913 131.694214
[2]: 125.256744 125.654327
[2]: 134.889618 135.343277
[2]: 68.248444 68.268845
[2]: 129.968399 129.859833
[2]: 117.494095 117.726288
[2]: 129.539902 129.149658
[2]: 144.692093 144.983566
[2]: 140.741425 140.783249
[2]: 136.844696 136.607025
[2]: 122.196411 122.202629
[2]: 115.508621 115.770721
[2]: 127.091537 127.232552
[2]: 141.563049 141.488953
[2]: 116.996727 117.123810
[2]: 187.079163 187.028641
[2]: 115.373108 115.487915
[2]: 116.069115 115.701958
[2]: 126.682526 126.823853
[2]: 119.640862 119.795769
[1]: 124.418655 124.435265
[1]: 125.716362 126.022057
[1]: 136.201324 136.218262
[1]: 195.722107 195.582352
[1]: 128.334473 128.496063
[1]: 127.854408 127.885963
[1]: 126.468170 126.182396
[1]: 126.919319 126.707695
[1]: 139.262726 139.348587
[1]: 128.733856 128.695145
[1]: 121.160355 120.969055
[1]: 129.071121 129.116302
[1]: 128.904236 129.162750
[1]: 133.139908 133.181931
[1]: 133.052155 133.151993
[1]: 117.940300 118.258011
[1]: 134.622696 134.611816
[1]: 191.601089 191.817841
[1]: 133.025101 132.786499
[1]: 122.740379 122.490532
[1]: 125.807854 125.744560
[1]: 135.789352 135.743011
[1]: 139.840500 140.021667
[1]: 133.983368 134.113419
[1]: 129.280289 129.365189
[1]: 119.143257 119.186768
[1]: 121.935249 122.164551
[1]: 135.897552 136.165558
[1]: 127.018188 127.482735
[1]: 131.627594 131.550781
[1]: 119.571007 119.676590
[1]: 117.764008 117.413986
[1]: 126.035835 126.122925
[1]: 130.514801 130.843796
[0]: 125.049812 124.891190
[0]: 117.486351 117.632103
[0]: 117.191734 117.247887
[0]: 91.427803 91.521843
[0]: 115.419838 115.437042
[0]: 129.605240 129.795883
[0]: 121.497734 121.578682
[0]: 123.708633 123.861870
[0]: 104.128304 103.972305
[0]: 120.985367 121.032570
[0]: 151.534531 151.454742
[0]: 124.285202 124.158813
[0]: 131.554565 131.248230
[0]: 105.235039 105.238052
[0]: 116.935287 117.011108
[0]: 130.593079 130.063766
[0]: 116.482666 116.268654
[0]: 155.995041 155.970764
[0]: 124.275101 124.307205
[0]: 141.169998 141.321823
[0]: 126.862617 127.129501
[0]: 105.761360 105.662453
[0]: 106.032356 105.882210
[0]: 112.157578 112.333275
[0]: 126.661049 126.447815
[0]: 147.354706 147.295670
[0]: 128.872040 128.576889
[0]: 112.394249 112.386185
[0]: 139.054871 138.924698
[0]: 186.030212 185.904358
[0]: 144.051270 143.981277
[0]: 145.932892 146.401062
[0]: 127.855171 127.767845
[0]: 137.630753 137.356873
