[4]: 133.413742 132.432159
[4]: 126.307930 126.836334
[4]: 116.916191 117.904129
[4]: 172.867844 173.930054
[4]: 126.357864 124.594322
[4]: 126.197533 126.765602
[4]: 122.131371 122.387993
[4]: 127.851852 126.389420
[4]: 113.158752 111.252876
[4]: 123.164688 123.659187
[4]: 134.740036 133.923080
[4]: 129.061890 128.397034
[4]: 129.091644 127.930695
[4]: 122.698402 122.162163
[4]: 125.202835 123.592026
[4]: 134.261475 132.753708
[4]: 120.016937 118.670052
[4]: 67.263214 67.263580
[4]: 125.363091 125.855522
[4]: 130.849869 131.628586
[4]: 130.038467 130.921097
[4]: 113.546219 113.843704
[4]: 117.218422 117.078583
[4]: 121.938431 123.219727
[4]: 127.701096 128.845459
[4]: 136.843704 137.093811
[4]: 135.298508 133.075012
[4]: 117.909073 118.086906
[4]: 130.775162 129.906662
[4]: 73.149734 74.227898
[4]: 134.374405 133.324158
[4]: 139.406937 140.945679
[4]: 132.014633 131.868683
[4]: 129.835236 128.115768
[3]: 127.132103 129.667557
[3]: 129.235596 129.926086
[3]: 127.331306 127.448074
[3]: 60.867588 60.540619
[3]: 132.082687 131.771637
[3]: 127.554123 126.479179
[3]: 135.141068 135.141663
[3]: 129.829941 130.633560
[3]: 134.421402 135.352875
[3]: 126.224220 125.978561
[3]: 117.378143 119.108917
[3]: 126.291557 127.657806
[3]: 127.264359 128.203644
[3]: 132.301147 132.660767
[3]: 128.768768 129.234131
[3]: 130.640945 131.750046
[3]: 132.991974 132.714172
[3]: 158.420624 155.685638
[3]: 124.015350 124.603302
[3]: 124.091187 122.442459
[3]: 125.647804 124.990410
[3]: 137.742264 136.959061
[3]: 131.649292 132.554504
[3]: 130.645386 128.384995
[3]: 130.123444 129.326920
[3]: 120.988464 120.673088
[3]: 126.432625 128.321609
[3]: 129.586777 128.891006
[3]: 125.421402 125.635117
[3]: 65.102333 64.354279
[3]: 129.186584 128.957504
[3]: 121.157043 117.774368
[3]: 125.572906 124.986511
[3]: 121.590370 121.671371
[2]: 126.742989 127.894775
[2]: 137.106705 136.264862
[2]: 136.721863 137.254089
[2]: 111.754700 113.327965
[2]: 138.742905 139.689117
[2]: 126.609337 126.364342
[2]: 129.284912 130.981094
[2]: 128.004456 128.233978
[2]: 141.633331 143.741364
[2]: 137.774155 136.178146
[2]: 114.052757 114.198883
[2]: 128.325790 130.096924
[2]: 122.417679 122.856323
[2]: 140.386032 141.394409
[2]: 131.543991 131.694214
[2]: 125.256851 125.654327
[2]: 133.976166 135.343277
[2]: 67.371613 68.268845
[2]: 130.815903 129.859833
[2]: 117.246414 117.726288
[2]: 130.919907 129.149658
[2]: 145.173172 144.983566
[2]: 141.784195 140.783249
[2]: 138.223145 136.607025
[2]: 123.740913 122.202629
[2]: 115.514984 115.770721
[2]: 125.314476 127.232552
[2]: 140.703217 141.488953
[2]: 116.533310 117.123810
[2]: 185.792313 187.028641
[2]: 115.358704 115.487915
[2]: 116.629425 115.701958
[2]: 126.291763 126.823853
[2]: 118.925323 119.795769
[1]: 126.219894 124.435265
[1]: 126.607964 126.022057
[1]: 137.092102 136.218262
[1]: 196.450455 195.582352
[1]: 127.176491 128.496063
[1]: 127.754593 127.885963
[1]: 126.603142 126.182396
[1]: 126.421516 126.707695
[1]: 138.146469 139.348587
[1]: 128.755905 128.695145
[1]: 120.580353 120.969055
[1]: 130.384094 129.116302
[1]: 128.598785 129.162750
[1]: 133.424469 133.181931
[1]: 132.616287 133.151993
[1]: 118.380363 118.258011
[1]: 134.019440 134.611816
[1]: 190.649261 191.817841
[1]: 132.982895 132.786499
[1]: 123.213676 122.490532
[1]: 125.939560 125.744560
[1]: 136.627960 135.743011
[1]: 139.703568 140.021667
[1]: 133.575607 134.113419
[1]: 129.050323 129.365189
[1]: 119.430229 119.186768
[1]: 121.587509 122.164551
[1]: 135.063782 136.165558
[1]: 126.454727 127.482735
[1]: 132.685043 131.550781
[1]: 118.473862 119.676590
[1]: 116.162102 117.413986
[1]: 125.845757 126.122925
[1]: 129.161087 130.843796
[0]: 125.871445 124.891190
[0]: 117.346634 117.632103
[0]: 117.986244 117.247887
[0]: 92.623352 91.521843
[0]: 115.573219 115.437042
[0]: 129.124176 129.795883
[0]: 123.194511 121.578682
[0]: 123.703674 123.861870
[0]: 106.376991 103.972305
[0]: 119.467026 121.032570
[0]: 153.228134 151.454742
[0]: 125.424629 124.158813
[0]: 132.142578 131.248230
[0]: 105.718636 105.238052
[0]: 116.455330 117.011108
[0]: 129.968613 130.063766
[0]: 116.552498 116.268654
[0]: 155.419128 155.970764
[0]: 124.212914 124.307205
[0]: 140.166229 141.321823
[0]: 125.231232 127.129501
[0]: 103.793793 105.662453
[0]: 105.846848 105.882210
[0]: 109.974205 112.333275
[0]: 125.492218 126.447815
[0]: 147.360138 147.295670
[0]: 130.959503 128.576889
[0]: 113.770485 112.386185
[0]: 140.066467 138.924698
[0]: 186.747879 185.904358
[0]: 144.174042 143.981277
[0]: 144.849594 146.401062
[0]: 127.840057 127.767845
[0]: 138.438736 137.356873
