[4]: 88.556793 132.432159
[4]: 128.976791 126.836334
[4]: 126.390350 117.904129
[4]: 175.818893 173.930054
[4]: 131.275864 124.594322
[4]: 128.621979 126.765602
[4]: 127.272308 122.387993
[4]: 131.525787 126.389420
[4]: 130.851028 111.252876
[4]: 132.149811 123.659187
[4]: 125.427330 133.923080
[4]: 127.639442 128.397034
[4]: 126.972099 127.930695
[4]: 134.803772 122.162163
[4]: 127.187157 123.592026
[4]: 132.309357 132.753708
[4]: 129.591202 118.670052
[4]: 60.726406 67.263580
[4]: 127.507637 125.855522
[4]: 125.404640 131.628586
[4]: 131.851028 130.921097
[4]: 131.333252 113.843704
[4]: 131.962341 117.078583
[4]: 132.756882 123.219727
[4]: 128.142395 128.845459
[4]: 123.067299 137.093811
[4]: 125.791138 133.075012
[4]: 130.285690 118.086906
[4]: 123.224670 129.906662
[4]: 123.998337 74.227898
[4]: 124.340744 133.324158
[4]: 168.487213 140.945679
[4]: 129.573502 131.868683
[4]: 122.145187 128.115768
[3]: 170.939728 129.667557
[3]: 126.185135 129.926086
[3]: 126.579788 127.448074
[3]: 88.344231 60.540619
[3]: 130.298828 131.771637
[3]: 128.896637 126.479179
[3]: 129.803131 135.141663
[3]: 128.121307 130.633560
[3]: 127.102379 135.352875
[3]: 126.057549 125.978561
[3]: 124.308960 119.108917
[3]: 128.019135 127.657806
[3]: 127.563446 128.203644
[3]: 129.542984 132.660767
[3]: 126.688248 129.234131
[3]: 130.405548 131.750046
[3]: 128.808502 132.714172
[3]: 126.900764 155.685638
[3]: 127.814232 124.603302
[3]: 126.274742 122.442459
[3]: 127.555908 124.990410
[3]: 128.230820 136.959061
[3]: 127.986870 132.554504
[3]: 128.143234 128.384995
[3]: 129.328796 129.326920
[3]: 123.378380 120.673088
[3]: 128.521332 128.321609
[3]: 128.279007 128.891006
[3]: 127.973183 125.635117
[3]: 60.451706 64.354279
[3]: 129.175217 128.957504
[3]: 82.342201 117.774368
[3]: 127.844681 124.986511
[3]: 125.654236 121.671371
[2]: 167.318207 127.894775
[2]: 129.776306 136.264862
[2]: 130.649078 137.254089
[2]: 88.596527 113.327965
[2]: 129.591385 139.689117
[2]: 127.569618 126.364342
[2]: 128.565292 130.981094
[2]: 134.621872 128.233978
[2]: 134.688660 143.741364
[2]: 132.618286 136.178146
[2]: 121.506859 114.198883
[2]: 127.713921 130.096924
[2]: 132.287262 122.856323
[2]: 135.483673 141.394409
[2]: 131.975845 131.694214
[2]: 128.065140 125.654327
[2]: 135.981522 135.343277
[2]: 127.748512 68.268845
[2]: 130.378571 129.859833
[2]: 122.448120 117.726288
[2]: 129.915695 129.149658
[2]: 131.039062 144.983566
[2]: 134.594223 140.783249
[2]: 137.555908 136.607025
[2]: 126.542191 122.202629
[2]: 123.757904 115.770721
[2]: 121.513863 127.232552
[2]: 129.644974 141.488953
[2]: 122.929192 117.123810
[2]: 190.118439 187.028641
[2]: 121.399452 115.487915
[2]: 78.473091 115.701958
[2]: 132.645493 126.823853
[2]: 122.451477 119.795769
[1]: 83.581863 124.435265
[1]: 127.045143 126.022057
[1]: 134.420486 136.218262
[1]: 177.556229 195.582352
[1]: 130.048752 128.496063
[1]: 127.010971 127.885963
[1]: 129.792923 126.182396
[1]: 130.785324 126.707695
[1]: 133.702484 139.348587
[1]: 129.653885 128.695145
[1]: 120.218353 120.969055
[1]: 125.896935 129.116302
[1]: 132.414917 129.162750
[1]: 132.768005 133.181931
[1]: 131.815887 133.151993
[1]: 123.858612 118.258011
[1]: 137.721680 134.611816
[1]: 192.554504 191.817841
[1]: 131.577164 132.786499
[1]: 122.211693 122.490532
[1]: 125.672386 125.744560
[1]: 130.010574 135.743011
[1]: 133.544083 140.021667
[1]: 137.145706 134.113419
[1]: 129.004395 129.365189
[1]: 122.350891 119.186768
[1]: 122.610313 122.164551
[1]: 130.290543 136.165558
[1]: 127.223923 127.482735
[1]: 120.524574 131.550781
[1]: 124.622620 119.676590
[1]: 161.772232 117.413986
[1]: 131.096634 126.122925
[1]: 125.658669 130.843796
[0]: 0.000000 124.891190
[0]: 0.000000 117.632103
[0]: 0.000000 117.247887
[0]: 0.000000 91.521843
[0]: 0.000000 115.437042
[0]: 0.000000 129.795883
[0]: 0.000000 121.578682
[0]: 0.000000 123.861870
[0]: 0.000000 103.972305
[0]: 0.000000 121.032570
[0]: 0.000000 151.454742
[0]: 0.000000 124.158813
[0]: 0.000000 131.248230
[0]: 0.000000 105.238052
[0]: 0.000000 117.011108
[0]: 0.000000 130.063766
[0]: 0.000000 116.268654
[0]: 0.000000 155.970764
[0]: 0.000000 124.307205
[0]: 0.000000 141.321823
[0]: 0.000000 127.129501
[0]: 0.000000 105.662453
[0]: 0.000000 105.882210
[0]: 0.000000 112.333275
[0]: 0.000000 126.447815
[0]: 0.000000 147.295670
[0]: 0.000000 128.576889
[0]: -6179578798665704105368045880344576.000000 112.386185
[0]: 0.000000 138.924698
[0]: 0.000000 185.904358
[0]: 0.000000 143.981277
[0]: 0.000000 146.401062
[0]: 0.000000 127.767845
[0]: 0.000000 137.356873
