[4]: 134.667404 132.432159
[4]: 127.019203 126.836334
[4]: 116.097511 117.904129
[4]: 171.549423 173.930054
[4]: 127.812889 124.594322
[4]: 126.381676 126.765602
[4]: 121.805832 122.387993
[4]: 129.429718 126.389420
[4]: 115.051033 111.252876
[4]: 123.234848 123.659187
[4]: 134.527939 133.923080
[4]: 127.609863 128.397034
[4]: 127.553581 127.930695
[4]: 121.940819 122.162163
[4]: 124.941681 123.592026
[4]: 134.296387 132.753708
[4]: 118.932899 118.670052
[4]: 67.148941 67.263580
[4]: 126.477539 125.855522
[4]: 131.042480 131.628586
[4]: 128.676956 130.921097
[4]: 114.469315 113.843704
[4]: 117.288231 117.078583
[4]: 122.376183 123.219727
[4]: 126.428703 128.845459
[4]: 137.139450 137.093811
[4]: 134.291763 133.075012
[4]: 119.401894 118.086906
[4]: 132.310425 129.906662
[4]: 71.781769 74.227898
[4]: 135.102615 133.324158
[4]: 136.808807 140.945679
[4]: 132.084656 131.868683
[4]: 130.099945 128.115768
[3]: 127.320625 129.667557
[3]: 129.607925 129.926086
[3]: 129.647064 127.448074
[3]: 61.368080 60.540619
[3]: 131.360870 131.771637
[3]: 127.838196 126.479179
[3]: 134.380478 135.141663
[3]: 129.105804 130.633560
[3]: 133.714752 135.352875
[3]: 125.954903 125.978561
[3]: 116.486900 119.108917
[3]: 127.213493 127.657806
[3]: 127.979919 128.203644
[3]: 131.952316 132.660767
[3]: 128.106750 129.234131
[3]: 131.294830 131.750046
[3]: 133.916626 132.714172
[3]: 161.996704 155.685638
[3]: 124.148705 124.603302
[3]: 123.150665 122.442459
[3]: 126.994743 124.990410
[3]: 138.510666 136.959061
[3]: 133.377884 132.554504
[3]: 129.569489 128.384995
[3]: 132.041016 129.326920
[3]: 120.680000 120.673088
[3]: 126.487213 128.321609
[3]: 127.906670 128.891006
[3]: 124.088783 125.635117
[3]: 66.751999 64.354279
[3]: 129.222748 128.957504
[3]: 121.858589 117.774368
[3]: 126.158272 124.986511
[3]: 120.905960 121.671371
[2]: 125.850517 127.894775
[2]: 135.344086 136.264862
[2]: 138.694046 137.254089
[2]: 110.354721 113.327965
[2]: 136.667877 139.689117
[2]: 127.452576 126.364342
[2]: 129.542816 130.981094
[2]: 124.997620 128.233978
[2]: 140.966537 143.741364
[2]: 138.709839 136.178146
[2]: 113.633621 114.198883
[2]: 129.498337 130.096924
[2]: 125.230133 122.856323
[2]: 141.048843 141.394409
[2]: 132.265030 131.694214
[2]: 125.418877 125.654327
[2]: 135.689301 135.343277
[2]: 67.038696 68.268845
[2]: 129.401031 129.859833
[2]: 118.350677 117.726288
[2]: 131.723160 129.149658
[2]: 144.993423 144.983566
[2]: 141.910309 140.783249
[2]: 138.034729 136.607025
[2]: 126.057571 122.202629
[2]: 115.844330 115.770721
[2]: 125.800079 127.232552
[2]: 138.164398 141.488953
[2]: 115.080254 117.123810
[2]: 184.909760 187.028641
[2]: 113.340919 115.487915
[2]: 119.275734 115.701958
[2]: 126.988663 126.823853
[2]: 118.259003 119.795769
[1]: 125.863106 124.435265
[1]: 126.710327 126.022057
[1]: 137.772354 136.218262
[1]: 196.908157 195.582352
[1]: 127.222664 128.496063
[1]: 127.240250 127.885963
[1]: 126.853760 126.182396
[1]: 125.831192 126.707695
[1]: 137.322357 139.348587
[1]: 128.300339 128.695145
[1]: 120.956573 120.969055
[1]: 129.669540 129.116302
[1]: 128.545486 129.162750
[1]: 133.893372 133.181931
[1]: 132.785980 133.151993
[1]: 117.906837 118.258011
[1]: 134.525650 134.611816
[1]: 190.203751 191.817841
[1]: 133.870026 132.786499
[1]: 122.073235 122.490532
[1]: 126.607826 125.744560
[1]: 135.549530 135.743011
[1]: 138.685806 140.021667
[1]: 133.697952 134.113419
[1]: 128.553345 129.365189
[1]: 118.320961 119.186768
[1]: 122.197372 122.164551
[1]: 135.974319 136.165558
[1]: 125.989571 127.482735
[1]: 134.476776 131.550781
[1]: 119.352013 119.676590
[1]: 116.604019 117.413986
[1]: 125.314034 126.122925
[1]: 129.045761 130.843796
[0]: 125.574905 124.891190
[0]: 117.850266 117.632103
[0]: 113.405586 117.247887
[0]: 93.444336 91.521843
[0]: 116.864311 115.437042
[0]: 128.289932 129.795883
[0]: 123.898560 121.578682
[0]: 126.681984 123.861870
[0]: 106.667854 103.972305
[0]: 119.087570 121.032570
[0]: 154.619995 151.454742
[0]: 125.480927 124.158813
[0]: 130.085144 131.248230
[0]: 105.534157 105.238052
[0]: 116.422058 117.011108
[0]: 129.535553 130.063766
[0]: 114.288536 116.268654
[0]: 153.893265 155.970764
[0]: 123.347839 124.307205
[0]: 141.153809 141.321823
[0]: 123.547859 127.129501
[0]: 103.254898 105.662453
[0]: 104.743973 105.882210
[0]: 110.631180 112.333275
[0]: 122.821571 126.447815
[0]: 148.329025 147.295670
[0]: 130.749695 128.576889
[0]: 115.673744 112.386185
[0]: 142.061203 138.924698
[0]: 185.715973 185.904358
[0]: 144.693253 143.981277
[0]: 143.587219 146.401062
[0]: 126.893356 127.767845
[0]: 139.830673 137.356873
