[4]: 132.432159 134.202850
[4]: 126.836334 126.021614
[4]: 117.904129 116.870255
[4]: 173.930054 172.585846
[4]: 124.594322 126.526382
[4]: 126.765602 126.594131
[4]: 122.387993 121.871284
[4]: 126.389420 128.368484
[4]: 111.252876 113.492622
[4]: 123.659187 123.203171
[4]: 133.923080 134.531036
[4]: 128.397034 128.773331
[4]: 127.930695 128.976898
[4]: 122.162163 122.827271
[4]: 123.592026 124.919075
[4]: 132.753708 134.190079
[4]: 118.670052 119.989586
[4]: 67.263580 67.344109
[4]: 125.855522 125.106712
[4]: 131.628586 130.877121
[4]: 130.921097 129.833740
[4]: 113.843704 113.633171
[4]: 117.078583 117.155220
[4]: 123.219727 122.397667
[4]: 128.845459 127.536560
[4]: 137.093811 137.161530
[4]: 133.075012 135.762527
[4]: 118.086906 117.916794
[4]: 129.906662 130.622131
[4]: 74.227898 72.952286
[4]: 133.324158 133.766388
[4]: 140.945679 138.922073
[4]: 131.868683 132.161133
[4]: 128.115768 129.989990
[3]: 129.667557 126.591171
[3]: 129.926086 129.118256
[3]: 127.448074 127.359596
[3]: 60.540619 60.765690
[3]: 131.771637 131.850723
[3]: 126.479179 127.334427
[3]: 135.141663 135.353882
[3]: 130.633560 129.576477
[3]: 135.352875 134.601166
[3]: 125.978561 126.274559
[3]: 119.108917 117.328255
[3]: 127.657806 126.236656
[3]: 128.203644 127.318329
[3]: 132.660767 132.144348
[3]: 129.234131 128.773041
[3]: 131.750046 130.534668
[3]: 132.714172 132.955841
[3]: 155.685638 158.648224
[3]: 124.603302 123.998672
[3]: 122.442459 124.030716
[3]: 124.990410 125.900116
[3]: 136.959061 137.811951
[3]: 132.554504 131.754517
[3]: 128.384995 130.462921
[3]: 129.326920 130.395386
[3]: 120.673088 120.860176
[3]: 128.321609 125.898865
[3]: 128.891006 129.521057
[3]: 125.635117 125.545288
[3]: 64.354279 65.269791
[3]: 128.957504 129.251511
[3]: 117.774368 121.413055
[3]: 124.986511 125.569206
[3]: 121.671371 121.521767
[2]: 127.894775 126.290779
[2]: 136.264862 137.350266
[2]: 137.254089 136.423141
[2]: 113.327965 111.705238
[2]: 139.689117 138.379501
[2]: 126.364342 126.461769
[2]: 130.981094 129.544128
[2]: 128.233978 127.830597
[2]: 143.741364 141.593262
[2]: 136.178146 137.814911
[2]: 114.198883 114.293884
[2]: 130.096924 128.386581
[2]: 122.856323 122.498405
[2]: 141.394409 140.141205
[2]: 131.694214 131.477859
[2]: 125.654327 125.329643
[2]: 135.343277 134.161362
[2]: 68.268845 67.196716
[2]: 129.859833 130.922348
[2]: 117.726288 117.241402
[2]: 129.149658 131.088089
[2]: 144.983566 145.184616
[2]: 140.783249 141.710022
[2]: 136.607025 137.964874
[2]: 122.202629 123.621216
[2]: 115.770721 115.752151
[2]: 127.232552 124.903793
[2]: 141.488953 140.744980
[2]: 117.123810 116.834259
[2]: 187.028641 185.970856
[2]: 115.487915 115.653954
[2]: 115.701958 116.692177
[2]: 126.823853 126.225471
[2]: 119.795769 118.786873
[1]: 124.435265 126.201042
[1]: 126.022057 127.099197
[1]: 136.218262 137.448257
[1]: 195.582352 196.353271
[1]: 128.496063 127.483139
[1]: 127.885963 127.484543
[1]: 126.182396 126.652573
[1]: 126.707695 126.015495
[1]: 139.348587 137.861008
[1]: 128.695145 128.606705
[1]: 120.969055 120.410500
[1]: 129.116302 130.473877
[1]: 129.162750 128.571442
[1]: 133.181931 133.474808
[1]: 133.151993 133.060028
[1]: 118.258011 118.390564
[1]: 134.611816 134.016968
[1]: 191.817841 190.640732
[1]: 132.786499 133.391190
[1]: 122.490532 123.047806
[1]: 125.744560 125.803940
[1]: 135.743011 136.538498
[1]: 140.021667 139.755585
[1]: 134.113419 133.522614
[1]: 129.365189 128.869812
[1]: 119.186768 119.069923
[1]: 122.164551 121.516624
[1]: 136.165558 135.485641
[1]: 127.482735 126.063766
[1]: 131.550781 132.702713
[1]: 119.676590 119.117729
[1]: 117.413986 116.010590
[1]: 126.122925 125.819672
[1]: 130.843796 128.951874
[0]: 124.891190 126.091164
[0]: 117.632103 116.982796
[0]: 117.247887 117.975746
[0]: 91.521843 92.911583
[0]: 115.437042 115.706718
[0]: 129.795883 129.397263
[0]: 121.578682 122.949944
[0]: 123.861870 124.059174
[0]: 103.972305 106.246666
[0]: 121.032570 119.495483
[0]: 151.454742 153.386002
[0]: 124.158813 125.627678
[0]: 131.248230 132.150253
[0]: 105.238052 105.986069
[0]: 117.011108 116.354774
[0]: 130.063766 130.050049
[0]: 116.268654 116.470459
[0]: 155.970764 155.714035
[0]: 124.307205 123.945297
[0]: 141.321823 140.373184
[0]: 127.129501 125.125397
[0]: 105.662453 103.786018
[0]: 105.882210 105.873573
[0]: 112.333275 110.038361
[0]: 126.447815 125.712395
[0]: 147.295670 147.244522
[0]: 128.576889 131.526016
[0]: 112.386185 113.362259
[0]: 138.924698 140.193863
[0]: 185.904358 186.550278
[0]: 143.981277 143.716522
[0]: 146.401062 145.130295
[0]: 127.767845 127.761162
[0]: 137.356873 138.708786
