[4]: 133.509171 132.432159
[4]: 126.307861 126.836334
[4]: 116.879051 117.904129
[4]: 172.761429 173.930054
[4]: 126.325974 124.594322
[4]: 126.261032 126.765602
[4]: 122.187706 122.387993
[4]: 127.904442 126.389420
[4]: 113.170464 111.252876
[4]: 123.117859 123.659187
[4]: 134.706055 133.923080
[4]: 128.989487 128.397034
[4]: 129.054504 127.930695
[4]: 122.786507 122.162163
[4]: 125.219902 123.592026
[4]: 134.386734 132.753708
[4]: 120.032829 118.670052
[4]: 67.305649 67.263580
[4]: 125.282791 125.855522
[4]: 130.847733 131.628586
[4]: 130.003876 130.921097
[4]: 113.598564 113.843704
[4]: 117.227493 117.078583
[4]: 121.978485 123.219727
[4]: 127.699181 128.845459
[4]: 136.906509 137.093811
[4]: 135.459183 133.075012
[4]: 117.879921 118.086906
[4]: 130.869797 129.906662
[4]: 73.060356 74.227898
[4]: 134.376450 133.324158
[4]: 139.280655 140.945679
[4]: 131.943359 131.868683
[4]: 129.891083 128.115768
[3]: 127.016296 129.667557
[3]: 129.164688 129.926086
[3]: 127.335541 127.448074
[3]: 60.828991 60.540619
[3]: 132.160629 131.771637
[3]: 127.519882 126.479179
[3]: 134.993912 135.141663
[3]: 129.719666 130.633560
[3]: 134.376709 135.352875
[3]: 126.196899 125.978561
[3]: 117.312302 119.108917
[3]: 126.258575 127.657806
[3]: 127.303574 128.203644
[3]: 132.220215 132.660767
[3]: 128.706955 129.234131
[3]: 130.497894 131.750046
[3]: 132.960693 132.714172
[3]: 158.545380 155.685638
[3]: 124.066986 124.603302
[3]: 124.059731 122.442459
[3]: 125.611351 124.990410
[3]: 137.798965 136.959061
[3]: 131.710770 132.554504
[3]: 130.697281 128.384995
[3]: 130.110809 129.326920
[3]: 120.862839 120.673088
[3]: 126.212570 128.321609
[3]: 129.623672 128.891006
[3]: 125.360420 125.635117
[3]: 65.172646 64.354279
[3]: 129.089676 128.957504
[3]: 121.309418 117.774368
[3]: 125.673813 124.986511
[3]: 121.536102 121.671371
[2]: 126.712418 127.894775
[2]: 137.157654 136.264862
[2]: 136.774582 137.254089
[2]: 111.836998 113.327965
[2]: 138.722702 139.689117
[2]: 126.532120 126.364342
[2]: 129.324722 130.981094
[2]: 128.037628 128.233978
[2]: 141.645782 143.741364
[2]: 137.819778 136.178146
[2]: 114.070702 114.198883
[2]: 128.361862 130.096924
[2]: 122.379166 122.856323
[2]: 140.353973 141.394409
[2]: 131.536911 131.694214
[2]: 125.224213 125.654327
[2]: 133.973297 135.343277
[2]: 67.275627 68.268845
[2]: 130.884033 129.859833
[2]: 117.251076 117.726288
[2]: 130.992432 129.149658
[2]: 145.086319 144.983566
[2]: 141.778015 140.783249
[2]: 138.147461 136.607025
[2]: 123.773712 122.202629
[2]: 115.539452 115.770721
[2]: 125.277458 127.232552
[2]: 140.742142 141.488953
[2]: 116.494896 117.123810
[2]: 185.773468 187.028641
[2]: 115.428185 115.487915
[2]: 116.675835 115.701958
[2]: 126.301529 126.823853
[2]: 118.909294 119.795769
[1]: 126.299240 124.435265
[1]: 126.651291 126.022057
[1]: 137.084869 136.218262
[1]: 196.432632 195.582352
[1]: 127.171280 128.496063
[1]: 127.790993 127.885963
[1]: 126.640015 126.182396
[1]: 126.384880 126.707695
[1]: 138.203491 139.348587
[1]: 128.728226 128.695145
[1]: 120.609680 120.969055
[1]: 130.412720 129.116302
[1]: 128.568222 129.162750
[1]: 133.474792 133.181931
[1]: 132.662109 133.151993
[1]: 118.438316 118.258011
[1]: 134.024506 134.611816
[1]: 190.648880 191.817841
[1]: 133.000778 132.786499
[1]: 123.272789 122.490532
[1]: 125.908913 125.744560
[1]: 136.661942 135.743011
[1]: 139.654877 140.021667
[1]: 133.540909 134.113419
[1]: 129.005905 129.365189
[1]: 119.438469 119.186768
[1]: 121.610146 122.164551
[1]: 135.056076 136.165558
[1]: 126.415680 127.482735
[1]: 132.722778 131.550781
[1]: 118.501633 119.676590
[1]: 116.080353 117.413986
[1]: 125.834785 126.122925
[1]: 129.137283 130.843796
[0]: 125.837692 124.891190
[0]: 117.327972 117.632103
[0]: 117.982460 117.247887
[0]: 92.655258 91.521843
[0]: 115.557861 115.437042
[0]: 129.136093 129.795883
[0]: 123.220596 121.578682
[0]: 123.775101 123.861870
[0]: 106.356514 103.972305
[0]: 119.534729 121.032570
[0]: 153.267105 151.454742
[0]: 125.468277 124.158813
[0]: 132.212006 131.248230
[0]: 105.704262 105.238052
[0]: 116.467415 117.011108
[0]: 129.958740 130.063766
[0]: 116.578316 116.268654
[0]: 155.371567 155.970764
[0]: 124.150444 124.307205
[0]: 140.124054 141.321823
[0]: 125.263412 127.129501
[0]: 103.753006 105.662453
[0]: 105.845512 105.882210
[0]: 110.004555 112.333275
[0]: 125.523300 126.447815
[0]: 147.378952 147.295670
[0]: 131.036453 128.576889
[0]: 113.740028 112.386185
[0]: 140.107376 138.924698
[0]: 186.731339 185.904358
[0]: 144.164124 143.981277
[0]: 144.842850 146.401062
[0]: 127.804077 127.767845
[0]: 138.472397 137.356873
