[4]: 132.166702 132.432159
[4]: 126.789276 126.836334
[4]: 117.803497 117.904129
[4]: 175.131271 173.930054
[4]: 124.595390 124.594322
[4]: 126.552719 126.765602
[4]: 122.316490 122.387993
[4]: 125.975525 126.389420
[4]: 111.568771 111.252876
[4]: 123.289551 123.659187
[4]: 134.068649 133.923080
[4]: 129.040604 128.397034
[4]: 127.744934 127.930695
[4]: 121.776794 122.162163
[4]: 123.163132 123.592026
[4]: 132.764160 132.753708
[4]: 118.308067 118.670052
[4]: 67.665474 67.263580
[4]: 125.580933 125.855522
[4]: 131.081604 131.628586
[4]: 130.929199 130.921097
[4]: 113.910530 113.843704
[4]: 117.114502 117.078583
[4]: 123.563843 123.219727
[4]: 129.072861 128.845459
[4]: 136.884781 137.093811
[4]: 133.232971 133.075012
[4]: 117.893364 118.086906
[4]: 129.664764 129.906662
[4]: 74.863647 74.227898
[4]: 133.580612 133.324158
[4]: 140.974884 140.945679
[4]: 132.068420 131.868683
[4]: 128.531509 128.115768
[3]: 130.070648 129.667557
[3]: 129.927399 129.926086
[3]: 127.396317 127.448074
[3]: 60.637028 60.540619
[3]: 131.361572 131.771637
[3]: 126.982742 126.479179
[3]: 135.288040 135.141663
[3]: 131.035828 130.633560
[3]: 134.969681 135.352875
[3]: 125.992302 125.978561
[3]: 119.277397 119.108917
[3]: 127.469223 127.657806
[3]: 127.874397 128.203644
[3]: 132.877579 132.660767
[3]: 129.460983 129.234131
[3]: 131.811447 131.750046
[3]: 132.384354 132.714172
[3]: 154.558838 155.685638
[3]: 123.972878 124.603302
[3]: 123.103607 122.442459
[3]: 125.313072 124.990410
[3]: 136.702545 136.959061
[3]: 132.411942 132.554504
[3]: 128.639282 128.384995
[3]: 128.934326 129.326920
[3]: 120.813774 120.673088
[3]: 128.491913 128.321609
[3]: 129.189651 128.891006
[3]: 126.298538 125.635117
[3]: 63.637806 64.354279
[3]: 129.438293 128.957504
[3]: 117.987801 117.774368
[3]: 124.982742 124.986511
[3]: 122.032410 121.671371
[2]: 128.037613 127.894775
[2]: 136.308868 136.264862
[2]: 137.534363 137.254089
[2]: 113.039528 113.327965
[2]: 139.966949 139.689117
[2]: 126.050812 126.364342
[2]: 131.091858 130.981094
[2]: 128.180450 128.233978
[2]: 143.851166 143.741364
[2]: 136.022079 136.178146
[2]: 114.171242 114.198883
[2]: 129.372009 130.096924
[2]: 122.859886 122.856323
[2]: 141.629669 141.394409
[2]: 131.863571 131.694214
[2]: 125.608467 125.654327
[2]: 134.987274 135.343277
[2]: 68.259499 68.268845
[2]: 130.318390 129.859833
[2]: 117.667198 117.726288
[2]: 129.530045 129.149658
[2]: 145.130829 144.983566
[2]: 140.304230 140.783249
[2]: 137.131149 136.607025
[2]: 121.749222 122.202629
[2]: 115.847565 115.770721
[2]: 126.668404 127.232552
[2]: 141.227417 141.488953
[2]: 117.166763 117.123810
[2]: 186.850128 187.028641
[2]: 115.207893 115.487915
[2]: 115.991356 115.701958
[2]: 126.782425 126.823853
[2]: 119.227097 119.795769
[1]: 124.300827 124.435265
[1]: 126.134834 126.022057
[1]: 136.278854 136.218262
[1]: 195.202530 195.582352
[1]: 128.799896 128.496063
[1]: 127.932076 127.885963
[1]: 126.059509 126.182396
[1]: 126.952408 126.707695
[1]: 138.997971 139.348587
[1]: 128.872650 128.695145
[1]: 121.021500 120.969055
[1]: 128.724258 129.116302
[1]: 128.952179 129.162750
[1]: 133.401306 133.181931
[1]: 133.452560 133.151993
[1]: 118.065041 118.258011
[1]: 135.187485 134.611816
[1]: 192.057404 191.817841
[1]: 133.259232 132.786499
[1]: 122.453186 122.490532
[1]: 125.296387 125.744560
[1]: 135.869919 135.743011
[1]: 139.950928 140.021667
[1]: 133.642700 134.113419
[1]: 129.504990 129.365189
[1]: 119.073296 119.186768
[1]: 121.672302 122.164551
[1]: 136.029984 136.165558
[1]: 127.063095 127.482735
[1]: 131.876770 131.550781
[1]: 119.461052 119.676590
[1]: 117.567299 117.413986
[1]: 126.020721 126.122925
[1]: 130.193726 130.843796
[0]: 124.739113 124.891190
[0]: 117.543114 117.632103
[0]: 117.064369 117.247887
[0]: 91.128906 91.521843
[0]: 115.290077 115.437042
[0]: 129.750381 129.795883
[0]: 121.493683 121.578682
[0]: 123.648117 123.861870
[0]: 104.331741 103.972305
[0]: 121.418732 121.032570
[0]: 151.059418 151.454742
[0]: 124.890472 124.158813
[0]: 132.013824 131.248230
[0]: 104.962265 105.238052
[0]: 116.720764 117.011108
[0]: 130.240479 130.063766
[0]: 116.765663 116.268654
[0]: 156.016052 155.970764
[0]: 124.301262 124.307205
[0]: 141.268143 141.321823
[0]: 126.875107 127.129501
[0]: 105.591942 105.662453
[0]: 106.609528 105.882210
[0]: 111.672356 112.333275
[0]: 126.944679 126.447815
[0]: 147.395676 147.295670
[0]: 129.372894 128.576889
[0]: 112.726143 112.386185
[0]: 138.833450 138.924698
[0]: 186.054031 185.904358
[0]: 143.666550 143.981277
[0]: 145.666809 146.401062
[0]: 127.730408 127.767845
[0]: 137.813904 137.356873
