[4]: 133.536301 132.432159
[4]: 126.352264 126.836334
[4]: 116.885559 117.904129
[4]: 172.713226 173.930054
[4]: 126.354477 124.594322
[4]: 126.268822 126.765602
[4]: 122.123535 122.387993
[4]: 127.885239 126.389420
[4]: 113.164581 111.252876
[4]: 123.110168 123.659187
[4]: 134.659286 133.923080
[4]: 129.029739 128.397034
[4]: 129.032349 127.930695
[4]: 122.776970 122.162163
[4]: 125.249130 123.592026
[4]: 134.423447 132.753708
[4]: 120.022697 118.670052
[4]: 67.258461 67.263580
[4]: 125.358665 125.855522
[4]: 130.822205 131.628586
[4]: 129.969467 130.921097
[4]: 113.611122 113.843704
[4]: 117.206894 117.078583
[4]: 122.005219 123.219727
[4]: 127.704285 128.845459
[4]: 136.897507 137.093811
[4]: 135.457840 133.075012
[4]: 117.899559 118.086906
[4]: 130.875748 129.906662
[4]: 73.089767 74.227898
[4]: 134.387222 133.324158
[4]: 139.307739 140.945679
[4]: 131.958633 131.868683
[4]: 129.908264 128.115768
[3]: 126.938637 129.667557
[3]: 129.101364 129.926086
[3]: 127.325150 127.448074
[3]: 60.854347 60.540619
[3]: 132.137543 131.771637
[3]: 127.514389 126.479179
[3]: 135.084595 135.141663
[3]: 129.758286 130.633560
[3]: 134.404053 135.352875
[3]: 126.204834 125.978561
[3]: 117.321640 119.108917
[3]: 126.215363 127.657806
[3]: 127.283974 128.203644
[3]: 132.141449 132.660767
[3]: 128.739029 129.234131
[3]: 130.395950 131.750046
[3]: 132.972168 132.714172
[3]: 158.609436 155.685638
[3]: 123.977776 124.603302
[3]: 124.073997 122.442459
[3]: 125.699417 124.990410
[3]: 137.789856 136.959061
[3]: 131.728653 132.554504
[3]: 130.716644 128.384995
[3]: 130.163040 129.326920
[3]: 120.897781 120.673088
[3]: 126.261597 128.321609
[3]: 129.606323 128.891006
[3]: 125.370140 125.635117
[3]: 65.187599 64.354279
[3]: 129.137314 128.957504
[3]: 121.341675 117.774368
[3]: 125.663315 124.986511
[3]: 121.521713 121.671371
[2]: 126.697739 127.894775
[2]: 137.135681 136.264862
[2]: 136.779404 137.254089
[2]: 111.813576 113.327965
[2]: 138.710571 139.689117
[2]: 126.565247 126.364342
[2]: 129.291183 130.981094
[2]: 128.000961 128.233978
[2]: 141.609940 143.741364
[2]: 137.841064 136.178146
[2]: 114.073853 114.198883
[2]: 128.392136 130.096924
[2]: 122.383522 122.856323
[2]: 140.352539 141.394409
[2]: 131.501114 131.694214
[2]: 125.192078 125.654327
[2]: 134.019363 135.343277
[2]: 67.331978 68.268845
[2]: 130.849579 129.859833
[2]: 117.239166 117.726288
[2]: 130.955383 129.149658
[2]: 145.098068 144.983566
[2]: 141.799072 140.783249
[2]: 138.134247 136.607025
[2]: 123.739166 122.202629
[2]: 115.479286 115.770721
[2]: 125.295494 127.232552
[2]: 140.687225 141.488953
[2]: 116.487251 117.123810
[2]: 185.781235 187.028641
[2]: 115.380096 115.487915
[2]: 116.635674 115.701958
[2]: 126.271194 126.823853
[2]: 118.910370 119.795769
[1]: 126.354103 124.435265
[1]: 126.600700 126.022057
[1]: 137.063004 136.218262
[1]: 196.483002 195.582352
[1]: 127.153244 128.496063
[1]: 127.756203 127.885963
[1]: 126.587395 126.182396
[1]: 126.406219 126.707695
[1]: 138.199219 139.348587
[1]: 128.772079 128.695145
[1]: 120.672348 120.969055
[1]: 130.423416 129.116302
[1]: 128.620377 129.162750
[1]: 133.540024 133.181931
[1]: 132.642792 133.151993
[1]: 118.520035 118.258011
[1]: 134.062698 134.611816
[1]: 190.612762 191.817841
[1]: 133.031113 132.786499
[1]: 123.264175 122.490532
[1]: 125.865036 125.744560
[1]: 136.577362 135.743011
[1]: 139.691711 140.021667
[1]: 133.460831 134.113419
[1]: 128.991516 129.365189
[1]: 119.423958 119.186768
[1]: 121.562737 122.164551
[1]: 135.011978 136.165558
[1]: 126.405838 127.482735
[1]: 132.698334 131.550781
[1]: 118.472504 119.676590
[1]: 116.039436 117.413986
[1]: 125.851807 126.122925
[1]: 129.179230 130.843796
[0]: 125.847214 124.891190
[0]: 117.417244 117.632103
[0]: 117.997162 117.247887
[0]: 92.637299 91.521843
[0]: 115.571144 115.437042
[0]: 129.138245 129.795883
[0]: 123.281059 121.578682
[0]: 123.766174 123.861870
[0]: 106.357109 103.972305
[0]: 119.453026 121.032570
[0]: 153.258682 151.454742
[0]: 125.425926 124.158813
[0]: 132.201050 131.248230
[0]: 105.710251 105.238052
[0]: 116.451309 117.011108
[0]: 129.976257 130.063766
[0]: 116.475227 116.268654
[0]: 155.394699 155.970764
[0]: 124.167068 124.307205
[0]: 140.171799 141.321823
[0]: 125.288452 127.129501
[0]: 103.807121 105.662453
[0]: 105.764885 105.882210
[0]: 110.040604 112.333275
[0]: 125.513763 126.447815
[0]: 147.449326 147.295670
[0]: 131.018585 128.576889
[0]: 113.831726 112.386185
[0]: 140.123199 138.924698
[0]: 186.727371 185.904358
[0]: 144.199585 143.981277
[0]: 144.881454 146.401062
[0]: 127.813057 127.767845
[0]: 138.418610 137.356873
