[4]: 133.460571 132.432159
[4]: 126.355499 126.836334
[4]: 117.045288 117.904129
[4]: 172.804596 173.930054
[4]: 126.384796 124.594322
[4]: 126.330643 126.765602
[4]: 122.004906 122.387993
[4]: 127.822960 126.389420
[4]: 113.076958 111.252876
[4]: 123.012909 123.659187
[4]: 134.509979 133.923080
[4]: 129.063263 128.397034
[4]: 128.981079 127.930695
[4]: 122.778381 122.162163
[4]: 125.234993 123.592026
[4]: 134.379654 132.753708
[4]: 119.858826 118.670052
[4]: 67.238007 67.263580
[4]: 125.367851 125.855522
[4]: 130.813385 131.628586
[4]: 130.023514 130.921097
[4]: 113.700714 113.843704
[4]: 117.098892 117.078583
[4]: 122.160408 123.219727
[4]: 127.640938 128.845459
[4]: 136.890335 137.093811
[4]: 135.554474 133.075012
[4]: 117.704353 118.086906
[4]: 130.972366 129.906662
[4]: 73.124069 74.227898
[4]: 134.497711 133.324158
[4]: 139.257950 140.945679
[4]: 131.834915 131.868683
[4]: 129.836105 128.115768
[3]: 126.972847 129.667557
[3]: 129.189041 129.926086
[3]: 127.285561 127.448074
[3]: 60.766560 60.540619
[3]: 132.195755 131.771637
[3]: 127.550362 126.479179
[3]: 135.131851 135.141663
[3]: 129.737061 130.633560
[3]: 134.413208 135.352875
[3]: 126.282593 125.978561
[3]: 117.383942 119.108917
[3]: 126.255524 127.657806
[3]: 127.245064 128.203644
[3]: 132.182571 132.660767
[3]: 128.661072 129.234131
[3]: 130.529846 131.750046
[3]: 133.107590 132.714172
[3]: 158.462509 155.685638
[3]: 124.020912 124.603302
[3]: 124.097450 122.442459
[3]: 125.687996 124.990410
[3]: 137.734421 136.959061
[3]: 131.698364 132.554504
[3]: 130.681671 128.384995
[3]: 130.203873 129.326920
[3]: 120.902321 120.673088
[3]: 126.267616 128.321609
[3]: 129.594452 128.891006
[3]: 125.431534 125.635117
[3]: 65.148941 64.354279
[3]: 129.151199 128.957504
[3]: 121.338379 117.774368
[3]: 125.653427 124.986511
[3]: 121.522278 121.671371
[2]: 126.624237 127.894775
[2]: 137.073120 136.264862
[2]: 136.670135 137.254089
[2]: 111.779778 113.327965
[2]: 138.685577 139.689117
[2]: 126.605461 126.364342
[2]: 129.318726 130.981094
[2]: 127.910973 128.233978
[2]: 141.589539 143.741364
[2]: 137.809219 136.178146
[2]: 114.155304 114.198883
[2]: 128.485077 130.096924
[2]: 122.494072 122.856323
[2]: 140.245132 141.394409
[2]: 131.482697 131.694214
[2]: 125.169945 125.654327
[2]: 134.151794 135.343277
[2]: 67.375923 68.268845
[2]: 130.896729 129.859833
[2]: 117.152916 117.726288
[2]: 130.833878 129.149658
[2]: 145.054657 144.983566
[2]: 141.830856 140.783249
[2]: 138.211395 136.607025
[2]: 123.719704 122.202629
[2]: 115.468056 115.770721
[2]: 125.257217 127.232552
[2]: 140.747238 141.488953
[2]: 116.501312 117.123810
[2]: 185.761642 187.028641
[2]: 115.267082 115.487915
[2]: 116.784233 115.701958
[2]: 126.223328 126.823853
[2]: 118.986237 119.795769
[1]: 126.345116 124.435265
[1]: 126.460960 126.022057
[1]: 136.958984 136.218262
[1]: 196.409760 195.582352
[1]: 127.068062 128.496063
[1]: 127.663742 127.885963
[1]: 126.577812 126.182396
[1]: 126.564217 126.707695
[1]: 138.237976 139.348587
[1]: 128.862793 128.695145
[1]: 120.739647 120.969055
[1]: 130.383194 129.116302
[1]: 128.672440 129.162750
[1]: 133.509048 133.181931
[1]: 132.716110 133.151993
[1]: 118.417374 118.258011
[1]: 134.047012 134.611816
[1]: 190.652008 191.817841
[1]: 132.863571 132.786499
[1]: 123.225388 122.490532
[1]: 125.902962 125.744560
[1]: 136.517838 135.743011
[1]: 139.724030 140.021667
[1]: 133.298187 134.113419
[1]: 129.081497 129.365189
[1]: 119.488075 119.186768
[1]: 121.594360 122.164551
[1]: 135.122681 136.165558
[1]: 126.301689 127.482735
[1]: 132.571045 131.550781
[1]: 118.398415 119.676590
[1]: 116.090202 117.413986
[1]: 125.958046 126.122925
[1]: 129.197495 130.843796
[0]: 125.989410 124.891190
[0]: 117.516838 117.632103
[0]: 118.052010 117.247887
[0]: 92.656075 91.521843
[0]: 115.569962 115.437042
[0]: 129.091370 129.795883
[0]: 123.332130 121.578682
[0]: 123.778870 123.861870
[0]: 106.353485 103.972305
[0]: 119.376213 121.032570
[0]: 153.244644 151.454742
[0]: 125.282784 124.158813
[0]: 132.134506 131.248230
[0]: 105.763626 105.238052
[0]: 116.466118 117.011108
[0]: 130.042282 130.063766
[0]: 116.343750 116.268654
[0]: 155.464386 155.970764
[0]: 124.223457 124.307205
[0]: 140.326355 141.321823
[0]: 125.328598 127.129501
[0]: 103.813484 105.662453
[0]: 105.777748 105.882210
[0]: 109.962456 112.333275
[0]: 125.462585 126.447815
[0]: 147.447601 147.295670
[0]: 130.936707 128.576889
[0]: 113.816757 112.386185
[0]: 140.082748 138.924698
[0]: 186.750107 185.904358
[0]: 144.323944 143.981277
[0]: 144.780334 146.401062
[0]: 127.901062 127.767845
[0]: 138.413422 137.356873
