[4]: 136.098022 132.432159
[4]: 125.234947 126.836334
[4]: 115.168701 117.904129
[4]: 173.241211 173.930054
[4]: 125.861572 124.594322
[4]: 126.099442 126.765602
[4]: 121.067986 122.387993
[4]: 127.549210 126.389420
[4]: 110.361412 111.252876
[4]: 124.225990 123.659187
[4]: 134.428055 133.923080
[4]: 132.245331 128.397034
[4]: 127.198181 127.930695
[4]: 122.911255 122.162163
[4]: 120.908638 123.592026
[4]: 132.025040 132.753708
[4]: 116.947701 118.670052
[4]: 67.414581 67.263580
[4]: 127.703880 125.855522
[4]: 129.923691 131.628586
[4]: 128.880264 130.921097
[4]: 112.268463 113.843704
[4]: 115.593979 117.078583
[4]: 124.114265 123.219727
[4]: 128.781937 128.845459
[4]: 134.064575 137.093811
[4]: 132.064575 133.075012
[4]: 117.657768 118.086906
[4]: 130.278214 129.906662
[4]: 74.393425 74.227898
[4]: 135.861496 133.324158
[4]: 136.126068 140.945679
[4]: 129.823532 131.868683
[4]: 124.710938 128.115768
[3]: 123.684402 129.667557
[3]: 129.205902 129.926086
[3]: 127.731293 127.448074
[3]: 61.565578 60.540619
[3]: 129.945236 131.771637
[3]: 126.892174 126.479179
[3]: 135.464142 135.141663
[3]: 127.695404 130.633560
[3]: 136.064453 135.352875
[3]: 125.066399 125.978561
[3]: 118.962158 119.108917
[3]: 123.780289 127.657806
[3]: 128.361389 128.203644
[3]: 131.433884 132.660767
[3]: 131.678467 129.234131
[3]: 131.367722 131.750046
[3]: 132.613480 132.714172
[3]: 158.995392 155.685638
[3]: 122.770462 124.603302
[3]: 123.846222 122.442459
[3]: 126.780525 124.990410
[3]: 140.325821 136.959061
[3]: 132.529526 132.554504
[3]: 129.243500 128.384995
[3]: 129.856827 129.326920
[3]: 123.009911 120.673088
[3]: 127.375206 128.321609
[3]: 128.941330 128.891006
[3]: 127.065147 125.635117
[3]: 64.429977 64.354279
[3]: 129.143951 128.957504
[3]: 124.623154 117.774368
[3]: 127.219864 124.986511
[3]: 125.342514 121.671371
[2]: 124.932732 127.894775
[2]: 136.984024 136.264862
[2]: 140.312759 137.254089
[2]: 112.005135 113.327965
[2]: 140.288834 139.689117
[2]: 129.283783 126.364342
[2]: 130.556076 130.981094
[2]: 126.948540 128.233978
[2]: 145.159348 143.741364
[2]: 135.918915 136.178146
[2]: 112.258812 114.198883
[2]: 124.742554 130.096924
[2]: 123.796577 122.856323
[2]: 140.904785 141.394409
[2]: 132.871872 131.694214
[2]: 125.036850 125.654327
[2]: 140.177658 135.343277
[2]: 67.718552 68.268845
[2]: 127.597412 129.859833
[2]: 120.110619 117.726288
[2]: 131.555435 129.149658
[2]: 147.514404 144.983566
[2]: 144.534485 140.783249
[2]: 134.900772 136.607025
[2]: 121.645256 122.202629
[2]: 119.607452 115.770721
[2]: 129.165695 127.232552
[2]: 142.762619 141.488953
[2]: 117.227264 117.123810
[2]: 183.251663 187.028641
[2]: 111.548042 115.487915
[2]: 121.578629 115.701958
[2]: 127.593719 126.823853
[2]: 125.961632 119.795769
[1]: 124.562752 124.435265
[1]: 127.741829 126.022057
[1]: 137.902023 136.218262
[1]: 196.189484 195.582352
[1]: 126.949196 128.496063
[1]: 127.842812 127.885963
[1]: 127.233345 126.182396
[1]: 125.656334 126.707695
[1]: 138.369797 139.348587
[1]: 128.112854 128.695145
[1]: 121.594666 120.969055
[1]: 127.202438 129.116302
[1]: 128.979187 129.162750
[1]: 133.855530 133.181931
[1]: 133.663971 133.151993
[1]: 118.977722 118.258011
[1]: 136.478653 134.611816
[1]: 191.052658 191.817841
[1]: 132.226486 132.786499
[1]: 123.460762 122.490532
[1]: 127.791550 125.744560
[1]: 135.437012 135.743011
[1]: 138.544250 140.021667
[1]: 133.246765 134.113419
[1]: 128.226868 129.365189
[1]: 121.995605 119.186768
[1]: 122.633827 122.164551
[1]: 134.987595 136.165558
[1]: 127.483345 127.482735
[1]: 133.668976 131.550781
[1]: 118.604454 119.676590
[1]: 117.930000 117.413986
[1]: 125.639763 126.122925
[1]: 131.235352 130.843796
[0]: 130.559219 124.891190
[0]: 117.499229 117.632103
[0]: 114.659019 117.247887
[0]: 90.658760 91.521843
[0]: 117.164772 115.437042
[0]: 126.985901 129.795883
[0]: 121.954872 121.578682
[0]: 128.386963 123.861870
[0]: 103.578903 103.972305
[0]: 122.358604 121.032570
[0]: 152.561890 151.454742
[0]: 132.101593 124.158813
[0]: 131.036530 131.248230
[0]: 105.457367 105.238052
[0]: 115.301613 117.011108
[0]: 131.248840 130.063766
[0]: 110.903297 116.268654
[0]: 152.642853 155.970764
[0]: 127.300323 124.307205
[0]: 138.056046 141.321823
[0]: 122.538765 127.129501
[0]: 101.205177 105.662453
[0]: 104.977219 105.882210
[0]: 113.109421 112.333275
[0]: 127.735001 126.447815
[0]: 140.888596 147.295670
[0]: 128.188583 128.576889
[0]: 112.657127 112.386185
[0]: 136.825943 138.924698
[0]: 187.991745 185.904358
[0]: 146.541855 143.981277
[0]: 137.348724 146.401062
[0]: 127.248840 127.767845
[0]: 129.924530 137.356873
