[4]: 132.432159 100.574814
[4]: 126.836334 132.101868
[4]: 117.904129 123.989891
[4]: 173.930054 191.502655
[4]: 124.594322 133.217606
[4]: 126.765602 128.524094
[4]: 122.387993 123.858299
[4]: 126.389420 132.276596
[4]: 111.252876 129.931335
[4]: 123.659187 131.306320
[4]: 133.923080 126.279823
[4]: 128.397034 126.082001
[4]: 127.930695 123.489059
[4]: 122.162163 137.341965
[4]: 123.592026 125.288368
[4]: 132.753708 131.956863
[4]: 118.670052 128.983002
[4]: 67.263580 59.225708
[4]: 125.855522 128.333069
[4]: 131.628586 128.517990
[4]: 130.921097 133.615952
[4]: 113.843704 131.980133
[4]: 117.078583 131.710159
[4]: 123.219727 133.788055
[4]: 128.845459 125.566185
[4]: 137.093811 122.131157
[4]: 133.075012 128.465622
[4]: 118.086906 129.005051
[4]: 129.906662 120.168625
[4]: 74.227898 126.393379
[4]: 133.324158 126.112068
[4]: 140.945679 163.839920
[4]: 131.868683 129.966354
[4]: 128.115768 123.336990
[3]: 129.667557 170.557617
[3]: 129.926086 126.397995
[3]: 127.448074 124.976974
[3]: 60.540619 86.483116
[3]: 131.771637 129.124390
[3]: 126.479179 127.097214
[3]: 135.141663 128.387573
[3]: 130.633560 128.205292
[3]: 135.352875 126.969559
[3]: 125.978561 125.073296
[3]: 119.108917 126.321564
[3]: 127.657806 128.757553
[3]: 128.203644 127.507355
[3]: 132.660767 126.842674
[3]: 129.234131 126.964951
[3]: 131.750046 129.634628
[3]: 132.714172 126.485420
[3]: 155.685638 127.139999
[3]: 124.603302 126.361153
[3]: 122.442459 126.467957
[3]: 124.990410 126.510040
[3]: 136.959061 127.574440
[3]: 132.554504 126.922356
[3]: 128.384995 126.831993
[3]: 129.326920 127.826424
[3]: 120.673088 125.854118
[3]: 128.321609 128.994431
[3]: 128.891006 127.291382
[3]: 125.635117 128.654449
[3]: 64.354279 63.347210
[3]: 128.957504 129.215714
[3]: 117.774368 83.822655
[3]: 124.986511 127.918716
[3]: 121.671371 125.972435
[2]: 127.894775 169.361252
[2]: 136.264862 128.930069
[2]: 137.254089 128.783569
[2]: 113.327965 83.348465
[2]: 139.689117 127.721008
[2]: 126.364342 128.292358
[2]: 130.981094 126.818054
[2]: 128.233978 127.793388
[2]: 143.741364 127.059334
[2]: 136.178146 129.284607
[2]: 114.198883 127.167229
[2]: 130.096924 127.622223
[2]: 122.856323 128.594849
[2]: 141.394409 128.832001
[2]: 131.694214 127.714943
[2]: 125.654327 126.382874
[2]: 135.343277 129.470886
[2]: 68.268845 128.973984
[2]: 129.859833 129.225464
[2]: 117.726288 126.874809
[2]: 129.149658 129.475784
[2]: 144.983566 127.592651
[2]: 140.783249 128.675812
[2]: 136.607025 127.927879
[2]: 122.202629 125.941376
[2]: 115.770721 128.472366
[2]: 127.232552 126.516014
[2]: 141.488953 127.519630
[2]: 117.123810 126.216423
[2]: 187.028641 191.841553
[2]: 115.487915 126.847946
[2]: 115.701958 85.763756
[2]: 126.823853 127.486504
[2]: 119.795769 128.040421
[1]: 124.435265 92.475586
[1]: 126.022057 128.397369
[1]: 136.218262 134.299622
[1]: 195.582352 195.384689
[1]: 128.496063 135.404953
[1]: 127.885963 126.264946
[1]: 126.182396 125.974266
[1]: 126.707695 133.136993
[1]: 139.348587 128.536819
[1]: 128.695145 126.496758
[1]: 120.969055 118.241035
[1]: 129.116302 124.405312
[1]: 129.162750 133.697723
[1]: 133.181931 136.853333
[1]: 133.151993 129.646713
[1]: 118.258011 123.128960
[1]: 134.611816 137.615677
[1]: 191.817841 192.947525
[1]: 132.786499 136.155884
[1]: 122.490532 122.263214
[1]: 125.744560 127.909096
[1]: 135.743011 127.775124
[1]: 140.021667 136.214111
[1]: 134.113419 135.618607
[1]: 129.365189 126.139725
[1]: 119.186768 121.182625
[1]: 122.164551 122.675461
[1]: 136.165558 131.578445
[1]: 127.482735 122.496483
[1]: 131.550781 122.817192
[1]: 119.676590 126.793739
[1]: 117.413986 151.436432
[1]: 126.122925 128.792282
[1]: 130.843796 126.707222
[0]: 124.891190 59.995975
[0]: 117.632103 119.746536
[0]: 117.247887 125.022362
[0]: 91.521843 110.561043
[0]: 115.437042 112.019569
[0]: 129.795883 126.496872
[0]: 121.578682 132.664688
[0]: 123.861870 110.786110
[0]: 103.972305 122.136406
[0]: 121.032570 122.817421
[0]: 151.454742 143.392334
[0]: 124.158813 133.779068
[0]: 131.248230 125.540588
[0]: 105.238052 100.635178
[0]: 117.011108 125.512856
[0]: 130.063766 126.352188
[0]: 116.268654 113.095261
[0]: 155.970764 134.963882
[0]: 124.307205 115.071335
[0]: 141.321823 131.260849
[0]: 127.129501 117.995750
[0]: 105.662453 123.196335
[0]: 105.882210 111.251457
[0]: 112.333275 107.558586
[0]: 126.447815 132.167603
[0]: 147.295670 144.588547
[0]: 128.576889 133.682587
[0]: 112.386185 121.891548
[0]: 138.924698 144.336090
[0]: 185.904358 135.358795
[0]: 143.981277 132.079163
[0]: 146.401062 198.915695
[0]: 127.767845 122.026833
[0]: 137.356873 134.929520
