[4]: 133.683624 132.432159
[4]: 126.169762 126.836334
[4]: 116.901337 117.904129
[4]: 172.682358 173.930054
[4]: 126.482025 124.594322
[4]: 126.447037 126.765602
[4]: 122.079865 122.387993
[4]: 127.945335 126.389420
[4]: 113.404457 111.252876
[4]: 123.177185 123.659187
[4]: 134.896286 133.923080
[4]: 128.852432 128.397034
[4]: 129.200653 127.930695
[4]: 122.860649 122.162163
[4]: 125.132950 123.592026
[4]: 134.371750 132.753708
[4]: 120.359428 118.670052
[4]: 67.229561 67.263580
[4]: 125.196465 125.855522
[4]: 130.795883 131.628586
[4]: 129.869888 130.921097
[4]: 113.604790 113.843704
[4]: 117.209892 117.078583
[4]: 122.037048 123.219727
[4]: 127.708824 128.845459
[4]: 136.840195 137.093811
[4]: 135.641434 133.075012
[4]: 118.105614 118.086906
[4]: 130.621140 129.906662
[4]: 73.038231 74.227898
[4]: 134.396637 133.324158
[4]: 139.213440 140.945679
[4]: 132.078125 131.868683
[4]: 130.126556 128.115768
[3]: 126.717064 129.667557
[3]: 129.213120 129.926086
[3]: 127.388596 127.448074
[3]: 60.818741 60.540619
[3]: 132.164078 131.771637
[3]: 127.420067 126.479179
[3]: 135.200150 135.141663
[3]: 129.646317 130.633560
[3]: 134.336273 135.352875
[3]: 126.171494 125.978561
[3]: 117.176262 119.108917
[3]: 126.318314 127.657806
[3]: 127.258568 128.203644
[3]: 132.097931 132.660767
[3]: 128.947678 129.234131
[3]: 130.286606 131.750046
[3]: 132.875519 132.714172
[3]: 158.708313 155.685638
[3]: 124.100510 124.603302
[3]: 124.156342 122.442459
[3]: 125.720108 124.990410
[3]: 137.636932 136.959061
[3]: 131.724869 132.554504
[3]: 130.476227 128.384995
[3]: 130.210388 129.326920
[3]: 121.023743 120.673088
[3]: 125.918701 128.321609
[3]: 129.515732 128.891006
[3]: 125.531982 125.635117
[3]: 65.166260 64.354279
[3]: 129.167831 128.957504
[3]: 121.522293 117.774368
[3]: 125.590157 124.986511
[3]: 121.370087 121.671371
[2]: 126.527321 127.894775
[2]: 137.259354 136.264862
[2]: 136.722794 137.254089
[2]: 111.725662 113.327965
[2]: 138.347305 139.689117
[2]: 126.491081 126.364342
[2]: 129.340454 130.981094
[2]: 128.146881 128.233978
[2]: 141.391983 143.741364
[2]: 137.925995 136.178146
[2]: 113.902664 114.198883
[2]: 128.363464 130.096924
[2]: 122.506134 122.856323
[2]: 140.252106 141.394409
[2]: 131.651901 131.694214
[2]: 125.239449 125.654327
[2]: 133.666397 135.343277
[2]: 67.270912 68.268845
[2]: 130.925369 129.859833
[2]: 117.215866 117.726288
[2]: 130.837418 129.149658
[2]: 145.351837 144.983566
[2]: 141.787003 140.783249
[2]: 138.016724 136.607025
[2]: 123.783890 122.202629
[2]: 115.609764 115.770721
[2]: 125.268761 127.232552
[2]: 140.477066 141.488953
[2]: 116.781502 117.123810
[2]: 185.776093 187.028641
[2]: 115.330811 115.487915
[2]: 116.373505 115.701958
[2]: 126.391190 126.823853
[2]: 118.544609 119.795769
[1]: 126.623169 124.435265
[1]: 126.735458 126.022057
[1]: 137.203659 136.218262
[1]: 196.305603 195.582352
[1]: 127.216873 128.496063
[1]: 127.614311 127.885963
[1]: 126.638725 126.182396
[1]: 126.174805 126.707695
[1]: 138.330475 139.348587
[1]: 128.716492 128.695145
[1]: 120.781807 120.969055
[1]: 130.200150 129.116302
[1]: 128.526367 129.162750
[1]: 133.462601 133.181931
[1]: 132.476044 133.151993
[1]: 118.499687 118.258011
[1]: 134.053726 134.611816
[1]: 190.675430 191.817841
[1]: 133.183594 132.786499
[1]: 123.239113 122.490532
[1]: 126.169983 125.744560
[1]: 136.677292 135.743011
[1]: 139.816803 140.021667
[1]: 133.665085 134.113419
[1]: 128.921387 129.365189
[1]: 119.411819 119.186768
[1]: 121.491837 122.164551
[1]: 135.280411 136.165558
[1]: 126.295021 127.482735
[1]: 132.724731 131.550781
[1]: 118.706375 119.676590
[1]: 115.955597 117.413986
[1]: 125.615082 126.122925
[1]: 129.375046 130.843796
[0]: 125.808807 124.891190
[0]: 117.211411 117.632103
[0]: 117.821632 117.247887
[0]: 92.795387 91.521843
[0]: 115.730598 115.437042
[0]: 129.287125 129.795883
[0]: 123.110649 121.578682
[0]: 123.925659 123.861870
[0]: 106.280418 103.972305
[0]: 119.386253 121.032570
[0]: 153.207458 151.454742
[0]: 125.777664 124.158813
[0]: 132.016174 131.248230
[0]: 105.866722 105.238052
[0]: 116.369820 117.011108
[0]: 130.125107 130.063766
[0]: 116.619339 116.268654
[0]: 155.433151 155.970764
[0]: 123.951126 124.307205
[0]: 140.158234 141.321823
[0]: 125.157547 127.129501
[0]: 103.622437 105.662453
[0]: 105.649544 105.882210
[0]: 110.176994 112.333275
[0]: 125.489929 126.447815
[0]: 147.230942 147.295670
[0]: 131.294876 128.576889
[0]: 113.645241 112.386185
[0]: 140.023483 138.924698
[0]: 186.744278 185.904358
[0]: 143.952927 143.981277
[0]: 145.145065 146.401062
[0]: 127.887886 127.767845
[0]: 138.531235 137.356873
