[4]: 132.424973 132.432159
[4]: 125.751282 126.836334
[4]: 120.287865 117.904129
[4]: 183.391266 173.930054
[4]: 126.159653 124.594322
[4]: 126.459412 126.765602
[4]: 121.750969 122.387993
[4]: 127.716965 126.389420
[4]: 115.757988 111.252876
[4]: 124.083549 123.659187
[4]: 133.194733 133.923080
[4]: 129.014465 128.397034
[4]: 128.691528 127.930695
[4]: 124.742638 122.162163
[4]: 126.274147 123.592026
[4]: 131.450714 132.753708
[4]: 121.451393 118.670052
[4]: 88.720779 67.263580
[4]: 126.973068 125.855522
[4]: 130.033447 131.628586
[4]: 129.529999 130.921097
[4]: 116.427597 113.843704
[4]: 119.894592 117.078583
[4]: 124.038391 123.219727
[4]: 128.246338 128.845459
[4]: 134.564575 137.093811
[4]: 133.231369 133.075012
[4]: 119.996681 118.086906
[4]: 130.635223 129.906662
[4]: 75.521736 74.227898
[4]: 131.802200 133.324158
[4]: 136.330460 140.945679
[4]: 131.334457 131.868683
[4]: 51703108367024128.000000 128.115768
[3]: 127.901779 129.667557
[3]: 127.471359 129.926086
[3]: 127.379921 127.448074
[3]: 127.525314 60.540619
[3]: 128.181427 131.771637
[3]: 127.423538 126.479179
[3]: 127.356049 135.141663
[3]: 127.222542 130.633560
[3]: 127.118706 135.352875
[3]: 127.188004 125.978561
[3]: 127.549744 119.108917
[3]: 127.940575 127.657806
[3]: 127.842880 128.203644
[3]: 127.267906 132.660767
[3]: 127.105331 129.234131
[3]: 127.644928 131.750046
[3]: 127.718880 132.714172
[3]: 127.781891 155.685638
[3]: 127.534515 124.603302
[3]: 126.893906 122.442459
[3]: 127.576462 124.990410
[3]: 127.796494 136.959061
[3]: 127.622307 132.554504
[3]: 127.162994 128.384995
[3]: 127.269859 129.326920
[3]: 127.681412 120.673088
[3]: 127.846275 128.321609
[3]: 127.641411 128.891006
[3]: 127.656830 125.635117
[3]: 127.495361 64.354279
[3]: 128.044312 128.957504
[3]: 127.318626 117.774368
[3]: 127.497551 124.986511
[3]: 13207868396273664.000000 121.671371
[2]: 127.536316 127.894775
[2]: 135.866470 136.264862
[2]: 136.064941 137.254089
[2]: 144.775284 113.327965
[2]: 137.011398 139.689117
[2]: 126.279556 126.364342
[2]: 127.448097 130.981094
[2]: 127.924049 128.233978
[2]: 139.461334 143.741364
[2]: 135.996536 136.178146
[2]: 115.130348 114.198883
[2]: 129.468018 130.096924
[2]: 123.371384 122.856323
[2]: 139.700867 141.394409
[2]: 131.431595 131.694214
[2]: 124.848289 125.654327
[2]: 132.993561 135.343277
[2]: 79.052429 68.268845
[2]: 131.382401 129.859833
[2]: 118.138916 117.726288
[2]: 130.887253 129.149658
[2]: 141.956329 144.983566
[2]: 140.740692 140.783249
[2]: 137.895279 136.607025
[2]: 125.125641 122.202629
[2]: 116.778160 115.770721
[2]: 126.461716 127.232552
[2]: 138.350067 141.488953
[2]: 118.976868 117.123810
[2]: 165.020111 187.028641
[2]: 114.696297 115.487915
[2]: 118.530449 115.701958
[2]: 127.784607 126.823853
[2]: 39706195262439424.000000 119.795769
[1]: 126.135521 124.435265
[1]: 126.422050 126.022057
[1]: 136.882538 136.218262
[1]: 196.233154 195.582352
[1]: 127.248566 128.496063
[1]: 127.509995 127.885963
[1]: 126.411125 126.182396
[1]: 126.920036 126.707695
[1]: 138.317612 139.348587
[1]: 128.932587 128.695145
[1]: 120.884628 120.969055
[1]: 130.155594 129.116302
[1]: 128.974274 129.162750
[1]: 133.535568 133.181931
[1]: 132.777390 133.151993
[1]: 118.225014 118.258011
[1]: 134.083069 134.611816
[1]: 190.733231 191.817841
[1]: 132.855576 132.786499
[1]: 123.313889 122.490532
[1]: 125.782585 125.744560
[1]: 136.384079 135.743011
[1]: 139.760498 140.021667
[1]: 133.317993 134.113419
[1]: 129.277390 129.365189
[1]: 119.617699 119.186768
[1]: 121.539360 122.164551
[1]: 135.272354 136.165558
[1]: 126.286995 127.482735
[1]: 132.235703 131.550781
[1]: 118.750427 119.676590
[1]: 116.166824 117.413986
[1]: 125.871071 126.122925
[1]: 63961864152809472.000000 130.843796
[0]: 127.181526 124.891190
[0]: 123.266472 117.632103
[0]: 125.226662 117.247887
[0]: 136.430176 91.521843
[0]: 121.469452 115.437042
[0]: 128.564804 129.795883
[0]: 123.176537 121.578682
[0]: 124.815315 123.861870
[0]: 117.808990 103.972305
[0]: 124.613663 121.032570
[0]: 140.150696 151.454742
[0]: 127.908607 124.158813
[0]: 129.124649 131.248230
[0]: 117.960457 105.238052
[0]: 122.835930 117.011108
[0]: 126.800514 130.063766
[0]: 122.854492 116.268654
[0]: 130.552063 155.970764
[0]: 127.758408 124.307205
[0]: 132.767151 141.321823
[0]: 127.163033 127.129501
[0]: 116.375725 105.662453
[0]: 119.394516 105.882210
[0]: 120.419495 112.333275
[0]: 125.287788 126.447815
[0]: 136.494202 147.295670
[0]: 128.930130 128.576889
[0]: 122.245422 112.386185
[0]: 132.505173 138.924698
[0]: 181.775436 185.904358
[0]: 132.617554 143.981277
[0]: 135.926697 146.401062
[0]: 128.136826 127.767845
[0]: 27455075928506368.000000 137.356873
