[4]: 92.637451 132.432159
[4]: 132.180481 126.836334
[4]: 128.001678 117.904129
[4]: 181.151596 173.930054
[4]: 137.304321 124.594322
[4]: 126.772392 126.765602
[4]: 128.456009 122.387993
[4]: 134.245667 126.389420
[4]: 132.577911 111.252876
[4]: 131.963272 123.659187
[4]: 125.579140 133.923080
[4]: 124.577026 128.397034
[4]: 125.245483 127.930695
[4]: 141.508408 122.162163
[4]: 125.577118 123.592026
[4]: 126.995506 132.753708
[4]: 132.841446 118.670052
[4]: 59.327312 67.263580
[4]: 131.669601 125.855522
[4]: 127.330841 131.628586
[4]: 133.952087 130.921097
[4]: 135.554306 113.843704
[4]: 134.310318 117.078583
[4]: 137.644669 123.219727
[4]: 127.313400 128.845459
[4]: 117.804901 137.093811
[4]: 126.296837 133.075012
[4]: 131.499603 118.086906
[4]: 120.610939 129.906662
[4]: 126.741302 74.227898
[4]: 123.186913 133.324158
[4]: 166.672333 140.945679
[4]: 130.957550 131.868683
[4]: 117.603455 128.115768
[3]: 170.811737 129.667557
[3]: 126.419655 129.926086
[3]: 124.860588 127.448074
[3]: 87.107185 60.540619
[3]: 129.211533 131.771637
[3]: 127.175316 126.479179
[3]: 128.426483 135.141663
[3]: 128.660400 130.633560
[3]: 126.843056 135.352875
[3]: 125.293907 125.978561
[3]: 126.275475 119.108917
[3]: 128.645370 127.657806
[3]: 127.494621 128.203644
[3]: 127.674896 132.660767
[3]: 127.011406 129.234131
[3]: 129.548050 131.750046
[3]: 127.088692 132.714172
[3]: 127.096748 155.685638
[3]: 126.544380 124.603302
[3]: 126.605217 122.442459
[3]: 126.204384 124.990410
[3]: 127.737999 136.959061
[3]: 127.173706 132.554504
[3]: 127.152756 128.384995
[3]: 127.849823 129.326920
[3]: 125.130905 120.673088
[3]: 128.926773 128.321609
[3]: 127.143280 128.891006
[3]: 128.891785 125.635117
[3]: 63.166225 64.354279
[3]: 129.047638 128.957504
[3]: 83.452591 117.774368
[3]: 128.247055 124.986511
[3]: 125.326523 121.671371
[2]: 169.382980 127.894775
[2]: 129.160187 136.264862
[2]: 129.635712 137.254089
[2]: 83.768967 113.327965
[2]: 128.863663 139.689117
[2]: 128.034500 126.364342
[2]: 127.167114 130.981094
[2]: 128.087509 128.233978
[2]: 127.625252 143.741364
[2]: 129.261688 136.178146
[2]: 126.602379 114.198883
[2]: 127.532249 130.096924
[2]: 128.794464 122.856323
[2]: 129.601196 141.394409
[2]: 127.748055 131.694214
[2]: 125.957909 125.654327
[2]: 130.005096 135.343277
[2]: 129.227768 68.268845
[2]: 130.076660 129.859833
[2]: 126.680740 117.726288
[2]: 129.612442 129.149658
[2]: 128.077835 144.983566
[2]: 129.258087 140.783249
[2]: 128.725769 136.607025
[2]: 125.836479 122.202629
[2]: 127.887657 115.770721
[2]: 126.120842 127.232552
[2]: 128.369263 141.488953
[2]: 125.532776 117.123810
[2]: 192.017456 187.028641
[2]: 126.507088 115.487915
[2]: 85.364616 115.701958
[2]: 127.635124 126.823853
[2]: 127.433762 119.795769
[1]: 87.257881 124.435265
[1]: 127.697014 126.022057
[1]: 136.729523 136.218262
[1]: 181.086258 195.582352
[1]: 138.181259 128.496063
[1]: 123.222855 127.885963
[1]: 127.353867 126.182396
[1]: 131.944534 126.707695
[1]: 129.758865 139.348587
[1]: 127.073654 128.695145
[1]: 118.005226 120.969055
[1]: 124.179810 129.116302
[1]: 134.708801 129.162750
[1]: 139.583191 133.181931
[1]: 129.721054 133.151993
[1]: 120.553932 118.258011
[1]: 140.336304 134.611816
[1]: 194.258514 191.817841
[1]: 138.668640 132.786499
[1]: 123.482803 122.490532
[1]: 124.566360 125.744560
[1]: 128.701599 135.743011
[1]: 138.101746 140.021667
[1]: 138.088959 134.113419
[1]: 125.333870 129.365189
[1]: 116.798759 119.186768
[1]: 120.490456 122.164551
[1]: 135.723389 136.165558
[1]: 124.874306 127.482735
[1]: 124.614532 131.550781
[1]: 125.339096 119.676590
[1]: 161.091217 117.413986
[1]: 128.951736 126.122925
[1]: 122.053398 130.843796
[0]: 79.261681 124.891190
[0]: 120.371925 117.632103
[0]: 115.854309 117.247887
[0]: 137.599670 91.521843
[0]: 102.051163 115.437042
[0]: 132.686172 129.795883
[0]: 124.518051 121.578682
[0]: 109.041626 123.861870
[0]: 116.845093 103.972305
[0]: 121.194908 121.032570
[0]: 145.180054 151.454742
[0]: 136.099518 124.158813
[0]: 121.780922 131.248230
[0]: 90.361412 105.238052
[0]: 124.928886 117.011108
[0]: 136.578430 130.063766
[0]: 103.492355 116.268654
[0]: 130.750137 155.970764
[0]: 106.489868 124.307205
[0]: 131.301895 141.321823
[0]: 122.284660 127.129501
[0]: 116.791222 105.662453
[0]: 104.816582 105.882210
[0]: 98.534744 112.333275
[0]: 130.949051 126.447815
[0]: 156.885315 147.295670
[0]: 139.653442 128.576889
[0]: 112.793823 112.386185
[0]: 141.124008 138.924698
[0]: 133.063843 185.904358
[0]: 138.141251 143.981277
[0]: 181.590576 146.401062
[0]: 120.000000 127.767845
[0]: 149.421783 137.356873
