[4]: 89.003777 132.432159
[4]: 128.742920 126.836334
[4]: 126.067726 117.904129
[4]: 174.450073 173.930054
[4]: 130.104538 124.594322
[4]: 128.979065 126.765602
[4]: 127.166145 122.387993
[4]: 128.653107 126.389420
[4]: 129.272751 111.252876
[4]: 129.684235 123.659187
[4]: 127.079689 133.923080
[4]: 129.716568 128.397034
[4]: 126.375305 127.930695
[4]: 131.067932 122.162163
[4]: 126.704811 123.592026
[4]: 131.852936 132.753708
[4]: 126.510254 118.670052
[4]: 61.181385 67.263580
[4]: 125.051491 125.855522
[4]: 126.985184 131.628586
[4]: 129.955276 130.921097
[4]: 129.324951 113.843704
[4]: 129.544006 117.078583
[4]: 130.300461 123.219727
[4]: 127.792763 128.845459
[4]: 125.972511 137.093811
[4]: 126.916611 133.075012
[4]: 128.554413 118.086906
[4]: 124.582680 129.906662
[4]: 125.220909 74.227898
[4]: 127.154961 133.324158
[4]: 170.306366 140.945679
[4]: 128.995438 131.868683
[4]: 122.539169 128.115768
[3]: 170.670502 129.667557
[3]: 127.926559 129.926086
[3]: 127.040833 127.448074
[3]: 88.496544 60.540619
[3]: 129.462479 131.771637
[3]: 128.933624 126.479179
[3]: 129.508850 135.141663
[3]: 127.716789 130.633560
[3]: 126.965279 135.352875
[3]: 125.714317 125.978561
[3]: 124.991997 119.108917
[3]: 128.327820 127.657806
[3]: 127.443413 128.203644
[3]: 128.453964 132.660767
[3]: 126.671883 129.234131
[3]: 131.326950 131.750046
[3]: 128.069733 132.714172
[3]: 126.211006 155.685638
[3]: 127.270836 124.603302
[3]: 126.634109 122.442459
[3]: 127.003639 124.990410
[3]: 127.388893 136.959061
[3]: 127.068199 132.554504
[3]: 127.834633 128.384995
[3]: 129.939728 129.326920
[3]: 123.735130 120.673088
[3]: 128.408325 128.321609
[3]: 128.182404 128.891006
[3]: 127.883110 125.635117
[3]: 58.586941 64.354279
[3]: 130.194199 128.957504
[3]: 81.921608 117.774368
[3]: 128.029694 124.986511
[3]: 125.844749 121.671371
[2]: 166.003189 127.894775
[2]: 129.802429 136.264862
[2]: 129.590363 137.254089
[2]: 93.684074 113.327965
[2]: 129.748398 139.689117
[2]: 127.548454 126.364342
[2]: 131.802170 130.981094
[2]: 136.899002 128.233978
[2]: 137.483063 143.741364
[2]: 134.595917 136.178146
[2]: 116.385170 114.198883
[2]: 133.537735 130.096924
[2]: 132.321732 122.856323
[2]: 138.600510 141.394409
[2]: 134.511536 131.694214
[2]: 128.547302 125.654327
[2]: 134.218369 135.343277
[2]: 124.512848 68.268845
[2]: 127.050743 129.859833
[2]: 118.688004 117.726288
[2]: 129.086670 129.149658
[2]: 133.192505 144.983566
[2]: 135.992630 140.783249
[2]: 142.238998 136.607025
[2]: 128.498367 122.202629
[2]: 120.984207 115.770721
[2]: 120.721642 127.232552
[2]: 128.587662 141.488953
[2]: 121.779999 117.123810
[2]: 187.085037 187.028641
[2]: 121.486656 115.487915
[2]: 72.364548 115.701958
[2]: 137.227615 126.823853
[2]: 117.449501 119.795769
[1]: 83.043076 124.435265
[1]: 128.261917 126.022057
[1]: 132.026566 136.218262
[1]: 177.239044 195.582352
[1]: 128.449005 128.496063
[1]: 126.625298 127.885963
[1]: 130.892471 126.182396
[1]: 130.201309 126.707695
[1]: 132.270126 139.348587
[1]: 129.915634 128.695145
[1]: 120.182281 120.969055
[1]: 128.052994 129.116302
[1]: 130.684723 129.162750
[1]: 130.981354 133.181931
[1]: 131.582077 133.151993
[1]: 124.614563 118.258011
[1]: 133.771393 134.611816
[1]: 191.314011 191.817841
[1]: 129.744446 132.786499
[1]: 121.519760 122.490532
[1]: 124.653122 125.744560
[1]: 130.190201 135.743011
[1]: 131.585327 140.021667
[1]: 134.960327 134.113419
[1]: 130.430283 129.365189
[1]: 123.353241 119.186768
[1]: 124.176804 122.164551
[1]: 129.367310 136.165558
[1]: 127.335701 127.482735
[1]: 118.778717 131.550781
[1]: 126.116562 119.676590
[1]: 161.549438 117.413986
[1]: 131.390244 126.122925
[1]: 126.083405 130.843796
[0]: 138.939041 124.891190
[0]: 120.432526 117.632103
[0]: 119.958839 117.247887
[0]: 85.144508 91.521843
[0]: 120.687172 115.437042
[0]: 123.715652 129.795883
[0]: 113.003227 121.578682
[0]: 106.602402 123.861870
[0]: 102.157417 103.972305
[0]: 111.371902 121.032570
[0]: 158.442993 151.454742
[0]: 116.797638 124.158813
[0]: 120.386475 131.248230
[0]: 98.533539 105.238052
[0]: 111.597511 117.011108
[0]: 118.772392 130.063766
[0]: 111.138504 116.268654
[0]: 143.165314 155.970764
[0]: 129.151962 124.307205
[0]: 146.380249 141.321823
[0]: 127.077538 127.129501
[0]: 115.099342 105.662453
[0]: 108.133049 105.882210
[0]: 89.023026 112.333275
[0]: 115.951828 126.447815
[0]: 151.991440 147.295670
[0]: 143.639221 128.576889
[0]: 121.507843 112.386185
[0]: 140.583832 138.924698
[0]: 168.476913 185.904358
[0]: 137.958618 143.981277
[0]: 152.791748 146.401062
[0]: 105.267662 127.767845
[0]: 152.974197 137.356873
