[4]: 147.608734 132.432159
[4]: 123.005745 126.836334
[4]: 124.050117 117.904129
[4]: 158.991455 173.930054
[4]: 128.331009 124.594322
[4]: 120.211578 126.765602
[4]: 128.669739 122.387993
[4]: 118.411369 126.389420
[4]: 116.582130 111.252876
[4]: 123.166603 123.659187
[4]: 138.704056 133.923080
[4]: 133.165695 128.397034
[4]: 126.441452 127.930695
[4]: 136.863327 122.162163
[4]: 127.056091 123.592026
[4]: 145.032349 132.753708
[4]: 121.003929 118.670052
[4]: 63.358078 67.263580
[4]: 126.763626 125.855522
[4]: 130.593918 131.628586
[4]: 126.807091 130.921097
[4]: 107.404869 113.843704
[4]: 121.705574 117.078583
[4]: 123.893417 123.219727
[4]: 130.419006 128.845459
[4]: 120.159721 137.093811
[4]: 143.579483 133.075012
[4]: 125.339027 118.086906
[4]: 123.741852 129.906662
[4]: 81.437294 74.227898
[4]: 139.206360 133.324158
[4]: 134.512817 140.945679
[4]: 123.055481 131.868683
[4]: 127.049667 128.115768
[3]: 122.247353 129.667557
[3]: 131.199860 129.926086
[3]: 121.700386 127.448074
[3]: 84.559288 60.540619
[3]: 139.854965 131.771637
[3]: 135.104523 126.479179
[3]: 141.775909 135.141663
[3]: 131.334625 130.633560
[3]: 126.455421 135.352875
[3]: 126.508591 125.978561
[3]: 92.972061 119.108917
[3]: 118.635712 127.657806
[3]: 127.127617 128.203644
[3]: 123.548935 132.660767
[3]: 128.121704 129.234131
[3]: 148.196899 131.750046
[3]: 133.868027 132.714172
[3]: 172.617386 155.685638
[3]: 113.179962 124.603302
[3]: 118.993675 122.442459
[3]: 128.076263 124.990410
[3]: 151.483032 136.959061
[3]: 128.887741 132.554504
[3]: 136.934921 128.384995
[3]: 144.882980 129.326920
[3]: 131.816010 120.673088
[3]: 127.798668 128.321609
[3]: 122.105019 128.891006
[3]: 112.716576 125.635117
[3]: 79.269951 64.354279
[3]: 126.463882 128.957504
[3]: 126.317032 117.774368
[3]: 115.469391 124.986511
[3]: 132.532913 121.671371
[2]: 115.197853 127.894775
[2]: 136.764038 136.264862
[2]: 130.568192 137.254089
[2]: 105.875961 113.327965
[2]: 135.358383 139.689117
[2]: 133.028534 126.364342
[2]: 122.576981 130.981094
[2]: 140.055618 128.233978
[2]: 142.265121 143.741364
[2]: 139.880753 136.178146
[2]: 110.702179 114.198883
[2]: 119.825745 130.096924
[2]: 126.445236 122.856323
[2]: 123.523453 141.394409
[2]: 128.242279 131.694214
[2]: 108.733803 125.654327
[2]: 130.495453 135.343277
[2]: 66.978249 68.268845
[2]: 130.316422 129.859833
[2]: 122.533783 117.726288
[2]: 134.156586 129.149658
[2]: 151.578217 144.983566
[2]: 135.271362 140.783249
[2]: 136.002701 136.607025
[2]: 119.158592 122.202629
[2]: 132.431961 115.770721
[2]: 112.127892 127.232552
[2]: 131.768051 141.488953
[2]: 124.962898 117.123810
[2]: 174.833069 187.028641
[2]: 114.948242 115.487915
[2]: 119.989357 115.701958
[2]: 137.939987 126.823853
[2]: 121.436668 119.795769
[1]: 138.572876 124.435265
[1]: 124.944992 126.022057
[1]: 134.324600 136.218262
[1]: 182.506226 195.582352
[1]: 122.827652 128.496063
[1]: 120.792580 127.885963
[1]: 119.690208 126.182396
[1]: 121.303116 126.707695
[1]: 145.600372 139.348587
[1]: 134.417847 128.695145
[1]: 134.495316 120.969055
[1]: 136.915451 129.116302
[1]: 126.941902 129.162750
[1]: 138.505005 133.181931
[1]: 145.452606 133.151993
[1]: 106.744728 118.258011
[1]: 138.569946 134.611816
[1]: 185.317688 191.817841
[1]: 141.968262 132.786499
[1]: 135.162659 122.490532
[1]: 130.540649 125.744560
[1]: 137.160706 135.743011
[1]: 138.782806 140.021667
[1]: 129.308075 134.113419
[1]: 120.007484 129.365189
[1]: 109.386200 119.186768
[1]: 115.978027 122.164551
[1]: 134.424774 136.165558
[1]: 133.400925 127.482735
[1]: 133.247787 131.550781
[1]: 121.230125 119.676590
[1]: 115.985435 117.413986
[1]: 143.289276 126.122925
[1]: 110.604607 130.843796
[0]: 114.538780 124.891190
[0]: 121.080933 117.632103
[0]: 126.239601 117.247887
[0]: 103.184822 91.521843
[0]: 113.725883 115.437042
[0]: 128.331757 129.795883
[0]: 124.259346 121.578682
[0]: 124.935356 123.861870
[0]: 103.823952 103.972305
[0]: 110.990044 121.032570
[0]: 161.837280 151.454742
[0]: 131.233353 124.158813
[0]: 132.605698 131.248230
[0]: 112.816780 105.238052
[0]: 105.843956 117.011108
[0]: 129.492447 130.063766
[0]: 114.608826 116.268654
[0]: 160.515488 155.970764
[0]: 125.123978 124.307205
[0]: 127.071144 141.321823
[0]: 117.648575 127.129501
[0]: 90.505272 105.662453
[0]: 112.984726 105.882210
[0]: 108.881256 112.333275
[0]: 122.071739 126.447815
[0]: 145.609848 147.295670
[0]: 139.836014 128.576889
[0]: 124.347626 112.386185
[0]: 144.361557 138.924698
[0]: 170.687149 185.904358
[0]: 138.600983 143.981277
[0]: 140.088196 146.401062
[0]: 117.006752 127.767845
[0]: 146.538956 137.356873
