[4]: 132.435547 132.432159
[4]: 126.809578 126.836334
[4]: 117.933807 117.904129
[4]: 173.943787 173.930054
[4]: 124.585617 124.594322
[4]: 126.795624 126.765602
[4]: 122.405975 122.387993
[4]: 126.368637 126.389420
[4]: 111.321945 111.252876
[4]: 123.646263 123.659187
[4]: 133.902649 133.923080
[4]: 128.403275 128.397034
[4]: 127.868164 127.930695
[4]: 122.127319 122.162163
[4]: 123.555573 123.592026
[4]: 132.727127 132.753708
[4]: 118.660934 118.670052
[4]: 67.288330 67.263580
[4]: 125.879417 125.855522
[4]: 131.647934 131.628586
[4]: 130.923737 130.921097
[4]: 113.812988 113.843704
[4]: 117.087677 117.078583
[4]: 123.218643 123.219727
[4]: 128.862778 128.845459
[4]: 137.098938 137.093811
[4]: 133.105362 133.075012
[4]: 118.067230 118.086906
[4]: 129.874588 129.906662
[4]: 74.219040 74.227898
[4]: 133.296738 133.324158
[4]: 140.952835 140.945679
[4]: 131.900986 131.868683
[4]: 128.102982 128.115768
[3]: 129.669601 129.667557
[3]: 129.926407 129.926086
[3]: 127.441490 127.448074
[3]: 60.540112 60.540619
[3]: 131.764008 131.771637
[3]: 126.477745 126.479179
[3]: 135.133469 135.141663
[3]: 130.634827 130.633560
[3]: 135.345291 135.352875
[3]: 125.983086 125.978561
[3]: 119.123413 119.108917
[3]: 127.657288 127.657806
[3]: 128.226639 128.203644
[3]: 132.673889 132.660767
[3]: 129.257355 129.234131
[3]: 131.749664 131.750046
[3]: 132.720123 132.714172
[3]: 155.674515 155.685638
[3]: 124.580963 124.603302
[3]: 122.428474 122.442459
[3]: 125.002808 124.990410
[3]: 136.960785 136.959061
[3]: 132.565689 132.554504
[3]: 128.376465 128.384995
[3]: 129.314102 129.326920
[3]: 120.666878 120.673088
[3]: 128.307785 128.321609
[3]: 128.887421 128.891006
[3]: 125.654015 125.635117
[3]: 64.351677 64.354279
[3]: 128.979340 128.957504
[3]: 117.773056 117.774368
[3]: 124.984566 124.986511
[3]: 121.676773 121.671371
[2]: 127.891190 127.894775
[2]: 136.242661 136.264862
[2]: 137.264114 137.254089
[2]: 113.308235 113.327965
[2]: 139.680435 139.689117
[2]: 126.344048 126.364342
[2]: 130.984528 130.981094
[2]: 128.227737 128.233978
[2]: 143.714188 143.741364
[2]: 136.186020 136.178146
[2]: 114.172462 114.198883
[2]: 130.090942 130.096924
[2]: 122.876755 122.856323
[2]: 141.371811 141.394409
[2]: 131.680527 131.694214
[2]: 125.697350 125.654327
[2]: 135.368378 135.343277
[2]: 68.276802 68.268845
[2]: 129.894699 129.859833
[2]: 117.708443 117.726288
[2]: 129.152115 129.149658
[2]: 144.999680 144.983566
[2]: 140.771133 140.783249
[2]: 136.605057 136.607025
[2]: 122.174217 122.202629
[2]: 115.794273 115.770721
[2]: 127.239632 127.232552
[2]: 141.503983 141.488953
[2]: 117.120529 117.123810
[2]: 187.027527 187.028641
[2]: 115.520737 115.487915
[2]: 115.710037 115.701958
[2]: 126.840782 126.823853
[2]: 119.796906 119.795769
[1]: 124.418983 124.435265
[1]: 126.065269 126.022057
[1]: 136.187073 136.218262
[1]: 195.593185 195.582352
[1]: 128.529938 128.496063
[1]: 127.879990 127.885963
[1]: 126.166718 126.182396
[1]: 126.716621 126.707695
[1]: 139.311218 139.348587
[1]: 128.707031 128.695145
[1]: 120.966545 120.969055
[1]: 129.107452 129.116302
[1]: 129.181610 129.162750
[1]: 133.227081 133.181931
[1]: 133.170532 133.151993
[1]: 118.273239 118.258011
[1]: 134.630386 134.611816
[1]: 191.815887 191.817841
[1]: 132.772141 132.786499
[1]: 122.496490 122.490532
[1]: 125.711319 125.744560
[1]: 135.755310 135.743011
[1]: 140.031189 140.021667
[1]: 134.113617 134.113419
[1]: 129.379837 129.365189
[1]: 119.173035 119.186768
[1]: 122.128975 122.164551
[1]: 136.198151 136.165558
[1]: 127.504524 127.482735
[1]: 131.589279 131.550781
[1]: 119.663834 119.676590
[1]: 117.380615 117.413986
[1]: 126.082581 126.122925
[1]: 130.866501 130.843796
[0]: 124.904182 124.891190
[0]: 117.635612 117.632103
[0]: 117.251900 117.247887
[0]: 91.540985 91.521843
[0]: 115.426704 115.437042
[0]: 129.793915 129.795883
[0]: 121.581589 121.578682
[0]: 123.879395 123.861870
[0]: 103.983414 103.972305
[0]: 121.020943 121.032570
[0]: 151.489365 151.454742
[0]: 124.168991 124.158813
[0]: 131.248825 131.248230
[0]: 105.238136 105.238052
[0]: 117.022224 117.011108
[0]: 130.024536 130.063766
[0]: 116.228905 116.268654
[0]: 155.995468 155.970764
[0]: 124.287033 124.307205
[0]: 141.326950 141.321823
[0]: 127.145309 127.129501
[0]: 105.667664 105.662453
[0]: 105.869133 105.882210
[0]: 112.348747 112.333275
[0]: 126.458328 126.447815
[0]: 147.282333 147.295670
[0]: 128.586975 128.576889
[0]: 112.364304 112.386185
[0]: 138.918625 138.924698
[0]: 185.891449 185.904358
[0]: 143.961792 143.981277
[0]: 146.416794 146.401062
[0]: 127.759811 127.767845
[0]: 137.341049 137.356873
