[4]: 132.536789 132.432159
[4]: 126.014114 126.836334
[4]: 117.850876 117.904129
[4]: 174.849380 173.930054
[4]: 124.248009 124.594322
[4]: 126.932732 126.765602
[4]: 121.818230 122.387993
[4]: 126.910576 126.389420
[4]: 111.278687 111.252876
[4]: 124.148567 123.659187
[4]: 133.822418 133.923080
[4]: 129.346344 128.397034
[4]: 127.330574 127.930695
[4]: 123.046524 122.162163
[4]: 123.331360 123.592026
[4]: 131.597900 132.753708
[4]: 118.357780 118.670052
[4]: 67.436089 67.263580
[4]: 125.892441 125.855522
[4]: 132.488129 131.628586
[4]: 131.034073 130.921097
[4]: 114.021919 113.843704
[4]: 117.682991 117.078583
[4]: 123.600739 123.219727
[4]: 129.198242 128.845459
[4]: 135.666031 137.093811
[4]: 132.423157 133.075012
[4]: 118.108353 118.086906
[4]: 129.329147 129.906662
[4]: 75.167572 74.227898
[4]: 133.930923 133.324158
[4]: 142.292175 140.945679
[4]: 131.827850 131.868683
[4]: 126.647820 128.115768
[3]: 130.003662 129.667557
[3]: 129.982376 129.926086
[3]: 127.275642 127.448074
[3]: 60.740036 60.540619
[3]: 131.378357 131.771637
[3]: 126.408470 126.479179
[3]: 135.531158 135.141663
[3]: 130.306534 130.633560
[3]: 135.187820 135.352875
[3]: 125.204666 125.978561
[3]: 119.740501 119.108917
[3]: 127.582092 127.657806
[3]: 128.226425 128.203644
[3]: 132.616257 132.660767
[3]: 129.233841 129.234131
[3]: 132.582489 131.750046
[3]: 132.692307 132.714172
[3]: 155.583496 155.685638
[3]: 124.708916 124.603302
[3]: 122.288979 122.442459
[3]: 125.320335 124.990410
[3]: 136.622177 136.959061
[3]: 132.420486 132.554504
[3]: 128.493332 128.384995
[3]: 129.224014 129.326920
[3]: 121.183060 120.673088
[3]: 128.385376 128.321609
[3]: 129.205368 128.891006
[3]: 126.118401 125.635117
[3]: 63.932297 64.354279
[3]: 129.170898 128.957504
[3]: 116.950546 117.774368
[3]: 125.025970 124.986511
[3]: 122.177055 121.671371
[2]: 128.804306 127.894775
[2]: 135.715988 136.264862
[2]: 137.907532 137.254089
[2]: 111.322617 113.327965
[2]: 140.734268 139.689117
[2]: 126.919662 126.364342
[2]: 132.001999 130.981094
[2]: 128.087997 128.233978
[2]: 144.242203 143.741364
[2]: 135.881531 136.178146
[2]: 113.921104 114.198883
[2]: 128.582443 130.096924
[2]: 123.755402 122.856323
[2]: 140.744400 141.394409
[2]: 131.612610 131.694214
[2]: 126.630478 125.654327
[2]: 136.066528 135.343277
[2]: 68.618988 68.268845
[2]: 130.326767 129.859833
[2]: 117.374474 117.726288
[2]: 129.451935 129.149658
[2]: 144.798004 144.983566
[2]: 141.354843 140.783249
[2]: 135.081131 136.607025
[2]: 121.608856 122.202629
[2]: 117.003670 115.770721
[2]: 127.784843 127.232552
[2]: 142.093185 141.488953
[2]: 117.705544 117.123810
[2]: 186.575348 187.028641
[2]: 114.616592 115.487915
[2]: 114.817070 115.701958
[2]: 127.393539 126.823853
[2]: 121.302513 119.795769
[1]: 123.704216 124.435265
[1]: 126.817413 126.022057
[1]: 137.161896 136.218262
[1]: 195.385010 195.582352
[1]: 129.079819 128.496063
[1]: 127.807144 127.885963
[1]: 126.592033 126.182396
[1]: 126.298973 126.707695
[1]: 140.006683 139.348587
[1]: 128.695190 128.695145
[1]: 121.097481 120.969055
[1]: 129.093674 129.116302
[1]: 129.496887 129.162750
[1]: 133.029251 133.181931
[1]: 133.729813 133.151993
[1]: 118.290649 118.258011
[1]: 135.075378 134.611816
[1]: 191.558807 191.817841
[1]: 132.616302 132.786499
[1]: 121.419090 122.490532
[1]: 125.094757 125.744560
[1]: 135.933792 135.743011
[1]: 139.632874 140.021667
[1]: 134.140579 134.113419
[1]: 129.479538 129.365189
[1]: 120.276413 119.186768
[1]: 122.835457 122.164551
[1]: 135.835999 136.165558
[1]: 127.918777 127.482735
[1]: 132.526367 131.550781
[1]: 120.190445 119.676590
[1]: 116.970673 117.413986
[1]: 125.924927 126.122925
[1]: 131.308777 130.843796
[0]: 124.190628 124.891190
[0]: 118.111809 117.632103
[0]: 115.705658 117.247887
[0]: 91.946854 91.521843
[0]: 114.398483 115.437042
[0]: 129.200012 129.795883
[0]: 120.206047 121.578682
[0]: 124.245499 123.861870
[0]: 102.750366 103.972305
[0]: 121.642693 121.032570
[0]: 151.182358 151.454742
[0]: 124.831078 124.158813
[0]: 130.561035 131.248230
[0]: 105.041695 105.238052
[0]: 116.675339 117.011108
[0]: 129.326736 130.063766
[0]: 115.292793 116.268654
[0]: 156.261429 155.970764
[0]: 123.807045 124.307205
[0]: 142.209488 141.321823
[0]: 127.014038 127.129501
[0]: 105.728317 105.662453
[0]: 105.053749 105.882210
[0]: 113.309326 112.333275
[0]: 126.671120 126.447815
[0]: 145.864853 147.295670
[0]: 127.865883 128.576889
[0]: 111.649582 112.386185
[0]: 137.984146 138.924698
[0]: 185.491257 185.904358
[0]: 143.564819 143.981277
[0]: 147.369370 146.401062
[0]: 127.350594 127.767845
[0]: 136.317947 137.356873
