[4]: 92.812744 132.432159
[4]: 132.360626 126.836334
[4]: 127.557495 117.904129
[4]: 182.211456 173.930054
[4]: 140.515839 124.594322
[4]: 126.085442 126.765602
[4]: 125.176666 122.387993
[4]: 135.372726 126.389420
[4]: 132.151306 111.252876
[4]: 129.958527 123.659187
[4]: 125.396049 133.923080
[4]: 124.483978 128.397034
[4]: 122.997597 127.930695
[4]: 143.195450 122.162163
[4]: 126.945351 123.592026
[4]: 125.564171 132.753708
[4]: 131.030533 118.670052
[4]: 59.557762 67.263580
[4]: 132.806610 125.855522
[4]: 128.702393 131.628586
[4]: 135.418564 130.921097
[4]: 136.102890 113.843704
[4]: 132.089706 117.078583
[4]: 136.646500 123.219727
[4]: 126.108665 128.845459
[4]: 117.183960 137.093811
[4]: 126.368729 133.075012
[4]: 130.567200 118.086906
[4]: 122.885101 129.906662
[4]: 126.190460 74.227898
[4]: 124.087753 133.324158
[4]: 165.554199 140.945679
[4]: 131.762192 131.868683
[4]: 118.307938 128.115768
[3]: 170.834457 129.667557
[3]: 126.374588 129.926086
[3]: 124.841202 127.448074
[3]: 87.069595 60.540619
[3]: 129.346954 131.771637
[3]: 127.115868 126.479179
[3]: 128.444000 135.141663
[3]: 128.508896 130.633560
[3]: 127.123581 135.352875
[3]: 125.218430 125.978561
[3]: 126.140221 119.108917
[3]: 128.714279 127.657806
[3]: 127.663841 128.203644
[3]: 127.715057 132.660767
[3]: 126.991905 129.234131
[3]: 129.468536 131.750046
[3]: 127.011307 132.714172
[3]: 127.336998 155.685638
[3]: 126.557999 124.603302
[3]: 126.488724 122.442459
[3]: 126.215729 124.990410
[3]: 127.575928 136.959061
[3]: 127.374847 132.554504
[3]: 127.127625 128.384995
[3]: 127.829445 129.326920
[3]: 125.324013 120.673088
[3]: 128.677399 128.321609
[3]: 127.083603 128.891006
[3]: 128.929703 125.635117
[3]: 63.315083 64.354279
[3]: 129.079941 128.957504
[3]: 83.513145 117.774368
[3]: 128.451904 124.986511
[3]: 125.203072 121.671371
[2]: 169.197052 127.894775
[2]: 129.260956 136.264862
[2]: 129.499023 137.254089
[2]: 83.525429 113.327965
[2]: 128.816315 139.689117
[2]: 128.077209 126.364342
[2]: 126.907150 130.981094
[2]: 128.113846 128.233978
[2]: 127.236961 143.741364
[2]: 129.083588 136.178146
[2]: 126.938507 114.198883
[2]: 127.495041 130.096924
[2]: 128.426834 122.856323
[2]: 129.158447 141.394409
[2]: 127.928993 131.694214
[2]: 125.957222 125.654327
[2]: 129.720001 135.343277
[2]: 129.187210 68.268845
[2]: 129.767349 129.859833
[2]: 127.051842 117.726288
[2]: 129.630615 129.149658
[2]: 128.149261 144.983566
[2]: 128.700378 140.783249
[2]: 128.485397 136.607025
[2]: 125.847290 122.202629
[2]: 128.035538 115.770721
[2]: 126.441116 127.232552
[2]: 128.077667 141.488953
[2]: 125.759193 117.123810
[2]: 192.069122 187.028641
[2]: 126.616325 115.487915
[2]: 85.422401 115.701958
[2]: 127.391693 126.823853
[2]: 127.850548 119.795769
[1]: 87.636726 124.435265
[1]: 128.889603 126.022057
[1]: 136.073593 136.218262
[1]: 181.166595 195.582352
[1]: 140.486176 128.496063
[1]: 123.787094 127.885963
[1]: 126.583885 126.182396
[1]: 132.666550 126.707695
[1]: 129.076492 139.348587
[1]: 125.783737 128.695145
[1]: 117.422005 120.969055
[1]: 123.670532 129.116302
[1]: 133.215530 129.162750
[1]: 139.659302 133.181931
[1]: 131.287949 133.151993
[1]: 119.879906 118.258011
[1]: 139.830597 134.611816
[1]: 194.723923 191.817841
[1]: 138.843826 132.786499
[1]: 125.210007 122.490532
[1]: 125.365181 125.744560
[1]: 129.088196 135.743011
[1]: 136.455536 140.021667
[1]: 137.536575 134.113419
[1]: 124.897667 129.365189
[1]: 117.067795 119.186768
[1]: 120.754913 122.164551
[1]: 135.091446 136.165558
[1]: 126.122726 127.482735
[1]: 124.403152 131.550781
[1]: 126.086197 119.676590
[1]: 161.382492 117.413986
[1]: 130.131516 126.122925
[1]: 122.248528 130.843796
[0]: 78.311546 124.891190
[0]: 118.797516 117.632103
[0]: 117.640671 117.247887
[0]: 138.028397 91.521843
[0]: 95.802872 115.437042
[0]: 132.771591 129.795883
[0]: 129.816055 121.578682
[0]: 107.367691 123.861870
[0]: 118.544029 103.972305
[0]: 125.681808 121.032570
[0]: 145.467651 151.454742
[0]: 136.590958 124.158813
[0]: 126.663918 131.248230
[0]: 89.596207 105.238052
[0]: 121.189735 117.011108
[0]: 139.060852 130.063766
[0]: 107.307800 116.268654
[0]: 129.213837 155.970764
[0]: 105.779625 124.307205
[0]: 127.123314 141.321823
[0]: 119.643669 127.129501
[0]: 116.058815 105.662453
[0]: 110.444717 105.882210
[0]: 101.371437 112.333275
[0]: 132.876038 126.447815
[0]: 156.211700 147.295670
[0]: 138.930145 128.576889
[0]: 115.526459 112.386185
[0]: 136.210098 138.924698
[0]: 133.621811 185.904358
[0]: 135.741272 143.981277
[0]: 182.893509 146.401062
[0]: 117.833405 127.767845
[0]: 147.452438 137.356873
