[4]: 88.045692 132.432159
[4]: 128.096954 126.836334
[4]: 126.436760 117.904129
[4]: 170.261810 173.930054
[4]: 128.237473 124.594322
[4]: 127.105957 126.765602
[4]: 127.250549 122.387993
[4]: 126.867508 126.389420
[4]: 127.346214 111.252876
[4]: 129.305435 123.659187
[4]: 129.176056 133.923080
[4]: 127.994499 128.397034
[4]: 125.551521 127.930695
[4]: 127.951714 122.162163
[4]: 125.739220 123.592026
[4]: 130.531204 132.753708
[4]: 126.255859 118.670052
[4]: 63.603432 67.263580
[4]: 125.497284 125.855522
[4]: 128.300903 131.628586
[4]: 130.639099 130.921097
[4]: 128.670227 113.843704
[4]: 127.954948 117.078583
[4]: 126.784340 123.219727
[4]: 127.584724 128.845459
[4]: 127.504463 137.093811
[4]: 128.505768 133.075012
[4]: 128.084396 118.086906
[4]: 125.849579 129.906662
[4]: 127.284142 74.227898
[4]: 127.424980 133.324158
[4]: 173.535980 140.945679
[4]: 127.243103 131.868683
[4]: 125.869774 128.115768
[3]: 156.307770 129.667557
[3]: 123.889671 129.926086
[3]: 124.584435 127.448074
[3]: 105.121635 60.540619
[3]: 127.310928 131.771637
[3]: 128.933655 126.479179
[3]: 127.432213 135.141663
[3]: 126.980980 130.633560
[3]: 126.422050 135.352875
[3]: 121.819298 125.978561
[3]: 126.371132 119.108917
[3]: 128.405487 127.657806
[3]: 125.532555 128.203644
[3]: 126.109634 132.660767
[3]: 124.853653 129.234131
[3]: 127.635963 131.750046
[3]: 124.258347 132.714172
[3]: 127.965561 155.685638
[3]: 128.002899 124.603302
[3]: 127.847343 122.442459
[3]: 126.355446 124.990410
[3]: 125.810623 136.959061
[3]: 126.079575 132.554504
[3]: 127.835243 128.384995
[3]: 128.194199 129.326920
[3]: 125.702393 120.673088
[3]: 132.064590 128.321609
[3]: 127.612389 128.891006
[3]: 128.607742 125.635117
[3]: 60.960213 64.354279
[3]: 129.429062 128.957504
[3]: 53.309261 117.774368
[3]: 127.637543 124.986511
[3]: 126.844887 121.671371
[2]: 149.580856 127.894775
[2]: 129.599304 136.264862
[2]: 128.136292 137.254089
[2]: 97.711449 113.327965
[2]: 124.870033 139.689117
[2]: 127.665627 126.364342
[2]: 126.979851 130.981094
[2]: 133.016846 128.233978
[2]: 128.090744 143.741364
[2]: 128.668747 136.178146
[2]: 127.798630 114.198883
[2]: 129.259048 130.096924
[2]: 129.877869 122.856323
[2]: 130.242020 141.394409
[2]: 129.516129 131.694214
[2]: 125.543411 125.654327
[2]: 130.649490 135.343277
[2]: 129.002579 68.268845
[2]: 125.827507 129.859833
[2]: 122.857727 117.726288
[2]: 128.135498 129.149658
[2]: 129.303268 144.983566
[2]: 128.589050 140.783249
[2]: 129.033249 136.607025
[2]: 125.256996 122.202629
[2]: 131.290695 115.770721
[2]: 126.546265 127.232552
[2]: 127.077019 141.488953
[2]: 126.514801 117.123810
[2]: 194.787750 187.028641
[2]: 128.047958 115.487915
[2]: 53.944019 115.701958
[2]: 128.069168 126.823853
[2]: 129.315201 119.795769
[1]: 83.420723 124.435265
[1]: 126.829681 126.022057
[1]: 129.648849 136.218262
[1]: 170.432480 195.582352
[1]: 128.124069 128.496063
[1]: 127.132187 127.885963
[1]: 127.060020 126.182396
[1]: 126.416496 126.707695
[1]: 127.226830 139.348587
[1]: 125.418190 128.695145
[1]: 126.886330 120.969055
[1]: 127.198509 129.116302
[1]: 129.637085 129.162750
[1]: 125.924194 133.181931
[1]: 128.090424 133.151993
[1]: 124.204613 118.258011
[1]: 129.114777 134.611816
[1]: 191.470413 191.817841
[1]: 129.599609 132.786499
[1]: 125.855408 122.490532
[1]: 123.994476 125.744560
[1]: 127.321793 135.743011
[1]: 127.374474 140.021667
[1]: 127.557907 134.113419
[1]: 127.488342 129.365189
[1]: 128.377197 119.186768
[1]: 127.043907 122.164551
[1]: 127.788506 136.165558
[1]: 129.468460 127.482735
[1]: 127.987267 131.550781
[1]: 128.538162 119.676590
[1]: 168.733292 117.413986
[1]: 127.730110 126.122925
[1]: 129.643906 130.843796
[0]: 209.136612 124.891190
[0]: 129.378357 117.632103
[0]: 127.718483 117.247887
[0]: 46.566475 91.521843
[0]: 133.399399 115.437042
[0]: 126.254044 129.795883
[0]: 128.412811 121.578682
[0]: 122.308998 123.861870
[0]: 126.217484 103.972305
[0]: 131.529144 121.032570
[0]: 127.078217 151.454742
[0]: 126.887550 124.158813
[0]: 129.096390 131.248230
[0]: 126.157211 105.238052
[0]: 127.613892 117.011108
[0]: 131.195541 130.063766
[0]: 128.574890 116.268654
[0]: 127.259254 155.970764
[0]: 129.028809 124.307205
[0]: 130.067810 141.321823
[0]: 129.292496 127.129501
[0]: 127.748505 105.662453
[0]: 128.224457 105.882210
[0]: 123.963219 112.333275
[0]: 127.691338 126.447815
[0]: 124.813652 147.295670
[0]: 124.368713 128.576889
[0]: 127.370377 112.386185
[0]: 127.877579 138.924698
[0]: 127.499443 185.904358
[0]: 126.506866 143.981277
[0]: 162.328613 146.401062
[0]: 126.649017 127.767845
[0]: 124.613007 137.356873
