[4]: 88.272415 132.432159
[4]: 128.587418 126.836334
[4]: 126.041718 117.904129
[4]: 172.240021 173.930054
[4]: 128.596344 124.594322
[4]: 127.763260 126.765602
[4]: 127.192139 122.387993
[4]: 127.874588 126.389420
[4]: 128.232315 111.252876
[4]: 128.865738 123.659187
[4]: 128.080215 133.923080
[4]: 128.760376 128.397034
[4]: 125.694923 127.930695
[4]: 129.332642 122.162163
[4]: 126.813293 123.592026
[4]: 131.031387 132.753708
[4]: 125.755882 118.670052
[4]: 62.712627 67.263580
[4]: 125.347931 125.855522
[4]: 127.479515 131.628586
[4]: 129.855347 130.921097
[4]: 128.841858 113.843704
[4]: 128.477570 117.078583
[4]: 127.672188 123.219727
[4]: 127.837708 128.845459
[4]: 126.869759 137.093811
[4]: 127.505264 133.075012
[4]: 128.253571 118.086906
[4]: 125.404800 129.906662
[4]: 125.412918 74.227898
[4]: 126.699219 133.324158
[4]: 171.783051 140.945679
[4]: 128.074905 131.868683
[4]: 124.300179 128.115768
[3]: 170.704483 129.667557
[3]: 127.545303 129.926086
[3]: 126.461807 127.448074
[3]: 90.246620 60.540619
[3]: 128.768600 131.771637
[3]: 127.986717 126.479179
[3]: 130.071136 135.141663
[3]: 127.733841 130.633560
[3]: 127.815247 135.352875
[3]: 125.086044 125.978561
[3]: 123.686104 119.108917
[3]: 128.383255 127.657806
[3]: 127.709587 128.203644
[3]: 129.944931 132.660767
[3]: 128.399323 129.234131
[3]: 130.807053 131.750046
[3]: 128.250641 132.714172
[3]: 126.246002 155.685638
[3]: 127.745041 124.603302
[3]: 126.050285 122.442459
[3]: 126.797485 124.990410
[3]: 126.994904 136.959061
[3]: 125.832390 132.554504
[3]: 129.007187 128.384995
[3]: 130.355530 129.326920
[3]: 122.209084 120.673088
[3]: 127.462189 128.321609
[3]: 127.736931 128.891006
[3]: 128.267471 125.635117
[3]: 56.491776 64.354279
[3]: 129.693680 128.957504
[3]: 80.204216 117.774368
[3]: 129.661163 124.986511
[3]: 124.984940 121.671371
[2]: 164.611557 127.894775
[2]: 133.179993 136.264862
[2]: 129.010513 137.254089
[2]: 94.409645 113.327965
[2]: 127.642807 139.689117
[2]: 124.507095 126.364342
[2]: 134.059723 130.981094
[2]: 137.651062 128.233978
[2]: 144.328094 143.741364
[2]: 133.460388 136.178146
[2]: 115.034851 114.198883
[2]: 132.204422 130.096924
[2]: 134.953293 122.856323
[2]: 140.549484 141.394409
[2]: 140.028748 131.694214
[2]: 126.622597 125.654327
[2]: 130.622238 135.343277
[2]: 126.142540 68.268845
[2]: 128.194626 129.859833
[2]: 119.598167 117.726288
[2]: 125.361412 129.149658
[2]: 134.172897 144.983566
[2]: 133.675323 140.783249
[2]: 145.831772 136.607025
[2]: 128.769089 122.202629
[2]: 121.235672 115.770721
[2]: 115.666695 127.232552
[2]: 129.147751 141.488953
[2]: 121.879379 117.123810
[2]: 185.560623 187.028641
[2]: 117.484909 115.487915
[2]: 71.954285 115.701958
[2]: 141.260468 126.823853
[2]: 110.155472 119.795769
[1]: 82.950981 124.435265
[1]: 127.516068 126.022057
[1]: 130.617874 136.218262
[1]: 173.378159 195.582352
[1]: 128.303360 128.496063
[1]: 125.939835 127.885963
[1]: 128.797684 126.182396
[1]: 127.359566 126.707695
[1]: 130.457947 139.348587
[1]: 127.049843 128.695145
[1]: 124.966293 120.969055
[1]: 126.884796 129.116302
[1]: 130.552170 129.162750
[1]: 128.216736 133.181931
[1]: 129.632294 133.151993
[1]: 123.579308 118.258011
[1]: 130.674210 134.611816
[1]: 192.015244 191.817841
[1]: 130.067078 132.786499
[1]: 124.878983 122.490532
[1]: 123.454605 125.744560
[1]: 128.228561 135.743011
[1]: 128.256668 140.021667
[1]: 131.254135 134.113419
[1]: 128.848282 129.365189
[1]: 126.162796 119.186768
[1]: 125.527618 122.164551
[1]: 128.530090 136.165558
[1]: 129.083420 127.482735
[1]: 123.825996 131.550781
[1]: 127.302544 119.676590
[1]: 165.319565 117.413986
[1]: 130.027069 126.122925
[1]: 127.352661 130.843796
[0]: 160.042114 124.891190
[0]: 118.260300 117.632103
[0]: 123.588829 117.247887
[0]: 72.804771 91.521843
[0]: 127.103355 115.437042
[0]: 132.131393 129.795883
[0]: 112.896194 121.578682
[0]: 112.084328 123.861870
[0]: 97.162354 103.972305
[0]: 119.800156 121.032570
[0]: 152.233276 151.454742
[0]: 122.312653 124.158813
[0]: 118.268524 131.248230
[0]: 101.687904 105.238052
[0]: 105.348122 117.011108
[0]: 125.326843 130.063766
[0]: 121.733170 116.268654
[0]: 135.540085 155.970764
[0]: 125.900589 124.307205
[0]: 139.604034 141.321823
[0]: 134.450348 127.129501
[0]: 118.505402 105.662453
[0]: 120.163254 105.882210
[0]: 93.480858 112.333275
[0]: 117.340126 126.447815
[0]: 147.601547 147.295670
[0]: 148.064407 128.576889
[0]: 123.122833 112.386185
[0]: 135.440552 138.924698
[0]: 167.745773 185.904358
[0]: 142.356339 143.981277
[0]: 128.174957 146.401062
[0]: 101.956657 127.767845
[0]: 157.920181 137.356873
