[4]: 132.432159 108.674271
[4]: 126.836334 131.157654
[4]: 117.904129 122.956421
[4]: 173.930054 200.811432
[4]: 124.594322 130.744049
[4]: 126.765602 127.871490
[4]: 122.387993 124.372162
[4]: 126.389420 128.334732
[4]: 111.252876 125.882362
[4]: 123.659187 129.958298
[4]: 133.923080 129.292938
[4]: 128.397034 129.601379
[4]: 127.930695 125.338295
[4]: 122.162163 129.251221
[4]: 123.592026 125.583641
[4]: 132.753708 130.651276
[4]: 118.670052 125.736740
[4]: 67.263580 60.739685
[4]: 125.855522 125.381874
[4]: 131.628586 129.811600
[4]: 130.921097 130.286331
[4]: 113.843704 126.952591
[4]: 117.078583 128.186874
[4]: 123.219727 126.129311
[4]: 128.845459 126.442116
[4]: 137.093811 124.994385
[4]: 133.075012 128.932175
[4]: 118.086906 128.064606
[4]: 129.906662 125.457268
[4]: 74.227898 129.197128
[4]: 133.324158 126.266106
[4]: 140.945679 161.377502
[4]: 131.868683 126.848412
[4]: 128.115768 125.242134
[3]: 129.667557 170.470963
[3]: 129.926086 126.333290
[3]: 127.448074 124.906639
[3]: 60.540619 86.118973
[3]: 131.771637 128.794449
[3]: 126.479179 126.911957
[3]: 135.141663 128.206192
[3]: 130.633560 127.996353
[3]: 135.352875 127.215729
[3]: 125.978561 125.259140
[3]: 119.108917 126.151115
[3]: 127.657806 128.585831
[3]: 128.203644 127.596657
[3]: 132.660767 127.045464
[3]: 129.234131 127.135048
[3]: 131.750046 129.574829
[3]: 132.714172 126.627518
[3]: 155.685638 127.193253
[3]: 124.603302 126.410004
[3]: 122.442459 126.783699
[3]: 124.990410 126.448868
[3]: 136.959061 127.316704
[3]: 132.554504 127.107063
[3]: 128.384995 126.753601
[3]: 129.326920 128.036560
[3]: 120.673088 125.733109
[3]: 128.321609 128.889359
[3]: 128.891006 127.149643
[3]: 125.635117 128.539536
[3]: 64.354279 63.136196
[3]: 128.957504 128.872574
[3]: 117.774368 84.100403
[3]: 124.986511 127.868736
[3]: 121.671371 125.997757
[2]: 127.894775 168.625366
[2]: 136.264862 128.668701
[2]: 137.254089 128.764771
[2]: 113.327965 81.901680
[2]: 139.689117 127.630867
[2]: 126.364342 128.290848
[2]: 130.981094 127.031555
[2]: 128.233978 127.548485
[2]: 143.741364 126.573387
[2]: 136.178146 128.814758
[2]: 114.198883 127.754333
[2]: 130.096924 128.016327
[2]: 122.856323 128.508286
[2]: 141.394409 127.924149
[2]: 131.694214 127.427322
[2]: 125.654327 126.517761
[2]: 135.343277 128.760040
[2]: 68.268845 129.142609
[2]: 129.859833 128.758881
[2]: 117.726288 126.776993
[2]: 129.149658 129.250397
[2]: 144.983566 127.823334
[2]: 140.783249 127.949181
[2]: 136.607025 127.489021
[2]: 122.202629 125.997116
[2]: 115.770721 129.211746
[2]: 127.232552 126.700439
[2]: 141.488953 127.602959
[2]: 117.123810 126.863922
[2]: 187.028641 191.467010
[2]: 115.487915 127.461823
[2]: 115.701958 86.474304
[2]: 126.823853 127.089417
[2]: 119.795769 128.065475
[1]: 124.435265 96.028267
[1]: 126.022057 124.952469
[1]: 136.218262 133.128326
[1]: 195.582352 203.025421
[1]: 128.496063 127.436775
[1]: 127.885963 127.000626
[1]: 126.182396 128.105133
[1]: 126.707695 125.472267
[1]: 139.348587 128.905121
[1]: 128.695145 125.549850
[1]: 120.969055 125.982254
[1]: 129.116302 126.696449
[1]: 129.162750 129.893433
[1]: 133.181931 126.509628
[1]: 133.151993 128.544052
[1]: 118.258011 123.324150
[1]: 134.611816 131.808807
[1]: 191.817841 192.624222
[1]: 132.786499 130.047882
[1]: 122.490532 122.567947
[1]: 125.744560 124.146423
[1]: 135.743011 127.199837
[1]: 140.021667 128.828522
[1]: 134.113419 129.193771
[1]: 129.365189 127.608078
[1]: 119.186768 127.087570
[1]: 122.164551 125.741486
[1]: 136.165558 128.518814
[1]: 127.482735 128.560822
[1]: 131.550781 127.006424
[1]: 119.676590 128.040039
[1]: 117.413986 146.259949
[1]: 126.122925 129.606659
[1]: 130.843796 131.275543
[0]: 124.891190 45.426289
[0]: 117.632103 125.879318
[0]: 117.247887 127.625046
[0]: 91.521843 92.445328
[0]: 115.437042 125.759094
[0]: 129.795883 126.761246
[0]: 121.578682 129.268219
[0]: 123.861870 126.086121
[0]: 103.972305 127.214394
[0]: 121.032570 126.280678
[0]: 151.454742 129.437958
[0]: 124.158813 126.133827
[0]: 131.248230 127.679550
[0]: 105.238052 124.941528
[0]: 117.011108 126.589348
[0]: 130.063766 127.893028
[0]: 116.268654 125.130196
[0]: 155.970764 129.263229
[0]: 124.307205 126.900284
[0]: 141.321823 129.083054
[0]: 127.129501 127.521477
[0]: 105.662453 130.429230
[0]: 105.882210 125.704819
[0]: 112.333275 126.044083
[0]: 126.447815 128.788895
[0]: 147.295670 132.591156
[0]: 128.576889 129.322723
[0]: 112.386185 126.926689
[0]: 138.924698 129.146515
[0]: 185.904358 126.595131
[0]: 143.981277 129.876144
[0]: 146.401062 208.731339
[0]: 127.767845 125.708557
[0]: 137.356873 126.624138
