[4]: 134.483368 132.432159
[4]: 126.797180 126.836334
[4]: 117.215576 117.904129
[4]: 173.437256 173.930054
[4]: 125.990257 124.594322
[4]: 125.970604 126.765602
[4]: 122.618683 122.387993
[4]: 127.396294 126.389420
[4]: 111.314926 111.252876
[4]: 123.705986 123.659187
[4]: 134.372360 133.923080
[4]: 129.776031 128.397034
[4]: 128.660599 127.930695
[4]: 122.512283 122.162163
[4]: 124.353668 123.592026
[4]: 133.910553 132.753708
[4]: 119.960228 118.670052
[4]: 67.638016 67.263580
[4]: 125.570351 125.855522
[4]: 130.790848 131.628586
[4]: 130.467987 130.921097
[4]: 112.416496 113.843704
[4]: 116.754951 117.078583
[4]: 121.507919 123.219727
[4]: 128.085175 128.845459
[4]: 136.847961 137.093811
[4]: 135.033508 133.075012
[4]: 117.994293 118.086906
[4]: 130.238388 129.906662
[4]: 73.845192 74.227898
[4]: 134.364365 133.324158
[4]: 138.180237 140.945679
[4]: 131.942719 131.868683
[4]: 128.853027 128.115768
[3]: 126.529175 129.667557
[3]: 129.381088 129.926086
[3]: 126.089508 127.448074
[3]: 60.625011 60.540619
[3]: 131.604630 131.771637
[3]: 127.177223 126.479179
[3]: 134.491211 135.141663
[3]: 129.302902 130.633560
[3]: 136.175034 135.352875
[3]: 125.433495 125.978561
[3]: 117.722328 119.108917
[3]: 125.435837 127.657806
[3]: 127.474495 128.203644
[3]: 132.047638 132.660767
[3]: 129.182617 129.234131
[3]: 131.496674 131.750046
[3]: 132.568466 132.714172
[3]: 156.961884 155.685638
[3]: 123.726784 124.603302
[3]: 122.429741 122.442459
[3]: 126.052094 124.990410
[3]: 139.012802 136.959061
[3]: 131.575485 132.554504
[3]: 130.854721 128.384995
[3]: 129.584549 129.326920
[3]: 120.629303 120.673088
[3]: 126.791847 128.321609
[3]: 128.933838 128.891006
[3]: 126.457161 125.635117
[3]: 64.769272 64.354279
[3]: 128.535660 128.957504
[3]: 121.277435 117.774368
[3]: 125.156914 124.986511
[3]: 121.894241 121.671371
[2]: 125.944641 127.894775
[2]: 135.791336 136.264862
[2]: 136.940491 137.254089
[2]: 112.178116 113.327965
[2]: 140.129929 139.689117
[2]: 127.325752 126.364342
[2]: 128.991302 130.981094
[2]: 127.627739 128.233978
[2]: 142.687881 143.741364
[2]: 137.248947 136.178146
[2]: 115.035812 114.198883
[2]: 127.528992 130.096924
[2]: 122.321053 122.856323
[2]: 140.444199 141.394409
[2]: 132.220474 131.694214
[2]: 125.245514 125.654327
[2]: 134.908585 135.343277
[2]: 67.436546 68.268845
[2]: 130.256119 129.859833
[2]: 118.159286 117.726288
[2]: 130.409424 129.149658
[2]: 145.385971 144.983566
[2]: 142.650070 140.783249
[2]: 138.201721 136.607025
[2]: 123.574463 122.202629
[2]: 115.524368 115.770721
[2]: 125.235626 127.232552
[2]: 141.091888 141.488953
[2]: 116.281090 117.123810
[2]: 185.950302 187.028641
[2]: 114.779213 115.487915
[2]: 118.620964 115.701958
[2]: 126.092285 126.823853
[2]: 120.953415 119.795769
[1]: 125.556602 124.435265
[1]: 126.887566 126.022057
[1]: 136.687698 136.218262
[1]: 195.965073 195.582352
[1]: 127.041275 128.496063
[1]: 128.017654 127.885963
[1]: 126.481415 126.182396
[1]: 126.858368 126.707695
[1]: 138.220764 139.348587
[1]: 128.796814 128.695145
[1]: 120.597572 120.969055
[1]: 130.425507 129.116302
[1]: 128.596100 129.162750
[1]: 133.568069 133.181931
[1]: 132.992172 133.151993
[1]: 117.684914 118.258011
[1]: 134.431000 134.611816
[1]: 191.000778 191.817841
[1]: 132.982422 132.786499
[1]: 123.796425 122.490532
[1]: 126.298279 125.744560
[1]: 137.051880 135.743011
[1]: 139.595795 140.021667
[1]: 133.970810 134.113419
[1]: 129.715500 129.365189
[1]: 119.887955 119.186768
[1]: 121.032753 122.164551
[1]: 135.460815 136.165558
[1]: 126.513786 127.482735
[1]: 132.497986 131.550781
[1]: 119.251663 119.676590
[1]: 116.968796 117.413986
[1]: 125.731766 126.122925
[1]: 129.103836 130.843796
[0]: 126.983223 124.891190
[0]: 117.775124 117.632103
[0]: 119.185997 117.247887
[0]: 91.875000 91.521843
[0]: 115.169991 115.437042
[0]: 128.717911 129.795883
[0]: 123.849274 121.578682
[0]: 124.710083 123.861870
[0]: 105.178253 103.972305
[0]: 120.262901 121.032570
[0]: 152.186081 151.454742
[0]: 126.389542 124.158813
[0]: 132.479446 131.248230
[0]: 105.956726 105.238052
[0]: 115.748192 117.011108
[0]: 130.252151 130.063766
[0]: 115.590759 116.268654
[0]: 155.800247 155.970764
[0]: 124.873367 124.307205
[0]: 140.441238 141.321823
[0]: 124.480217 127.129501
[0]: 102.889450 105.662453
[0]: 105.558159 105.882210
[0]: 109.768326 112.333275
[0]: 125.103668 126.447815
[0]: 147.265488 147.295670
[0]: 131.588699 128.576889
[0]: 113.499138 112.386185
[0]: 139.714127 138.924698
[0]: 186.235977 185.904358
[0]: 144.715851 143.981277
[0]: 143.057632 146.401062
[0]: 128.726166 127.767845
[0]: 137.004562 137.356873
