[4]: 90.303154 132.432159
[4]: 129.441422 126.836334
[4]: 126.584709 117.904129
[4]: 177.649673 173.930054
[4]: 132.614319 124.594322
[4]: 130.182114 126.765602
[4]: 127.912621 122.387993
[4]: 131.873062 126.389420
[4]: 131.071121 111.252876
[4]: 131.798782 123.659187
[4]: 124.633736 133.923080
[4]: 128.483414 128.397034
[4]: 126.914162 127.930695
[4]: 136.175568 122.162163
[4]: 126.116745 123.592026
[4]: 133.178558 132.753708
[4]: 131.767563 118.670052
[4]: 59.038429 67.263580
[4]: 129.765701 125.855522
[4]: 126.851295 131.628586
[4]: 132.101212 130.921097
[4]: 131.495224 113.843704
[4]: 133.736084 117.078583
[4]: 135.039001 123.219727
[4]: 126.906151 128.845459
[4]: 123.434631 137.093811
[4]: 126.119415 133.075012
[4]: 131.475082 118.086906
[4]: 121.592560 129.906662
[4]: 125.729774 74.227898
[4]: 124.624031 133.324158
[4]: 168.364151 140.945679
[4]: 129.630829 131.868683
[4]: 120.980019 128.115768
[3]: 170.801270 129.667557
[3]: 126.574501 129.926086
[3]: 125.877960 127.448074
[3]: 87.401932 60.540619
[3]: 130.124298 131.771637
[3]: 128.098267 126.479179
[3]: 128.727829 135.141663
[3]: 128.095673 130.633560
[3]: 126.835289 135.352875
[3]: 125.055527 125.978561
[3]: 125.093872 119.108917
[3]: 128.754257 127.657806
[3]: 127.055130 128.203644
[3]: 128.715973 132.660767
[3]: 126.940880 129.234131
[3]: 130.223236 131.750046
[3]: 127.528030 132.714172
[3]: 126.402267 155.685638
[3]: 126.721375 124.603302
[3]: 126.253395 122.442459
[3]: 127.188347 124.990410
[3]: 128.362854 136.959061
[3]: 127.753395 132.554504
[3]: 128.019501 128.384995
[3]: 128.677490 129.326920
[3]: 124.570374 120.673088
[3]: 128.777832 128.321609
[3]: 127.622566 128.891006
[3]: 128.186691 125.635117
[3]: 62.155659 64.354279
[3]: 129.232895 128.957504
[3]: 83.146805 117.774368
[3]: 128.304123 124.986511
[3]: 125.051796 121.671371
[2]: 169.240601 127.894775
[2]: 129.687836 136.264862
[2]: 130.073837 137.254089
[2]: 86.237518 113.327965
[2]: 129.366486 139.689117
[2]: 129.033493 126.364342
[2]: 128.357986 130.981094
[2]: 131.070404 128.233978
[2]: 130.739746 143.741364
[2]: 130.697479 136.178146
[2]: 124.722549 114.198883
[2]: 128.116562 130.096924
[2]: 131.485107 122.856323
[2]: 132.092178 141.394409
[2]: 129.201965 131.694214
[2]: 126.917610 125.654327
[2]: 134.144928 135.343277
[2]: 128.233002 68.268845
[2]: 131.486954 129.859833
[2]: 125.422096 117.726288
[2]: 129.812820 129.149658
[2]: 128.409500 144.983566
[2]: 132.277039 140.783249
[2]: 131.598663 136.607025
[2]: 125.312927 122.202629
[2]: 127.125404 115.770721
[2]: 124.096497 127.232552
[2]: 129.063492 141.488953
[2]: 123.712555 117.123810
[2]: 191.585846 187.028641
[2]: 124.725021 115.487915
[2]: 82.754883 115.701958
[2]: 128.482986 126.823853
[2]: 125.185806 119.795769
[1]: 84.872803 124.435265
[1]: 129.626312 126.022057
[1]: 135.812088 136.218262
[1]: 181.046417 195.582352
[1]: 133.150330 128.496063
[1]: 128.473770 127.885963
[1]: 130.186630 126.182396
[1]: 132.678085 126.707695
[1]: 134.485672 139.348587
[1]: 128.425476 128.695145
[1]: 117.514244 120.969055
[1]: 126.361450 129.116302
[1]: 135.501144 129.162750
[1]: 137.092850 133.181931
[1]: 132.410431 133.151993
[1]: 123.087326 118.258011
[1]: 143.218094 134.611816
[1]: 191.517639 191.817841
[1]: 134.550629 132.786499
[1]: 121.297935 122.490532
[1]: 126.768639 125.744560
[1]: 130.870590 135.743011
[1]: 136.989883 140.021667
[1]: 137.130768 134.113419
[1]: 127.908508 129.365189
[1]: 122.237648 119.186768
[1]: 120.871185 122.164551
[1]: 132.194794 136.165558
[1]: 124.480911 127.482735
[1]: 119.099991 131.550781
[1]: 125.061134 119.676590
[1]: 159.336365 117.413986
[1]: 129.873734 126.122925
[1]: 123.800865 130.843796
[0]: 96.255768 124.891190
[0]: 119.640099 117.632103
[0]: 115.263420 117.247887
[0]: 122.558121 91.521843
[0]: 109.944962 115.437042
[0]: 118.278831 129.795883
[0]: 118.746407 121.578682
[0]: 105.420761 123.861870
[0]: 106.096939 103.972305
[0]: 116.825417 121.032570
[0]: 154.066803 151.454742
[0]: 127.606186 124.158813
[0]: 114.148209 131.248230
[0]: 90.976593 105.238052
[0]: 118.162933 117.011108
[0]: 122.746521 130.063766
[0]: 90.805435 116.268654
[0]: 140.822327 155.970764
[0]: 109.769012 124.307205
[0]: 138.021011 141.321823
[0]: 119.212837 127.129501
[0]: 116.455124 105.662453
[0]: 98.429436 105.882210
[0]: 93.798241 112.333275
[0]: 127.773918 126.447815
[0]: 147.247543 147.295670
[0]: 144.303955 128.576889
[0]: 113.777802 112.386185
[0]: 146.147186 138.924698
[0]: 146.469742 185.904358
[0]: 140.372681 143.981277
[0]: 176.445419 146.401062
[0]: 118.269814 127.767845
[0]: 149.114746 137.356873
