[19]: 1964  6 25 12  9 ISAAC       7.1   5.8  132  283 1962  1 15  0 20 OSCAR       7.2   4.7   94  108
[17]: 2003 10 15 18  7 GORDON      7.0   5.5   96  195 1970  1 28 12 11 ISAAC       7.0   6.0   78   92
[15]: 1975  6 20  6 14 WILLIAM    22.2  79.3   44  786 2003 10 15 18  7 GORDON      7.0   5.5   96  195
[14]: 1999  8 27  6 15 FLORENCE    7.1   5.2  125  119 1990 11 26  6 15 TONY        7.2   5.6  132  735
[13]: 1962  1 15  0 20 OSCAR       7.2   4.7   94  108 1977  3 26 18 22 TONY        7.3   5.1   89   15
[11]: 2004  1 24 18 16 LESLIE      7.2   5.0   27  621 1962  1 15  0 20 OSCAR       7.2   4.7   94  108
[10]: 1978 12 14  0  5 JOYCE       7.1   4.3   43  618 1976  8  7  6 14 BERYL       7.2   4.6   90   20
[9]: 1999  8 27  6 15 FLORENCE    7.1   5.2  125  119 1978 12 14  0  5 JOYCE       7.1   4.3   43  618
[7]: 1976  8  7  6 14 BERYL       7.2   4.6   90   20 1975  9 11  6 10 ALBERTO     7.2   5.5   37  230
[5]: 1970  1 28 12 11 ISAAC       7.0   6.0   78   92 2003 10 15 18  7 GORDON      7.0   5.5   96  195
[3]: 1976  8  7  6 14 BERYL       7.2   4.6   90   20 2004  1 24 18 16 LESLIE      7.2   5.0   27  621
[2]: 1975  9 11  6 10 ALBERTO     7.2   5.5   37  230 1999  8 27  6 15 FLORENCE    7.1   5.2  125  119
[1]: 2003 10 15 18  7 GORDON      7.0   5.5   96  195 1999  8 27  6 15 FLORENCE    7.1   5.2  125  119
[0]: 1962  1 15  0 20 OSCAR       7.2   4.7   94  108 1976  8  7  6 14 BERYL       7.2   4.6   90   20
