[4]: 132.432159 132.908768
[4]: 126.836334 126.859756
[4]: 117.904129 117.711121
[4]: 173.930054 173.917404
[4]: 124.594322 124.892616
[4]: 126.765602 126.791809
[4]: 122.387993 122.123215
[4]: 126.389420 126.391037
[4]: 111.252876 111.455177
[4]: 123.659187 123.557175
[4]: 133.923080 134.026291
[4]: 128.397034 128.636993
[4]: 127.930695 128.383194
[4]: 122.162163 122.369339
[4]: 123.592026 123.838692
[4]: 132.753708 133.359512
[4]: 118.670052 118.845108
[4]: 67.263580 67.308517
[4]: 125.855522 125.241920
[4]: 131.628586 131.674850
[4]: 130.921097 130.634460
[4]: 113.843704 113.751266
[4]: 117.078583 117.242950
[4]: 123.219727 123.161232
[4]: 128.845459 128.783569
[4]: 137.093811 137.250870
[4]: 133.075012 133.760300
[4]: 118.086906 118.198524
[4]: 129.906662 130.275742
[4]: 74.227898 74.386993
[4]: 133.324158 133.560822
[4]: 140.945679 140.378448
[4]: 131.868683 132.189651
[4]: 128.115768 128.381302
[3]: 129.667557 129.303864
[3]: 129.926086 129.900192
[3]: 127.448074 127.414658
[3]: 60.540619 60.699261
[3]: 131.771637 131.725464
[3]: 126.479179 126.988853
[3]: 135.141663 135.175751
[3]: 130.633560 130.670959
[3]: 135.352875 135.124283
[3]: 125.978561 125.843742
[3]: 119.108917 118.722031
[3]: 127.657806 127.228928
[3]: 128.203644 127.786430
[3]: 132.660767 132.510956
[3]: 129.234131 129.082489
[3]: 131.750046 131.715393
[3]: 132.714172 132.556961
[3]: 155.685638 155.852325
[3]: 124.603302 124.470329
[3]: 122.442459 122.619492
[3]: 124.990410 124.983467
[3]: 136.959061 136.877655
[3]: 132.554504 132.234619
[3]: 128.384995 128.770065
[3]: 129.326920 129.024323
[3]: 120.673088 120.851074
[3]: 128.321609 128.079071
[3]: 128.891006 128.921875
[3]: 125.635117 125.846474
[3]: 64.354279 64.049042
[3]: 128.957504 129.149323
[3]: 117.774368 118.093414
[3]: 124.986511 124.936768
[3]: 121.671371 122.056061
[2]: 127.894775 127.696808
[2]: 136.264862 136.890305
[2]: 137.254089 137.532745
[2]: 113.327965 112.660988
[2]: 139.689117 139.655319
[2]: 126.364342 125.839928
[2]: 130.981094 130.777802
[2]: 128.233978 128.190781
[2]: 143.741364 143.627884
[2]: 136.178146 136.301910
[2]: 114.198883 114.422081
[2]: 130.096924 129.475327
[2]: 122.856323 122.671066
[2]: 141.394409 141.446945
[2]: 131.694214 131.926682
[2]: 125.654327 125.389221
[2]: 135.343277 134.884460
[2]: 68.268845 68.202126
[2]: 129.859833 130.541214
[2]: 117.726288 117.305992
[2]: 129.149658 129.968414
[2]: 144.983566 144.629486
[2]: 140.783249 140.636444
[2]: 136.607025 137.210754
[2]: 122.202629 122.320938
[2]: 115.770721 115.601746
[2]: 127.232552 126.539619
[2]: 141.488953 141.069641
[2]: 117.123810 116.862076
[2]: 187.028641 186.833527
[2]: 115.487915 115.560722
[2]: 115.701958 116.153038
[2]: 126.823853 126.649956
[2]: 119.795769 118.939476
[1]: 124.435265 124.562141
[1]: 126.022057 125.829208
[1]: 136.218262 136.157806
[1]: 195.582352 195.721573
[1]: 128.496063 128.384811
[1]: 127.885963 127.607872
[1]: 126.182396 126.510574
[1]: 126.707695 127.115646
[1]: 139.348587 139.254944
[1]: 128.695145 128.837692
[1]: 120.969055 121.181755
[1]: 129.116302 129.104919
[1]: 129.162750 128.818008
[1]: 133.181931 133.288071
[1]: 133.151993 133.199646
[1]: 118.258011 117.934128
[1]: 134.611816 134.596207
[1]: 191.817841 191.472153
[1]: 132.786499 133.022781
[1]: 122.490532 122.650955
[1]: 125.744560 125.511353
[1]: 135.743011 136.120163
[1]: 140.021667 139.807663
[1]: 134.113419 133.876114
[1]: 129.365189 129.528931
[1]: 119.186768 119.018044
[1]: 122.164551 121.609818
[1]: 136.165558 135.958710
[1]: 127.482735 126.914452
[1]: 131.550781 131.908936
[1]: 119.676590 119.443771
[1]: 117.413986 117.692490
[1]: 126.122925 125.969200
[1]: 130.843796 130.166824
[0]: 124.891190 124.845314
[0]: 117.632103 117.189354
[0]: 117.247887 117.262199
[0]: 91.521843 91.593559
[0]: 115.437042 115.337700
[0]: 129.795883 130.076187
[0]: 121.578682 121.695000
[0]: 123.861870 123.416626
[0]: 103.972305 104.228729
[0]: 121.032570 121.015320
[0]: 151.454742 151.303970
[0]: 124.158813 125.044342
[0]: 131.248230 131.784546
[0]: 105.238052 105.000511
[0]: 117.011108 116.596214
[0]: 130.063766 130.102203
[0]: 116.268654 116.758514
[0]: 155.970764 156.020966
[0]: 124.307205 124.116936
[0]: 141.321823 141.353531
[0]: 127.129501 126.829651
[0]: 105.662453 105.826057
[0]: 105.882210 106.433319
[0]: 112.333275 111.578239
[0]: 126.447815 126.519348
[0]: 147.295670 147.303879
[0]: 128.576889 129.460968
[0]: 112.386185 112.912086
[0]: 138.924698 139.187561
[0]: 185.904358 186.171890
[0]: 143.981277 143.699448
[0]: 146.401062 145.878357
[0]: 127.767845 127.826485
[0]: 137.356873 138.295578
