[4]: 136.120758 132.432159
[4]: 125.107941 126.836334
[4]: 117.540474 117.904129
[4]: 176.707916 173.930054
[4]: 125.538422 124.594322
[4]: 126.575615 126.765602
[4]: 125.493790 122.387993
[4]: 124.589615 126.389420
[4]: 110.336395 111.252876
[4]: 124.788086 123.659187
[4]: 136.530182 133.923080
[4]: 132.716064 128.397034
[4]: 127.245552 127.930695
[4]: 122.589539 122.162163
[4]: 118.855820 123.592026
[4]: 132.227188 132.753708
[4]: 116.223946 118.670052
[4]: 69.085228 67.263580
[4]: 128.595718 125.855522
[4]: 128.122574 131.628586
[4]: 128.612167 130.921097
[4]: 110.224182 113.843704
[4]: 112.288757 117.078583
[4]: 125.423439 123.219727
[4]: 129.613037 128.845459
[4]: 132.330460 137.093811
[4]: 130.831757 133.075012
[4]: 117.431351 118.086906
[4]: 130.258606 129.906662
[4]: 77.258133 74.227898
[4]: 134.476456 133.324158
[4]: 136.622849 140.945679
[4]: 130.308777 131.868683
[4]: 123.708946 128.115768
[3]: 125.457771 129.667557
[3]: 129.588913 129.926086
[3]: 125.963165 127.448074
[3]: 61.335014 60.540619
[3]: 128.826981 131.771637
[3]: 126.761765 126.479179
[3]: 134.317795 135.141663
[3]: 130.020233 130.633560
[3]: 135.056686 135.352875
[3]: 124.353783 125.978561
[3]: 118.940674 119.108917
[3]: 124.657616 127.657806
[3]: 129.610855 128.203644
[3]: 132.013809 132.660767
[3]: 131.481354 129.234131
[3]: 132.496857 131.750046
[3]: 132.445206 132.714172
[3]: 155.488480 155.685638
[3]: 122.399223 124.603302
[3]: 124.144394 122.442459
[3]: 127.642265 124.990410
[3]: 139.051880 136.959061
[3]: 131.939743 132.554504
[3]: 128.267624 128.384995
[3]: 128.901276 129.326920
[3]: 124.169830 120.673088
[3]: 127.641800 128.321609
[3]: 128.595032 128.891006
[3]: 128.170685 125.635117
[3]: 62.795036 64.354279
[3]: 129.142853 128.957504
[3]: 123.327881 117.774368
[3]: 125.146103 124.986511
[3]: 124.381386 121.671371
[2]: 124.723099 127.894775
[2]: 134.897278 136.264862
[2]: 138.827499 137.254089
[2]: 110.546188 113.327965
[2]: 140.518524 139.689117
[2]: 129.381882 126.364342
[2]: 126.779472 130.981094
[2]: 129.308578 128.233978
[2]: 145.451157 143.741364
[2]: 136.163666 136.178146
[2]: 112.071854 114.198883
[2]: 125.016197 130.096924
[2]: 122.585167 122.856323
[2]: 139.026947 141.394409
[2]: 134.033600 131.694214
[2]: 125.858864 125.654327
[2]: 140.345795 135.343277
[2]: 66.627831 68.268845
[2]: 126.980675 129.859833
[2]: 123.419403 117.726288
[2]: 132.485809 129.149658
[2]: 148.746277 144.983566
[2]: 146.100723 140.783249
[2]: 134.007935 136.607025
[2]: 122.034485 122.202629
[2]: 120.180275 115.770721
[2]: 129.689178 127.232552
[2]: 142.933273 141.488953
[2]: 116.250519 117.123810
[2]: 182.265350 187.028641
[2]: 113.458618 115.487915
[2]: 123.044426 115.701958
[2]: 128.446915 126.823853
[2]: 126.842178 119.795769
[1]: 124.591263 124.435265
[1]: 127.416985 126.022057
[1]: 138.575775 136.218262
[1]: 194.917099 195.582352
[1]: 127.118782 128.496063
[1]: 127.246437 127.885963
[1]: 125.387169 126.182396
[1]: 127.801430 126.707695
[1]: 140.224960 139.348587
[1]: 127.013702 128.695145
[1]: 120.924187 120.969055
[1]: 128.441742 129.116302
[1]: 128.608231 129.162750
[1]: 134.346695 133.181931
[1]: 135.578888 133.151993
[1]: 117.809135 118.258011
[1]: 137.160736 134.611816
[1]: 191.094345 191.817841
[1]: 131.534607 132.786499
[1]: 123.556938 122.490532
[1]: 127.656029 125.744560
[1]: 138.060715 135.743011
[1]: 140.960373 140.021667
[1]: 133.098312 134.113419
[1]: 127.570869 129.365189
[1]: 121.391998 119.186768
[1]: 122.631355 122.164551
[1]: 136.319290 136.165558
[1]: 127.399940 127.482735
[1]: 133.251892 131.550781
[1]: 120.690125 119.676590
[1]: 117.270569 117.413986
[1]: 125.884331 126.122925
[1]: 132.351593 130.843796
[0]: 128.744659 124.891190
[0]: 119.803192 117.632103
[0]: 115.022659 117.247887
[0]: 91.301003 91.521843
[0]: 118.301003 115.437042
[0]: 127.174919 129.795883
[0]: 124.458931 121.578682
[0]: 124.110893 123.861870
[0]: 102.462967 103.972305
[0]: 123.513435 121.032570
[0]: 151.209167 151.454742
[0]: 128.971756 124.158813
[0]: 131.317398 131.248230
[0]: 106.698479 105.238052
[0]: 114.451035 117.011108
[0]: 130.061966 130.063766
[0]: 111.030037 116.268654
[0]: 156.422287 155.970764
[0]: 128.249161 124.307205
[0]: 136.002579 141.321823
[0]: 121.038109 127.129501
[0]: 100.658485 105.662453
[0]: 104.990471 105.882210
[0]: 113.956482 112.333275
[0]: 128.194229 126.447815
[0]: 141.488892 147.295670
[0]: 128.612228 128.576889
[0]: 111.724571 112.386185
[0]: 136.757538 138.924698
[0]: 188.625092 185.904358
[0]: 143.572052 143.981277
[0]: 137.298004 146.401062
[0]: 127.813667 127.767845
[0]: 129.958542 137.356873
