[4]: 90.502289 132.432159
[4]: 128.282486 126.836334
[4]: 125.386864 117.904129
[4]: 174.100601 173.930054
[4]: 129.874268 124.594322
[4]: 128.773880 126.765602
[4]: 127.405609 122.387993
[4]: 126.806709 126.389420
[4]: 128.786880 111.252876
[4]: 129.321640 123.659187
[4]: 127.791679 133.923080
[4]: 128.801773 128.397034
[4]: 125.753906 127.930695
[4]: 130.276962 122.162163
[4]: 125.706619 123.592026
[4]: 132.156021 132.753708
[4]: 126.582626 118.670052
[4]: 60.026947 67.263580
[4]: 125.545723 125.855522
[4]: 127.874336 131.628586
[4]: 130.028625 130.921097
[4]: 129.496689 113.843704
[4]: 130.018448 117.078583
[4]: 129.139969 123.219727
[4]: 127.581757 128.845459
[4]: 125.893585 137.093811
[4]: 128.085281 133.075012
[4]: 129.229385 118.086906
[4]: 123.903900 129.906662
[4]: 125.502068 74.227898
[4]: 126.348076 133.324158
[4]: 172.154282 140.945679
[4]: 128.603912 131.868683
[4]: 123.941673 128.115768
[3]: 169.557251 129.667557
[3]: 126.946815 129.926086
[3]: 126.336235 127.448074
[3]: 85.862373 60.540619
[3]: 128.535126 131.771637
[3]: 128.015732 126.479179
[3]: 129.133835 135.141663
[3]: 127.828506 130.633560
[3]: 126.639877 135.352875
[3]: 125.698257 125.978561
[3]: 125.767174 119.108917
[3]: 128.386749 127.657806
[3]: 127.171631 128.203644
[3]: 127.498665 132.660767
[3]: 127.328789 129.234131
[3]: 130.381271 131.750046
[3]: 127.751999 132.714172
[3]: 127.105385 155.685638
[3]: 126.496910 124.603302
[3]: 127.489601 122.442459
[3]: 128.235626 124.990410
[3]: 127.205353 136.959061
[3]: 126.425598 132.554504
[3]: 127.301460 128.384995
[3]: 128.038788 129.326920
[3]: 124.973724 120.673088
[3]: 127.644371 128.321609
[3]: 126.927780 128.891006
[3]: 128.859558 125.635117
[3]: 59.611984 64.354279
[3]: 128.742722 128.957504
[3]: 83.442039 117.774368
[3]: 127.382042 124.986511
[3]: 126.949280 121.671371
[2]: 169.683273 127.894775
[2]: 129.979340 136.264862
[2]: 130.850113 137.254089
[2]: 96.311394 113.327965
[2]: 132.826004 139.689117
[2]: 128.038025 126.364342
[2]: 130.362686 130.981094
[2]: 130.652313 128.233978
[2]: 135.497009 143.741364
[2]: 129.203690 136.178146
[2]: 116.131027 114.198883
[2]: 128.965912 130.096924
[2]: 131.513123 122.856323
[2]: 137.721054 141.394409
[2]: 131.334335 131.694214
[2]: 129.409500 125.654327
[2]: 136.973770 135.343277
[2]: 118.902985 68.268845
[2]: 128.786102 129.859833
[2]: 120.395363 117.726288
[2]: 127.619247 129.149658
[2]: 133.717209 144.983566
[2]: 137.703842 140.783249
[2]: 137.010452 136.607025
[2]: 127.601807 122.202629
[2]: 123.438965 115.770721
[2]: 123.716965 127.232552
[2]: 131.890579 141.488953
[2]: 119.423256 117.123810
[2]: 187.395050 187.028641
[2]: 121.934410 115.487915
[2]: 73.204323 115.701958
[2]: 133.304871 126.823853
[2]: 122.536682 119.795769
[1]: 83.992500 124.435265
[1]: 128.942108 126.022057
[1]: 134.880966 136.218262
[1]: 183.659821 195.582352
[1]: 131.197769 128.496063
[1]: 126.840141 127.885963
[1]: 130.333939 126.182396
[1]: 129.152435 126.707695
[1]: 133.369553 139.348587
[1]: 126.508804 128.695145
[1]: 115.966431 120.969055
[1]: 126.080170 129.116302
[1]: 131.388824 129.162750
[1]: 134.070847 133.181931
[1]: 132.659973 133.151993
[1]: 124.620171 118.258011
[1]: 138.583679 134.611816
[1]: 188.633133 191.817841
[1]: 130.018951 132.786499
[1]: 120.853333 122.490532
[1]: 125.230469 125.744560
[1]: 131.831604 135.743011
[1]: 134.426193 140.021667
[1]: 135.271545 134.113419
[1]: 129.237579 129.365189
[1]: 124.045258 119.186768
[1]: 122.836266 122.164551
[1]: 131.224777 136.165558
[1]: 125.384804 127.482735
[1]: 113.890450 131.550781
[1]: 124.790619 119.676590
[1]: 156.038300 117.413986
[1]: 130.640701 126.122925
[1]: 127.570572 130.843796
[0]: 121.974197 124.891190
[0]: 121.515259 117.632103
[0]: 116.746155 117.247887
[0]: 87.830811 91.521843
[0]: 114.385269 115.437042
[0]: 124.409088 129.795883
[0]: 116.160957 121.578682
[0]: 119.427643 123.861870
[0]: 104.946091 103.972305
[0]: 124.417984 121.032570
[0]: 162.031403 151.454742
[0]: 127.094643 124.158813
[0]: 121.990448 131.248230
[0]: 98.292160 105.238052
[0]: 115.238029 117.011108
[0]: 118.288315 130.063766
[0]: 101.346176 116.268654
[0]: 159.073349 155.970764
[0]: 126.959267 124.307205
[0]: 141.960800 141.321823
[0]: 126.041176 127.129501
[0]: 112.266029 105.662453
[0]: 102.321915 105.882210
[0]: 98.923141 112.333275
[0]: 122.397453 126.447815
[0]: 145.599472 147.295670
[0]: 140.536346 128.576889
[0]: 115.436211 112.386185
[0]: 146.116058 138.924698
[0]: 171.788544 185.904358
[0]: 142.579269 143.981277
[0]: 163.829605 146.401062
[0]: 113.519760 127.767845
[0]: 139.990555 137.356873
