[4]: 128.822342 132.432159
[4]: 126.498604 126.836334
[4]: 118.777954 117.904129
[4]: 176.068069 173.930054
[4]: 122.782738 124.594322
[4]: 127.277435 126.765602
[4]: 121.893997 122.387993
[4]: 125.099464 126.389420
[4]: 112.556709 111.252876
[4]: 124.268433 123.659187
[4]: 135.110947 133.923080
[4]: 128.438675 128.397034
[4]: 127.411812 127.930695
[4]: 122.143776 122.162163
[4]: 123.985016 123.592026
[4]: 131.897751 132.753708
[4]: 118.078110 118.670052
[4]: 67.026779 67.263580
[4]: 126.645416 125.855522
[4]: 131.494537 131.628586
[4]: 130.743210 130.921097
[4]: 115.491272 113.843704
[4]: 117.561890 117.078583
[4]: 125.326454 123.219727
[4]: 129.387985 128.845459
[4]: 135.366547 137.093811
[4]: 131.325104 133.075012
[4]: 117.582687 118.086906
[4]: 129.372360 129.906662
[4]: 76.095879 74.227898
[4]: 133.980148 133.324158
[4]: 145.760574 140.945679
[4]: 130.822433 131.868683
[4]: 128.647491 128.115768
[3]: 132.967499 129.667557
[3]: 129.846115 129.926086
[3]: 127.197212 127.448074
[3]: 60.959999 60.540619
[3]: 131.976486 131.771637
[3]: 126.116440 126.479179
[3]: 135.246582 135.141663
[3]: 130.974701 130.633560
[3]: 134.365494 135.352875
[3]: 126.090828 125.978561
[3]: 120.110329 119.108917
[3]: 128.160538 127.657806
[3]: 128.481705 128.203644
[3]: 132.952881 132.660767
[3]: 128.793198 129.234131
[3]: 132.300186 131.750046
[3]: 132.454544 132.714172
[3]: 153.894775 155.685638
[3]: 124.678604 124.603302
[3]: 123.415550 122.442459
[3]: 126.130058 124.990410
[3]: 135.490753 136.959061
[3]: 132.494553 132.554504
[3]: 127.461044 128.384995
[3]: 129.390259 129.326920
[3]: 121.698494 120.673088
[3]: 128.669556 128.321609
[3]: 129.135315 128.891006
[3]: 126.105843 125.635117
[3]: 63.561161 64.354279
[3]: 129.444489 128.957504
[3]: 115.169281 117.774368
[3]: 125.372612 124.986511
[3]: 121.293076 121.671371
[2]: 132.167023 127.894775
[2]: 135.319748 136.264862
[2]: 136.240707 137.254089
[2]: 112.951752 113.327965
[2]: 140.940384 139.689117
[2]: 126.247887 126.364342
[2]: 133.305069 130.981094
[2]: 131.089630 128.233978
[2]: 143.903900 143.741364
[2]: 135.954834 136.178146
[2]: 111.501381 114.198883
[2]: 130.266602 130.096924
[2]: 124.273628 122.856323
[2]: 140.373444 141.394409
[2]: 130.816559 131.694214
[2]: 127.349129 125.654327
[2]: 135.483139 135.343277
[2]: 70.297714 68.268845
[2]: 128.193237 129.859833
[2]: 117.027405 117.726288
[2]: 128.359787 129.149658
[2]: 144.480133 144.983566
[2]: 139.667923 140.783249
[2]: 133.899002 136.607025
[2]: 121.517731 122.202629
[2]: 116.981522 115.770721
[2]: 129.497665 127.232552
[2]: 141.866379 141.488953
[2]: 117.379211 117.123810
[2]: 186.774231 187.028641
[2]: 113.654427 115.487915
[2]: 111.036407 115.701958
[2]: 128.988388 126.823853
[2]: 119.916763 119.795769
[1]: 122.726753 124.435265
[1]: 126.683670 126.022057
[1]: 136.653976 136.218262
[1]: 195.518524 195.582352
[1]: 129.372818 128.496063
[1]: 128.531998 127.885963
[1]: 125.763962 126.182396
[1]: 125.907715 126.707695
[1]: 138.770630 139.348587
[1]: 127.973518 128.695145
[1]: 121.188484 120.969055
[1]: 129.231415 129.116302
[1]: 129.200699 129.162750
[1]: 132.638931 133.181931
[1]: 133.240189 133.151993
[1]: 118.787544 118.258011
[1]: 135.324478 134.611816
[1]: 192.710770 191.817841
[1]: 132.869797 132.786499
[1]: 122.686562 122.490532
[1]: 125.836823 125.744560
[1]: 135.195847 135.743011
[1]: 139.838699 140.021667
[1]: 133.766708 134.113419
[1]: 129.381119 129.365189
[1]: 119.855148 119.186768
[1]: 122.862282 122.164551
[1]: 136.146179 136.165558
[1]: 127.611984 127.482735
[1]: 131.108963 131.550781
[1]: 120.942734 119.676590
[1]: 117.677948 117.413986
[1]: 125.672073 126.122925
[1]: 130.846771 130.843796
[0]: 122.300346 124.891190
[0]: 118.176727 117.632103
[0]: 117.009483 117.247887
[0]: 90.275520 91.521843
[0]: 114.553101 115.437042
[0]: 129.101547 129.795883
[0]: 119.730003 121.578682
[0]: 122.563622 123.861870
[0]: 103.649483 103.972305
[0]: 121.133797 121.032570
[0]: 152.179565 151.454742
[0]: 123.197067 124.158813
[0]: 129.999481 131.248230
[0]: 106.259048 105.238052
[0]: 117.797417 117.011108
[0]: 127.927757 130.063766
[0]: 116.024918 116.268654
[0]: 155.703445 155.970764
[0]: 125.088104 124.307205
[0]: 141.193878 141.321823
[0]: 126.822067 127.129501
[0]: 106.178192 105.662453
[0]: 106.482498 105.882210
[0]: 114.197159 112.333275
[0]: 126.572159 126.447815
[0]: 146.327850 147.295670
[0]: 126.847931 128.576889
[0]: 111.969307 112.386185
[0]: 138.798187 138.924698
[0]: 185.640427 185.904358
[0]: 143.587067 143.981277
[0]: 149.291382 146.401062
[0]: 126.650261 127.767845
[0]: 137.308624 137.356873
