[4]: 134.654327 132.432159
[4]: 126.410759 126.836334
[4]: 117.291954 117.904129
[4]: 171.616608 173.930054
[4]: 128.057800 124.594322
[4]: 127.163345 126.765602
[4]: 123.022659 122.387993
[4]: 128.675110 126.389420
[4]: 116.674324 111.252876
[4]: 122.995453 123.659187
[4]: 136.084381 133.923080
[4]: 127.828735 128.397034
[4]: 128.961960 127.930695
[4]: 122.680519 122.162163
[4]: 123.735725 123.592026
[4]: 134.841827 132.753708
[4]: 120.626251 118.670052
[4]: 68.254944 67.263580
[4]: 126.311790 125.855522
[4]: 130.386688 131.628586
[4]: 128.395538 130.921097
[4]: 111.764664 113.843704
[4]: 117.141464 117.078583
[4]: 122.067207 123.219727
[4]: 127.083672 128.845459
[4]: 136.498428 137.093811
[4]: 135.650101 133.075012
[4]: 121.033485 118.086906
[4]: 131.699112 129.906662
[4]: 70.630409 74.227898
[4]: 134.073090 133.324158
[4]: 137.439697 140.945679
[4]: 130.820343 131.868683
[4]: 132.452942 128.115768
[3]: 125.665283 129.667557
[3]: 129.619812 129.926086
[3]: 127.970993 127.448074
[3]: 61.358627 60.540619
[3]: 131.148697 131.771637
[3]: 127.784279 126.479179
[3]: 135.683624 135.141663
[3]: 129.121338 130.633560
[3]: 134.557816 135.352875
[3]: 127.277733 125.978561
[3]: 116.335190 119.108917
[3]: 126.503250 127.657806
[3]: 127.743668 128.203644
[3]: 131.953125 132.660767
[3]: 128.408005 129.234131
[3]: 131.550674 131.750046
[3]: 133.830521 132.714172
[3]: 161.022110 155.685638
[3]: 123.308853 124.603302
[3]: 123.652267 122.442459
[3]: 127.160072 124.990410
[3]: 140.250687 136.959061
[3]: 132.034180 132.554504
[3]: 131.996552 128.384995
[3]: 131.396484 129.326920
[3]: 121.561729 120.673088
[3]: 125.724854 128.321609
[3]: 127.974525 128.891006
[3]: 124.305084 125.635117
[3]: 66.846672 64.354279
[3]: 129.240891 128.957504
[3]: 122.510071 117.774368
[3]: 125.650620 124.986511
[3]: 119.618484 121.671371
[2]: 126.348312 127.894775
[2]: 135.468781 136.264862
[2]: 135.900192 137.254089
[2]: 111.657127 113.327965
[2]: 135.762222 139.689117
[2]: 126.044548 126.364342
[2]: 128.408463 130.981094
[2]: 127.651138 128.233978
[2]: 138.666031 143.741364
[2]: 138.938110 136.178146
[2]: 113.970512 114.198883
[2]: 128.057480 130.096924
[2]: 123.567642 122.856323
[2]: 139.964447 141.394409
[2]: 133.004501 131.694214
[2]: 124.713181 125.654327
[2]: 133.531143 135.343277
[2]: 66.025070 68.268845
[2]: 129.575607 129.859833
[2]: 119.804794 117.726288
[2]: 131.808029 129.149658
[2]: 146.836166 144.983566
[2]: 141.610062 140.783249
[2]: 137.477448 136.607025
[2]: 124.700645 122.202629
[2]: 116.282799 115.770721
[2]: 124.948677 127.232552
[2]: 136.939682 141.488953
[2]: 115.322456 117.123810
[2]: 185.584366 187.028641
[2]: 116.560394 115.487915
[2]: 117.642540 115.701958
[2]: 128.238174 126.823853
[2]: 116.653419 119.795769
[1]: 127.377357 124.435265
[1]: 126.780075 126.022057
[1]: 138.159149 136.218262
[1]: 195.963577 195.582352
[1]: 126.673538 128.496063
[1]: 126.996422 127.885963
[1]: 126.596886 126.182396
[1]: 125.905838 126.707695
[1]: 136.186142 139.348587
[1]: 128.263733 128.695145
[1]: 120.083969 120.969055
[1]: 129.948715 129.116302
[1]: 127.986382 129.162750
[1]: 133.681946 133.181931
[1]: 133.560852 133.151993
[1]: 117.377045 118.258011
[1]: 133.319763 134.611816
[1]: 190.534393 191.817841
[1]: 134.111282 132.786499
[1]: 122.442955 122.490532
[1]: 126.420776 125.744560
[1]: 137.509033 135.743011
[1]: 139.623428 140.021667
[1]: 133.948410 134.113419
[1]: 127.575020 129.365189
[1]: 119.664284 119.186768
[1]: 121.309029 122.164551
[1]: 134.547699 136.165558
[1]: 125.572998 127.482735
[1]: 135.056961 131.550781
[1]: 118.868797 119.676590
[1]: 115.143501 117.413986
[1]: 127.534706 126.122925
[1]: 128.252914 130.843796
[0]: 125.184258 124.891190
[0]: 118.181023 117.632103
[0]: 116.427422 117.247887
[0]: 92.933052 91.521843
[0]: 118.313606 115.437042
[0]: 129.317184 129.795883
[0]: 122.593086 121.578682
[0]: 124.493843 123.861870
[0]: 107.506500 103.972305
[0]: 117.539497 121.032570
[0]: 153.944489 151.454742
[0]: 127.283760 124.158813
[0]: 131.279922 131.248230
[0]: 105.906784 105.238052
[0]: 115.633934 117.011108
[0]: 130.047653 130.063766
[0]: 116.091469 116.268654
[0]: 155.013794 155.970764
[0]: 123.964478 124.307205
[0]: 139.456223 141.321823
[0]: 123.739899 127.129501
[0]: 99.800911 105.662453
[0]: 105.429260 105.882210
[0]: 108.423233 112.333275
[0]: 125.384308 126.447815
[0]: 146.293091 147.295670
[0]: 132.062500 128.576889
[0]: 116.585228 112.386185
[0]: 142.882248 138.924698
[0]: 185.527100 185.904358
[0]: 143.006638 143.981277
[0]: 145.775513 146.401062
[0]: 124.994064 127.767845
[0]: 141.459625 137.356873
