[4]: 131.294876 132.432159
[4]: 126.214859 126.836334
[4]: 118.010651 117.904129
[4]: 175.091614 173.930054
[4]: 123.783310 124.594322
[4]: 127.116646 126.765602
[4]: 122.321495 122.387993
[4]: 126.084625 126.389420
[4]: 111.899086 111.252876
[4]: 123.672226 123.659187
[4]: 134.393723 133.923080
[4]: 128.515137 128.397034
[4]: 126.998573 127.930695
[4]: 122.059036 122.162163
[4]: 122.909813 123.592026
[4]: 132.105530 132.753708
[4]: 118.215652 118.670052
[4]: 67.374252 67.263580
[4]: 125.998489 125.855522
[4]: 131.219223 131.628586
[4]: 130.965271 130.921097
[4]: 113.953835 113.843704
[4]: 117.035439 117.078583
[4]: 124.234482 123.219727
[4]: 128.850769 128.845459
[4]: 136.167984 137.093811
[4]: 132.546204 133.075012
[4]: 117.355743 118.086906
[4]: 129.923401 129.906662
[4]: 75.212715 74.227898
[4]: 133.225739 133.324158
[4]: 142.807953 140.945679
[4]: 131.107025 131.868683
[4]: 127.869049 128.115768
[3]: 130.726501 129.667557
[3]: 130.236740 129.926086
[3]: 127.242165 127.448074
[3]: 60.849411 60.540619
[3]: 132.092270 131.771637
[3]: 126.250076 126.479179
[3]: 135.050247 135.141663
[3]: 130.665405 130.633560
[3]: 135.079712 135.352875
[3]: 126.237053 125.978561
[3]: 119.928970 119.108917
[3]: 128.023651 127.657806
[3]: 128.785126 128.203644
[3]: 132.688889 132.660767
[3]: 129.636017 129.234131
[3]: 131.964172 131.750046
[3]: 132.971313 132.714172
[3]: 154.881744 155.685638
[3]: 124.686180 124.603302
[3]: 123.046135 122.442459
[3]: 125.265434 124.990410
[3]: 136.894547 136.959061
[3]: 132.863525 132.554504
[3]: 128.075684 128.384995
[3]: 129.443710 129.326920
[3]: 121.042801 120.673088
[3]: 128.497833 128.321609
[3]: 129.034195 128.891006
[3]: 125.951454 125.635117
[3]: 63.905010 64.354279
[3]: 129.521561 128.957504
[3]: 117.245506 117.774368
[3]: 124.941841 124.986511
[3]: 121.594681 121.671371
[2]: 129.487595 127.894775
[2]: 136.130844 136.264862
[2]: 136.882141 137.254089
[2]: 112.820587 113.327965
[2]: 140.197906 139.689117
[2]: 126.251892 126.364342
[2]: 131.826096 130.981094
[2]: 129.152939 128.233978
[2]: 144.123032 143.741364
[2]: 136.331070 136.178146
[2]: 112.560959 114.198883
[2]: 129.905197 130.096924
[2]: 124.007256 122.856323
[2]: 140.557205 141.394409
[2]: 132.037476 131.694214
[2]: 126.677216 125.654327
[2]: 135.465668 135.343277
[2]: 68.783508 68.268845
[2]: 129.847778 129.859833
[2]: 117.992584 117.726288
[2]: 128.844986 129.149658
[2]: 145.095764 144.983566
[2]: 140.705521 140.783249
[2]: 134.968338 136.607025
[2]: 122.317993 122.202629
[2]: 116.749382 115.770721
[2]: 128.226700 127.232552
[2]: 142.014832 141.488953
[2]: 116.991547 117.123810
[2]: 186.810455 187.028641
[2]: 114.860619 115.487915
[2]: 113.466949 115.701958
[2]: 128.322388 126.823853
[2]: 120.423012 119.795769
[1]: 123.988808 124.435265
[1]: 126.124031 126.022057
[1]: 136.613586 136.218262
[1]: 195.719772 195.582352
[1]: 129.168564 128.496063
[1]: 127.906723 127.885963
[1]: 126.163155 126.182396
[1]: 126.030678 126.707695
[1]: 139.045547 139.348587
[1]: 128.412476 128.695145
[1]: 121.321312 120.969055
[1]: 129.318497 129.116302
[1]: 129.445343 129.162750
[1]: 133.437592 133.181931
[1]: 133.060410 133.151993
[1]: 118.658424 118.258011
[1]: 134.724228 134.611816
[1]: 192.016586 191.817841
[1]: 132.522736 132.786499
[1]: 122.445030 122.490532
[1]: 125.911575 125.744560
[1]: 135.538071 135.743011
[1]: 140.211441 140.021667
[1]: 133.810074 134.113419
[1]: 129.438766 129.365189
[1]: 119.151344 119.186768
[1]: 122.425148 122.164551
[1]: 136.411224 136.165558
[1]: 127.647942 127.482735
[1]: 131.667191 131.550781
[1]: 120.149071 119.676590
[1]: 117.447769 117.413986
[1]: 125.615616 126.122925
[1]: 130.957047 130.843796
[0]: 123.712196 124.891190
[0]: 117.963669 117.632103
[0]: 117.338402 117.247887
[0]: 91.127792 91.521843
[0]: 114.642021 115.437042
[0]: 129.775360 129.795883
[0]: 120.801689 121.578682
[0]: 123.884094 123.861870
[0]: 103.459358 103.972305
[0]: 120.879646 121.032570
[0]: 151.458923 151.454742
[0]: 123.619797 124.158813
[0]: 130.073761 131.248230
[0]: 105.910591 105.238052
[0]: 117.037010 117.011108
[0]: 128.938797 130.063766
[0]: 116.195572 116.268654
[0]: 155.971786 155.970764
[0]: 124.398155 124.307205
[0]: 140.884003 141.321823
[0]: 126.937256 127.129501
[0]: 105.658005 105.662453
[0]: 105.457306 105.882210
[0]: 113.679375 112.333275
[0]: 126.112061 126.447815
[0]: 146.906311 147.295670
[0]: 127.585945 128.576889
[0]: 112.183434 112.386185
[0]: 138.541077 138.924698
[0]: 185.693130 185.904358
[0]: 143.598679 143.981277
[0]: 147.390717 146.401062
[0]: 127.603386 127.767845
[0]: 136.965210 137.356873
