[4]: 132.432037 132.432159
[4]: 126.836639 126.836334
[4]: 117.886993 117.904129
[4]: 173.939575 173.930054
[4]: 124.599922 124.594322
[4]: 126.767166 126.765602
[4]: 122.392944 122.387993
[4]: 126.358047 126.389420
[4]: 111.276688 111.252876
[4]: 123.647583 123.659187
[4]: 133.900238 133.923080
[4]: 128.375336 128.397034
[4]: 127.913879 127.930695
[4]: 122.166534 122.162163
[4]: 123.591194 123.592026
[4]: 132.731567 132.753708
[4]: 118.672089 118.670052
[4]: 67.254478 67.263580
[4]: 125.866615 125.855522
[4]: 131.652817 131.628586
[4]: 130.904922 130.921097
[4]: 113.834419 113.843704
[4]: 117.078033 117.078583
[4]: 123.252182 123.219727
[4]: 128.845200 128.845459
[4]: 137.083664 137.093811
[4]: 133.057648 133.075012
[4]: 118.073669 118.086906
[4]: 129.882950 129.906662
[4]: 74.223000 74.227898
[4]: 133.319107 133.324158
[4]: 140.909988 140.945679
[4]: 131.914276 131.868683
[4]: 128.107925 128.115768
[3]: 129.673553 129.667557
[3]: 129.943176 129.926086
[3]: 127.444542 127.448074
[3]: 60.542988 60.540619
[3]: 131.778549 131.771637
[3]: 126.460678 126.479179
[3]: 135.117706 135.141663
[3]: 130.642288 130.633560
[3]: 135.351242 135.352875
[3]: 125.970070 125.978561
[3]: 119.101097 119.108917
[3]: 127.659363 127.657806
[3]: 128.188950 128.203644
[3]: 132.652893 132.660767
[3]: 129.218796 129.234131
[3]: 131.757584 131.750046
[3]: 132.718445 132.714172
[3]: 155.686569 155.685638
[3]: 124.598175 124.603302
[3]: 122.430824 122.442459
[3]: 124.998833 124.990410
[3]: 136.946915 136.959061
[3]: 132.560913 132.554504
[3]: 128.350616 128.384995
[3]: 129.326843 129.326920
[3]: 120.686028 120.673088
[3]: 128.328705 128.321609
[3]: 128.890793 128.891006
[3]: 125.661079 125.635117
[3]: 64.360664 64.354279
[3]: 128.952759 128.957504
[3]: 117.786423 117.774368
[3]: 124.947151 124.986511
[3]: 121.677917 121.671371
[2]: 127.883926 127.894775
[2]: 136.262299 136.264862
[2]: 137.264862 137.254089
[2]: 113.327644 113.327965
[2]: 139.690781 139.689117
[2]: 126.363701 126.364342
[2]: 130.978302 130.981094
[2]: 128.225449 128.233978
[2]: 143.726685 143.741364
[2]: 136.176392 136.178146
[2]: 114.182213 114.198883
[2]: 130.091904 130.096924
[2]: 122.855049 122.856323
[2]: 141.408463 141.394409
[2]: 131.692459 131.694214
[2]: 125.657516 125.654327
[2]: 135.345520 135.343277
[2]: 68.272675 68.268845
[2]: 129.861832 129.859833
[2]: 117.724213 117.726288
[2]: 129.148392 129.149658
[2]: 144.987396 144.983566
[2]: 140.786911 140.783249
[2]: 136.605499 136.607025
[2]: 122.196251 122.202629
[2]: 115.774628 115.770721
[2]: 127.237572 127.232552
[2]: 141.487747 141.488953
[2]: 117.132431 117.123810
[2]: 187.034149 187.028641
[2]: 115.491821 115.487915
[2]: 115.711929 115.701958
[2]: 126.819626 126.823853
[2]: 119.786758 119.795769
[1]: 124.430931 124.435265
[1]: 126.006233 126.022057
[1]: 136.229492 136.218262
[1]: 195.587311 195.582352
[1]: 128.504059 128.496063
[1]: 127.885956 127.885963
[1]: 126.177422 126.182396
[1]: 126.719055 126.707695
[1]: 139.323120 139.348587
[1]: 128.698944 128.695145
[1]: 120.996262 120.969055
[1]: 129.131744 129.116302
[1]: 129.170639 129.162750
[1]: 133.189896 133.181931
[1]: 133.159805 133.151993
[1]: 118.264580 118.258011
[1]: 134.598618 134.611816
[1]: 191.826080 191.817841
[1]: 132.777130 132.786499
[1]: 122.491974 122.490532
[1]: 125.741737 125.744560
[1]: 135.776733 135.743011
[1]: 139.999298 140.021667
[1]: 134.113663 134.113419
[1]: 129.362488 129.365189
[1]: 119.183350 119.186768
[1]: 122.167450 122.164551
[1]: 136.173370 136.165558
[1]: 127.487061 127.482735
[1]: 131.559174 131.550781
[1]: 119.684364 119.676590
[1]: 117.439430 117.413986
[1]: 126.109138 126.122925
[1]: 130.844711 130.843796
[0]: 124.900497 124.891190
[0]: 117.631477 117.632103
[0]: 117.245430 117.247887
[0]: 91.527786 91.521843
[0]: 115.410583 115.437042
[0]: 129.815613 129.795883
[0]: 121.605064 121.578682
[0]: 123.881516 123.861870
[0]: 103.987694 103.972305
[0]: 121.051720 121.032570
[0]: 151.480164 151.454742
[0]: 124.168831 124.158813
[0]: 131.275513 131.248230
[0]: 105.214996 105.238052
[0]: 117.020943 117.011108
[0]: 130.067535 130.063766
[0]: 116.271416 116.268654
[0]: 155.961960 155.970764
[0]: 124.309799 124.307205
[0]: 141.311508 141.321823
[0]: 127.142929 127.129501
[0]: 105.639938 105.662453
[0]: 105.893402 105.882210
[0]: 112.336037 112.333275
[0]: 126.457687 126.447815
[0]: 147.295517 147.295670
[0]: 128.579163 128.576889
[0]: 112.391693 112.386185
[0]: 138.909470 138.924698
[0]: 185.904510 185.904358
[0]: 143.980087 143.981277
[0]: 146.392120 146.401062
[0]: 127.782440 127.767845
[0]: 137.356216 137.356873
