[4]: 89.808395 132.432159
[4]: 128.610687 126.836334
[4]: 125.725807 117.904129
[4]: 173.967041 173.930054
[4]: 129.760254 124.594322
[4]: 128.659027 126.765602
[4]: 126.904305 122.387993
[4]: 127.867935 126.389420
[4]: 128.208542 111.252876
[4]: 129.357910 123.659187
[4]: 127.913376 133.923080
[4]: 128.800949 128.397034
[4]: 125.354149 127.930695
[4]: 129.760620 122.162163
[4]: 126.536331 123.592026
[4]: 132.111511 132.753708
[4]: 126.392570 118.670052
[4]: 60.921741 67.263580
[4]: 125.540161 125.855522
[4]: 127.621468 131.628586
[4]: 129.505630 130.921097
[4]: 128.834335 113.843704
[4]: 129.073654 117.078583
[4]: 129.207138 123.219727
[4]: 127.076202 128.845459
[4]: 126.643654 137.093811
[4]: 127.486778 133.075012
[4]: 128.574326 118.086906
[4]: 124.052101 129.906662
[4]: 125.688026 74.227898
[4]: 127.064865 133.324158
[4]: 171.594101 140.945679
[4]: 128.388321 131.868683
[4]: 123.552559 128.115768
[3]: 170.118851 129.667557
[3]: 127.725273 129.926086
[3]: 126.340820 127.448074
[3]: 87.353645 60.540619
[3]: 129.051743 131.771637
[3]: 128.428223 126.479179
[3]: 129.900070 135.141663
[3]: 127.690125 130.633560
[3]: 127.068771 135.352875
[3]: 125.257698 125.978561
[3]: 124.929993 119.108917
[3]: 128.162903 127.657806
[3]: 127.060005 128.203644
[3]: 127.765854 132.660767
[3]: 128.044708 129.234131
[3]: 130.583237 131.750046
[3]: 128.536926 132.714172
[3]: 126.821800 155.685638
[3]: 126.894051 124.603302
[3]: 126.982971 122.442459
[3]: 127.585983 124.990410
[3]: 127.587074 136.959061
[3]: 126.777596 132.554504
[3]: 127.273933 128.384995
[3]: 128.758606 129.326920
[3]: 124.294006 120.673088
[3]: 127.747520 128.321609
[3]: 127.209801 128.891006
[3]: 127.923546 125.635117
[3]: 58.441193 64.354279
[3]: 128.853104 128.957504
[3]: 82.512939 117.774368
[3]: 127.672874 124.986511
[3]: 126.485687 121.671371
[2]: 168.540497 127.894775
[2]: 129.528732 136.264862
[2]: 130.935379 137.254089
[2]: 96.547333 113.327965
[2]: 130.226456 139.689117
[2]: 126.577461 126.364342
[2]: 132.174850 130.981094
[2]: 133.657883 128.233978
[2]: 135.730408 143.741364
[2]: 133.624710 136.178146
[2]: 114.729088 114.198883
[2]: 131.186035 130.096924
[2]: 131.720688 122.856323
[2]: 139.907806 141.394409
[2]: 132.833725 131.694214
[2]: 130.670227 125.654327
[2]: 135.554001 135.343277
[2]: 120.821205 68.268845
[2]: 128.409531 129.859833
[2]: 118.623886 117.726288
[2]: 127.783669 129.149658
[2]: 133.736664 144.983566
[2]: 135.538437 140.783249
[2]: 141.525436 136.607025
[2]: 128.001816 122.202629
[2]: 120.969872 115.770721
[2]: 122.448799 127.232552
[2]: 130.924759 141.488953
[2]: 119.113518 117.123810
[2]: 186.744904 187.028641
[2]: 121.984688 115.487915
[2]: 72.041245 115.701958
[2]: 136.235916 126.823853
[2]: 117.880394 119.795769
[1]: 83.488411 124.435265
[1]: 128.062866 126.022057
[1]: 132.996292 136.218262
[1]: 179.180038 195.582352
[1]: 128.552612 128.496063
[1]: 125.752419 127.885963
[1]: 131.209686 126.182396
[1]: 128.942856 126.707695
[1]: 132.606033 139.348587
[1]: 128.914841 128.695145
[1]: 118.703896 120.969055
[1]: 127.323601 129.116302
[1]: 131.202850 129.162750
[1]: 132.317352 133.181931
[1]: 131.747070 133.151993
[1]: 124.440483 118.258011
[1]: 135.200333 134.611816
[1]: 190.160645 191.817841
[1]: 129.651810 132.786499
[1]: 121.268616 122.490532
[1]: 124.932083 125.744560
[1]: 130.985886 135.743011
[1]: 131.532181 140.021667
[1]: 135.036636 134.113419
[1]: 130.001999 129.365189
[1]: 123.044357 119.186768
[1]: 124.253899 122.164551
[1]: 129.737625 136.165558
[1]: 126.813347 127.482735
[1]: 117.668526 131.550781
[1]: 125.783844 119.676590
[1]: 160.053497 117.413986
[1]: 131.179367 126.122925
[1]: 125.843513 130.843796
[0]: 134.451157 124.891190
[0]: 121.626945 117.632103
[0]: 118.356361 117.247887
[0]: 80.832664 91.521843
[0]: 121.047394 115.437042
[0]: 127.587669 129.795883
[0]: 111.876167 121.578682
[0]: 114.217957 123.861870
[0]: 105.629059 103.972305
[0]: 115.460388 121.032570
[0]: 161.574326 151.454742
[0]: 122.786156 124.158813
[0]: 122.678795 131.248230
[0]: 97.946487 105.238052
[0]: 111.863594 117.011108
[0]: 116.832558 130.063766
[0]: 106.752670 116.268654
[0]: 150.201706 155.970764
[0]: 127.295059 124.307205
[0]: 145.215729 141.321823
[0]: 128.213394 127.129501
[0]: 113.684914 105.662453
[0]: 110.087563 105.882210
[0]: 92.582886 112.333275
[0]: 120.207947 126.447815
[0]: 150.525146 147.295670
[0]: 141.236206 128.576889
[0]: 119.263351 112.386185
[0]: 145.715057 138.924698
[0]: 170.982315 185.904358
[0]: 139.914551 143.981277
[0]: 152.312302 146.401062
[0]: 108.506790 127.767845
[0]: 150.139404 137.356873
