[4]: 133.421295 132.432159
[4]: 126.324112 126.836334
[4]: 116.983437 117.904129
[4]: 172.910828 173.930054
[4]: 126.263634 124.594322
[4]: 126.363983 126.765602
[4]: 121.893623 122.387993
[4]: 127.831963 126.389420
[4]: 112.657104 111.252876
[4]: 123.066978 123.659187
[4]: 134.433105 133.923080
[4]: 128.750320 128.397034
[4]: 128.880463 127.930695
[4]: 122.688492 122.162163
[4]: 125.214569 123.592026
[4]: 134.163757 132.753708
[4]: 119.463539 118.670052
[4]: 67.135063 67.263580
[4]: 125.494370 125.855522
[4]: 130.991119 131.628586
[4]: 130.039474 130.921097
[4]: 113.849480 113.843704
[4]: 117.147118 117.078583
[4]: 122.316978 123.219727
[4]: 127.546532 128.845459
[4]: 136.982239 137.093811
[4]: 135.351135 133.075012
[4]: 117.630150 118.086906
[4]: 130.981613 129.906662
[4]: 73.317535 74.227898
[4]: 134.407104 133.324158
[4]: 139.330765 140.945679
[4]: 131.746826 131.868683
[4]: 129.469559 128.115768
[3]: 127.374344 129.667557
[3]: 129.258118 129.926086
[3]: 127.226753 127.448074
[3]: 60.690105 60.540619
[3]: 132.229645 131.771637
[3]: 127.477982 126.479179
[3]: 135.534454 135.141663
[3]: 129.592880 130.633560
[3]: 134.631607 135.352875
[3]: 126.379509 125.978561
[3]: 117.608757 119.108917
[3]: 126.747597 127.657806
[3]: 127.338989 128.203644
[3]: 132.327805 132.660767
[3]: 128.601791 129.234131
[3]: 130.901443 131.750046
[3]: 133.096054 132.714172
[3]: 158.019867 155.685638
[3]: 123.963394 124.603302
[3]: 123.706215 122.442459
[3]: 125.570587 124.990410
[3]: 137.242935 136.959061
[3]: 131.653580 132.554504
[3]: 130.268906 128.384995
[3]: 130.033249 129.326920
[3]: 120.797729 120.673088
[3]: 126.608917 128.321609
[3]: 129.504883 128.891006
[3]: 125.605629 125.635117
[3]: 64.833786 64.354279
[3]: 129.153076 128.957504
[3]: 120.814079 117.774368
[3]: 125.670158 124.986511
[3]: 121.760498 121.671371
[2]: 126.723419 127.894775
[2]: 137.252197 136.264862
[2]: 137.004303 137.254089
[2]: 111.798103 113.327965
[2]: 138.919495 139.689117
[2]: 126.488365 126.364342
[2]: 129.545517 130.981094
[2]: 127.982307 128.233978
[2]: 141.936951 143.741364
[2]: 137.711136 136.178146
[2]: 114.295715 114.198883
[2]: 128.741272 130.096924
[2]: 122.551491 122.856323
[2]: 140.301453 141.394409
[2]: 131.523117 131.694214
[2]: 125.209473 125.654327
[2]: 134.246933 135.343277
[2]: 67.508606 68.268845
[2]: 130.954010 129.859833
[2]: 116.996017 117.726288
[2]: 130.815079 129.149658
[2]: 145.025024 144.983566
[2]: 141.868805 140.783249
[2]: 138.196243 136.607025
[2]: 123.783195 122.202629
[2]: 115.335564 115.770721
[2]: 125.579704 127.232552
[2]: 140.809097 141.488953
[2]: 116.474731 117.123810
[2]: 185.821701 187.028641
[2]: 114.955124 115.487915
[2]: 116.970985 115.701958
[2]: 126.403473 126.823853
[2]: 119.346802 119.795769
[1]: 126.135994 124.435265
[1]: 126.434792 126.022057
[1]: 136.881363 136.218262
[1]: 196.249588 195.582352
[1]: 127.246338 128.496063
[1]: 127.532509 127.885963
[1]: 126.416428 126.182396
[1]: 126.925995 126.707695
[1]: 138.317322 139.348587
[1]: 128.918945 128.695145
[1]: 120.887100 120.969055
[1]: 130.147842 129.116302
[1]: 128.961487 129.162750
[1]: 133.514145 133.181931
[1]: 132.777908 133.151993
[1]: 118.243469 118.258011
[1]: 134.076874 134.611816
[1]: 190.727234 191.817841
[1]: 132.848358 132.786499
[1]: 123.316154 122.490532
[1]: 125.786133 125.744560
[1]: 136.390625 135.743011
[1]: 139.766296 140.021667
[1]: 133.332657 134.113419
[1]: 129.286163 129.365189
[1]: 119.625572 119.186768
[1]: 121.528946 122.164551
[1]: 135.251846 136.165558
[1]: 126.292603 127.482735
[1]: 132.240677 131.550781
[1]: 118.755058 119.676590
[1]: 116.165283 117.413986
[1]: 125.856255 126.122925
[1]: 129.331268 130.843796
[0]: 125.728020 124.891190
[0]: 117.366325 117.632103
[0]: 117.915352 117.247887
[0]: 92.526268 91.521843
[0]: 115.285286 115.437042
[0]: 129.397919 129.795883
[0]: 122.978455 121.578682
[0]: 123.470985 123.861870
[0]: 106.168098 103.972305
[0]: 119.286743 121.032570
[0]: 152.663208 151.454742
[0]: 125.065079 124.158813
[0]: 131.732147 131.248230
[0]: 105.715401 105.238052
[0]: 116.467545 117.011108
[0]: 130.049194 130.063766
[0]: 116.682777 116.268654
[0]: 155.461029 155.970764
[0]: 124.093491 124.307205
[0]: 140.579849 141.321823
[0]: 125.605682 127.129501
[0]: 104.455704 105.662453
[0]: 105.743904 105.882210
[0]: 110.283310 112.333275
[0]: 125.458618 126.447815
[0]: 147.386078 147.295670
[0]: 130.516220 128.576889
[0]: 113.824692 112.386185
[0]: 139.862808 138.924698
[0]: 186.873367 185.904358
[0]: 144.325714 143.981277
[0]: 144.950027 146.401062
[0]: 127.897751 127.767845
[0]: 137.959900 137.356873
