[4]: 128.872559 132.432159
[4]: 126.088242 126.836334
[4]: 118.437523 117.904129
[4]: 176.763763 173.930054
[4]: 122.262558 124.594322
[4]: 125.734001 126.765602
[4]: 121.003197 122.387993
[4]: 126.088562 126.389420
[4]: 111.011200 111.252876
[4]: 124.508324 123.659187
[4]: 135.776154 133.923080
[4]: 128.620636 128.397034
[4]: 126.140961 127.930695
[4]: 122.464958 122.162163
[4]: 124.145844 123.592026
[4]: 131.660400 132.753708
[4]: 117.019440 118.670052
[4]: 67.457443 67.263580
[4]: 127.142563 125.855522
[4]: 130.478073 131.628586
[4]: 130.898483 130.921097
[4]: 114.676483 113.843704
[4]: 117.356720 117.078583
[4]: 125.180962 123.219727
[4]: 130.306000 128.845459
[4]: 133.934723 137.093811
[4]: 131.093842 133.075012
[4]: 117.191681 118.086906
[4]: 128.481674 129.906662
[4]: 76.758003 74.227898
[4]: 134.554001 133.324158
[4]: 145.372955 140.945679
[4]: 130.900085 131.868683
[4]: 127.295280 128.115768
[3]: 133.192627 129.667557
[3]: 129.805298 129.926086
[3]: 127.390411 127.448074
[3]: 61.738770 60.540619
[3]: 130.896133 131.771637
[3]: 126.151489 126.479179
[3]: 135.460724 135.141663
[3]: 130.160980 130.633560
[3]: 134.421051 135.352875
[3]: 124.956009 125.978561
[3]: 120.213921 119.108917
[3]: 128.059814 127.657806
[3]: 128.728424 128.203644
[3]: 132.604492 132.660767
[3]: 128.383698 129.234131
[3]: 132.465042 131.750046
[3]: 132.509033 132.714172
[3]: 153.925446 155.685638
[3]: 124.836082 124.603302
[3]: 123.448524 122.442459
[3]: 126.312317 124.990410
[3]: 135.711456 136.959061
[3]: 132.301285 132.554504
[3]: 127.550087 128.384995
[3]: 129.162598 129.326920
[3]: 122.151489 120.673088
[3]: 128.690384 128.321609
[3]: 129.076019 128.891006
[3]: 126.765091 125.635117
[3]: 62.727428 64.354279
[3]: 129.292328 128.957504
[3]: 115.235992 117.774368
[3]: 125.790321 124.986511
[3]: 122.093300 121.671371
[2]: 130.897995 127.894775
[2]: 135.604004 136.264862
[2]: 137.696274 137.254089
[2]: 110.847618 113.327965
[2]: 142.740585 139.689117
[2]: 128.207611 126.364342
[2]: 132.784805 130.981094
[2]: 129.514053 128.233978
[2]: 145.689255 143.741364
[2]: 135.831573 136.178146
[2]: 112.409882 114.198883
[2]: 129.199158 130.096924
[2]: 124.679520 122.856323
[2]: 139.297180 141.394409
[2]: 131.263016 131.694214
[2]: 127.226616 125.654327
[2]: 137.207687 135.343277
[2]: 68.850098 68.268845
[2]: 128.099213 129.859833
[2]: 118.723183 117.726288
[2]: 129.740189 129.149658
[2]: 143.911484 144.983566
[2]: 141.790955 140.783249
[2]: 133.356079 136.607025
[2]: 121.587006 122.202629
[2]: 117.674965 115.770721
[2]: 129.997131 127.232552
[2]: 143.529053 141.488953
[2]: 117.973099 117.123810
[2]: 185.564423 187.028641
[2]: 113.927765 115.487915
[2]: 113.617577 115.701958
[2]: 127.965515 126.823853
[2]: 122.071037 119.795769
[1]: 123.964493 124.435265
[1]: 127.099480 126.022057
[1]: 136.783096 136.218262
[1]: 195.361572 195.582352
[1]: 130.343002 128.496063
[1]: 128.560989 127.885963
[1]: 126.818054 126.182396
[1]: 126.060959 126.707695
[1]: 139.417419 139.348587
[1]: 128.028931 128.695145
[1]: 120.343697 120.969055
[1]: 129.718567 129.116302
[1]: 130.164764 129.162750
[1]: 133.496948 133.181931
[1]: 132.933853 133.151993
[1]: 118.392128 118.258011
[1]: 135.693130 134.611816
[1]: 191.574295 191.817841
[1]: 131.925125 132.786499
[1]: 122.480392 122.490532
[1]: 125.201050 125.744560
[1]: 136.039291 135.743011
[1]: 138.867096 140.021667
[1]: 133.852402 134.113419
[1]: 128.774734 129.365189
[1]: 121.073029 119.186768
[1]: 122.921638 122.164551
[1]: 135.960938 136.165558
[1]: 128.271530 127.482735
[1]: 133.068222 131.550781
[1]: 120.130272 119.676590
[1]: 116.523094 117.413986
[1]: 126.099640 126.122925
[1]: 131.168564 130.843796
[0]: 122.090706 124.891190
[0]: 117.975143 117.632103
[0]: 115.370415 117.247887
[0]: 90.328468 91.521843
[0]: 113.377663 115.437042
[0]: 128.552002 129.795883
[0]: 119.876411 121.578682
[0]: 123.978081 123.861870
[0]: 102.529297 103.972305
[0]: 122.291191 121.032570
[0]: 151.287735 151.454742
[0]: 123.729179 124.158813
[0]: 129.518433 131.248230
[0]: 106.525673 105.238052
[0]: 117.870461 117.011108
[0]: 128.697769 130.063766
[0]: 114.748596 116.268654
[0]: 156.170624 155.970764
[0]: 125.466125 124.307205
[0]: 140.638565 141.321823
[0]: 125.717094 127.129501
[0]: 106.479073 105.662453
[0]: 105.599640 105.882210
[0]: 114.709244 112.333275
[0]: 126.343231 126.447815
[0]: 145.311295 147.295670
[0]: 126.567444 128.576889
[0]: 110.850609 112.386185
[0]: 137.548630 138.924698
[0]: 185.659698 185.904358
[0]: 143.718216 143.981277
[0]: 148.211700 146.401062
[0]: 126.789764 127.767845
[0]: 135.082413 137.356873
