[4]: 133.633011 132.432159
[4]: 125.535858 126.836334
[4]: 116.478569 117.904129
[4]: 172.432617 173.930054
[4]: 127.233017 124.594322
[4]: 127.239716 126.765602
[4]: 122.717339 122.387993
[4]: 128.221664 126.389420
[4]: 115.262726 111.252876
[4]: 123.029869 123.659187
[4]: 135.991730 133.923080
[4]: 128.559738 128.397034
[4]: 129.096527 127.930695
[4]: 122.124825 122.162163
[4]: 124.208038 123.592026
[4]: 135.076050 132.753708
[4]: 121.287788 118.670052
[4]: 68.267059 67.263580
[4]: 125.479118 125.855522
[4]: 129.761856 131.628586
[4]: 129.312454 130.921097
[4]: 112.441841 113.843704
[4]: 116.973526 117.078583
[4]: 122.432861 123.219727
[4]: 127.794800 128.845459
[4]: 136.935379 137.093811
[4]: 135.702209 133.075012
[4]: 119.175804 118.086906
[4]: 131.130966 129.906662
[4]: 71.622223 74.227898
[4]: 134.021271 133.324158
[4]: 138.594254 140.945679
[4]: 131.681168 131.868683
[4]: 131.734512 128.115768
[3]: 126.403236 129.667557
[3]: 129.601059 129.926086
[3]: 127.935936 127.448074
[3]: 61.017502 60.540619
[3]: 131.426590 131.771637
[3]: 127.409332 126.479179
[3]: 135.204941 135.141663
[3]: 129.251511 130.633560
[3]: 134.372223 135.352875
[3]: 126.452148 125.978561
[3]: 116.460815 119.108917
[3]: 126.363541 127.657806
[3]: 127.022423 128.203644
[3]: 132.249939 132.660767
[3]: 128.585358 129.234131
[3]: 130.872498 131.750046
[3]: 133.365341 132.714172
[3]: 159.545441 155.685638
[3]: 123.266815 124.603302
[3]: 123.866867 122.442459
[3]: 126.637939 124.990410
[3]: 138.958282 136.959061
[3]: 131.520737 132.554504
[3]: 130.776382 128.384995
[3]: 130.789597 129.326920
[3]: 121.199547 120.673088
[3]: 126.146576 128.321609
[3]: 129.356979 128.891006
[3]: 125.447144 125.635117
[3]: 65.974297 64.354279
[3]: 129.391586 128.957504
[3]: 121.536133 117.774368
[3]: 125.395966 124.986511
[3]: 120.305496 121.671371
[2]: 127.102509 127.894775
[2]: 136.558350 136.264862
[2]: 136.311630 137.254089
[2]: 112.317581 113.327965
[2]: 137.331543 139.689117
[2]: 125.795700 126.364342
[2]: 128.164505 130.981094
[2]: 128.407639 128.233978
[2]: 140.049072 143.741364
[2]: 138.185745 136.178146
[2]: 113.968048 114.198883
[2]: 128.224030 130.096924
[2]: 122.888695 122.856323
[2]: 140.509201 141.394409
[2]: 132.132950 131.694214
[2]: 125.232597 125.654327
[2]: 132.650391 135.343277
[2]: 66.164024 68.268845
[2]: 131.058746 129.859833
[2]: 119.221977 117.726288
[2]: 131.618683 129.149658
[2]: 146.104401 144.983566
[2]: 142.130020 140.783249
[2]: 137.839630 136.607025
[2]: 123.876724 122.202629
[2]: 115.823448 115.770721
[2]: 124.842239 127.232552
[2]: 138.923889 141.488953
[2]: 116.004997 117.123810
[2]: 185.391861 187.028641
[2]: 116.292847 115.487915
[2]: 117.070000 115.701958
[2]: 127.093788 126.823853
[2]: 117.846123 119.795769
[1]: 126.624306 124.435265
[1]: 127.524536 126.022057
[1]: 137.865753 136.218262
[1]: 195.951553 195.582352
[1]: 127.057724 128.496063
[1]: 127.205788 127.885963
[1]: 126.477180 126.182396
[1]: 125.553162 126.707695
[1]: 137.328339 139.348587
[1]: 128.296677 128.695145
[1]: 120.013184 120.969055
[1]: 130.763000 129.116302
[1]: 128.593414 129.162750
[1]: 133.791321 133.181931
[1]: 133.241440 133.151993
[1]: 117.761757 118.258011
[1]: 133.546616 134.611816
[1]: 190.736954 191.817841
[1]: 133.833374 132.786499
[1]: 123.217331 122.490532
[1]: 125.882286 125.744560
[1]: 136.915283 135.743011
[1]: 139.782196 140.021667
[1]: 133.373749 134.113419
[1]: 128.453857 129.365189
[1]: 118.860207 119.186768
[1]: 121.307899 122.164551
[1]: 135.436462 136.165558
[1]: 126.219986 127.482735
[1]: 134.050934 131.550781
[1]: 118.769485 119.676590
[1]: 115.666199 117.413986
[1]: 126.007332 126.122925
[1]: 128.574463 130.843796
[0]: 125.561844 124.891190
[0]: 117.279495 117.632103
[0]: 117.372948 117.247887
[0]: 92.634476 91.521843
[0]: 116.908791 115.437042
[0]: 129.655289 129.795883
[0]: 123.855934 121.578682
[0]: 124.441696 123.861870
[0]: 106.703575 103.972305
[0]: 119.349632 121.032570
[0]: 153.696671 151.454742
[0]: 125.571518 124.158813
[0]: 131.942307 131.248230
[0]: 105.748749 105.238052
[0]: 116.373466 117.011108
[0]: 129.502853 130.063766
[0]: 116.700554 116.268654
[0]: 155.327957 155.970764
[0]: 123.691483 124.307205
[0]: 139.525818 141.321823
[0]: 124.183105 127.129501
[0]: 102.244690 105.662453
[0]: 105.715149 105.882210
[0]: 109.844536 112.333275
[0]: 125.189407 126.447815
[0]: 147.389786 147.295670
[0]: 131.626785 128.576889
[0]: 114.100967 112.386185
[0]: 140.577042 138.924698
[0]: 186.408447 185.904358
[0]: 143.075836 143.981277
[0]: 145.419418 146.401062
[0]: 127.325188 127.767845
[0]: 139.677841 137.356873
