[19]: 2000 10 11  0 20 OSCAR       7.1   4.6   65  547 1970  5  4 18 28 WILLIAM     7.1   5.9  156  335
[18]: 2000 10 11  0 20 OSCAR       7.1   4.6   65  547 1988  7 21  6  8 NADINE      7.3   4.6   80  714
[17]: 1994  7  1 18 28 RAFAEL      7.0   5.1   47  135 1973  7  1  6 24 BERYL       7.2   4.1  123   28
[16]: 1989  9  9  6 13 CHRIS       7.0   4.6   21  602 2000  7 28  0 28 PATTY       7.0   6.2   37  236
[15]: 1985  9 28  0  6 FLORENCE    7.1   5.4   48  753 1988  7 22  6 25 GORDON      7.2   5.9   21  869
[14]: 1978 12  1  6  4 ALBERTO     7.1   4.7   21  674 1993  1 18  0 27 VALERIE     7.3   5.2   66  431
[13]: 1994  7  1 18 28 RAFAEL      7.0   5.1   47  135 1950  2  7 12 25 SANDY       7.4   5.1   15  258
[12]: 1994  7  1 18 28 RAFAEL      7.0   5.1   47  135 1970  5  4 18 28 WILLIAM     7.1   5.9  156  335
[10]: 1995  5 22  6 14 ERNESTO     7.1   4.9   53  190 1985  9 28  0  6 FLORENCE    7.1   5.4   48  753
[9]: 1989  9  9  6 13 CHRIS       7.0   4.6   21  602 1987  5  9  6  7 PATTY       7.0   4.3   52  385
[8]: 1978 12  1  6  4 ALBERTO     7.1   4.7   21  674 1988  7 21  6  8 NADINE      7.3   4.6   80  714
[7]: 1978 12  1  6  4 ALBERTO     7.1   4.7   21  674 1970  5  4 18 28 WILLIAM     7.1   5.9  156  335
[6]: 1989  9  9  6 13 CHRIS       7.0   4.6   21  602 1973  7  1  6 24 BERYL       7.2   4.1  123   28
[3]: 1987  5  9  6  7 PATTY       7.0   4.3   52  385 1988  7 21  6  8 NADINE      7.3   4.6   80  714
[2]: 1995  5 22  6 14 ERNESTO     7.1   4.9   53  190 2004 12 28  0  1 PATTY       7.1   6.1   94  198
[1]: 2000 10 11  0 20 OSCAR       7.1   4.6   65  547 2003 11  1  0  6 KIRK       13.1   2.9  121  542
[0]: 1995  5 22  6 14 ERNESTO     7.1   4.9   53  190 1973  7  1  6 24 BERYL       7.2   4.1  123   28
