[4]: 132.959641 132.432159
[4]: 126.443344 126.836334
[4]: 117.622169 117.904129
[4]: 173.769424 173.930054
[4]: 124.693382 124.594322
[4]: 126.782562 126.765602
[4]: 122.221474 122.387993
[4]: 126.535767 126.389420
[4]: 111.516144 111.252876
[4]: 123.809151 123.659187
[4]: 133.710953 133.923080
[4]: 128.875290 128.397034
[4]: 128.317062 127.930695
[4]: 122.506096 122.162163
[4]: 123.908058 123.592026
[4]: 132.629288 132.753708
[4]: 118.605476 118.670052
[4]: 67.178268 67.263580
[4]: 125.440414 125.855522
[4]: 132.277023 131.628586
[4]: 130.704376 130.921097
[4]: 113.712532 113.843704
[4]: 117.408447 117.078583
[4]: 122.804794 123.219727
[4]: 128.631195 128.845459
[4]: 136.825058 137.093811
[4]: 133.478088 133.075012
[4]: 118.350929 118.086906
[4]: 130.148132 129.906662
[4]: 74.320702 74.227898
[4]: 133.436142 133.324158
[4]: 140.980377 140.945679
[4]: 131.788498 131.868683
[4]: 127.665138 128.115768
[3]: 129.138840 129.667557
[3]: 129.999924 129.926086
[3]: 127.127472 127.448074
[3]: 60.546799 60.540619
[3]: 131.697006 131.771637
[3]: 126.782043 126.479179
[3]: 135.094452 135.141663
[3]: 130.712662 130.633560
[3]: 134.991516 135.352875
[3]: 125.422127 125.978561
[3]: 119.081764 119.108917
[3]: 127.217567 127.657806
[3]: 127.646164 128.203644
[3]: 132.602005 132.660767
[3]: 128.848083 129.234131
[3]: 132.019852 131.750046
[3]: 132.561676 132.714172
[3]: 155.924072 155.685638
[3]: 124.218033 124.603302
[3]: 122.532707 122.442459
[3]: 125.440895 124.990410
[3]: 137.050842 136.959061
[3]: 132.169830 132.554504
[3]: 128.991119 128.384995
[3]: 129.390045 129.326920
[3]: 121.043526 120.673088
[3]: 128.119919 128.321609
[3]: 128.715073 128.891006
[3]: 125.577713 125.635117
[3]: 64.389503 64.354279
[3]: 128.874390 128.957504
[3]: 117.636505 117.774368
[3]: 124.976715 124.986511
[3]: 122.073586 121.671371
[2]: 127.853104 127.894775
[2]: 136.814209 136.264862
[2]: 137.502151 137.254089
[2]: 113.026062 113.327965
[2]: 139.494019 139.689117
[2]: 126.353821 126.364342
[2]: 131.052292 130.981094
[2]: 127.884666 128.233978
[2]: 143.278412 143.741364
[2]: 136.229401 136.178146
[2]: 114.561371 114.198883
[2]: 129.340820 130.096924
[2]: 122.332535 122.856323
[2]: 141.458160 141.394409
[2]: 131.914795 131.694214
[2]: 125.368805 125.654327
[2]: 134.842346 135.343277
[2]: 68.267494 68.268845
[2]: 130.291245 129.859833
[2]: 117.458710 117.726288
[2]: 129.930817 129.149658
[2]: 145.032196 144.983566
[2]: 140.745972 140.783249
[2]: 137.236176 136.607025
[2]: 122.194801 122.202629
[2]: 116.017456 115.770721
[2]: 126.246689 127.232552
[2]: 140.820343 141.488953
[2]: 116.933846 117.123810
[2]: 187.014420 187.028641
[2]: 115.528214 115.487915
[2]: 116.159096 115.701958
[2]: 126.494499 126.823853
[2]: 119.530128 119.795769
[1]: 124.239189 124.435265
[1]: 126.414444 126.022057
[1]: 136.358780 136.218262
[1]: 195.634888 195.582352
[1]: 128.866898 128.496063
[1]: 127.468384 127.885963
[1]: 126.275879 126.182396
[1]: 126.697350 126.707695
[1]: 139.398590 139.348587
[1]: 129.000076 128.695145
[1]: 120.819122 120.969055
[1]: 128.791336 129.116302
[1]: 128.983612 129.162750
[1]: 133.168457 133.181931
[1]: 133.232239 133.151993
[1]: 118.384071 118.258011
[1]: 134.948090 134.611816
[1]: 191.709366 191.817841
[1]: 133.167923 132.786499
[1]: 121.946602 122.490532
[1]: 125.204681 125.744560
[1]: 135.811783 135.743011
[1]: 139.896637 140.021667
[1]: 134.113815 134.113419
[1]: 129.330994 129.365189
[1]: 119.022011 119.186768
[1]: 122.224197 122.164551
[1]: 136.026627 136.165558
[1]: 127.620605 127.482735
[1]: 131.414825 131.550781
[1]: 119.709137 119.676590
[1]: 117.525528 117.413986
[1]: 126.295708 126.122925
[1]: 131.044891 130.843796
[0]: 125.134346 124.891190
[0]: 116.912720 117.632103
[0]: 117.481735 117.247887
[0]: 91.956787 91.521843
[0]: 115.169235 115.437042
[0]: 129.925674 129.795883
[0]: 121.609993 121.578682
[0]: 123.988686 123.861870
[0]: 104.488167 103.972305
[0]: 121.078018 121.032570
[0]: 151.559677 151.454742
[0]: 125.283348 124.158813
[0]: 132.219910 131.248230
[0]: 104.810959 105.238052
[0]: 116.748802 117.011108
[0]: 130.046555 130.063766
[0]: 116.659805 116.268654
[0]: 156.268097 155.970764
[0]: 124.302811 124.307205
[0]: 141.444962 141.321823
[0]: 126.611023 127.129501
[0]: 105.525719 105.662453
[0]: 106.085907 105.882210
[0]: 111.403717 112.333275
[0]: 126.655693 126.447815
[0]: 147.138626 147.295670
[0]: 129.337875 128.576889
[0]: 113.141029 112.386185
[0]: 138.820221 138.924698
[0]: 186.265259 185.904358
[0]: 143.904922 143.981277
[0]: 145.934677 146.401062
[0]: 128.022552 127.767845
[0]: 137.516037 137.356873
