[4]: 132.432159 136.911118
[4]: 126.836334 135.128967
[4]: 117.904129 140.767731
[4]: 173.930054 142.716232
[4]: 124.594322 124.554855
[4]: 126.765602 121.026726
[4]: 122.387993 132.140930
[4]: 126.389420 128.706375
[4]: 111.252876 120.882843
[4]: 123.659187 125.451691
[4]: 133.923080 129.002731
[4]: 128.397034 125.696518
[4]: 127.930695 130.687103
[4]: 122.162163 127.574516
[4]: 123.592026 129.509384
[4]: 132.753708 138.806458
[4]: 118.670052 131.574493
[4]: 67.263580 114.137474
[4]: 125.855522 125.331192
[4]: 131.628586 132.678452
[4]: 130.921097 127.157791
[4]: 113.843704 114.294907
[4]: 117.078583 120.963585
[4]: 123.219727 126.272621
[4]: 128.845459 125.735184
[4]: 137.093811 133.974319
[4]: 133.075012 143.111542
[4]: 118.086906 124.456230
[4]: 129.906662 125.133286
[4]: 74.227898 115.053474
[4]: 133.324158 125.922020
[4]: 140.945679 132.610275
[4]: 131.868683 118.666481
[4]: 128.115768 117.999504
[3]: 129.667557 95.984200
[3]: 129.926086 155.360107
[3]: 127.448074 106.140152
[3]: 60.540619 101.665283
[3]: 131.771637 161.521500
[3]: 126.479179 124.750778
[3]: 135.141663 143.475128
[3]: 130.633560 149.968658
[3]: 135.352875 111.522278
[3]: 125.978561 151.387039
[3]: 119.108917 105.608292
[3]: 127.657806 101.566063
[3]: 128.203644 120.395599
[3]: 132.660767 122.948189
[3]: 129.234131 142.282120
[3]: 131.750046 154.171249
[3]: 132.714172 126.381607
[3]: 155.685638 169.250519
[3]: 124.603302 114.367615
[3]: 122.442459 109.681351
[3]: 124.990410 145.190155
[3]: 136.959061 158.283157
[3]: 132.554504 114.611137
[3]: 128.384995 125.170723
[3]: 129.326920 179.808807
[3]: 120.673088 120.727722
[3]: 128.321609 84.973312
[3]: 128.891006 114.636269
[3]: 125.635117 140.544296
[3]: 64.354279 113.967354
[3]: 128.957504 171.188858
[3]: 117.774368 134.339630
[3]: 124.986511 103.099480
[3]: 121.671371 153.102325
[2]: 127.894775 116.115692
[2]: 136.264862 104.383408
[2]: 137.254089 118.360504
[2]: 113.327965 88.234612
[2]: 139.689117 134.993820
[2]: 126.364342 139.349945
[2]: 130.981094 105.664009
[2]: 128.233978 131.272720
[2]: 143.741364 145.308884
[2]: 136.178146 130.886368
[2]: 114.198883 108.909988
[2]: 130.096924 130.192291
[2]: 122.856323 143.535965
[2]: 141.394409 137.083130
[2]: 131.694214 106.211884
[2]: 125.654327 97.511185
[2]: 135.343277 109.975304
[2]: 68.268845 118.159805
[2]: 129.859833 107.275414
[2]: 117.726288 113.801628
[2]: 129.149658 131.453644
[2]: 144.983566 150.878128
[2]: 140.783249 156.469406
[2]: 136.607025 137.858536
[2]: 122.202629 122.364708
[2]: 115.770721 141.306549
[2]: 127.232552 107.830528
[2]: 141.488953 126.993378
[2]: 117.123810 117.888779
[2]: 187.028641 154.618286
[2]: 115.487915 121.445152
[2]: 115.701958 98.633949
[2]: 126.823853 144.802170
[2]: 119.795769 145.679489
[1]: 124.435265 138.378418
[1]: 126.022057 95.574265
[1]: 136.218262 98.382843
[1]: 195.582352 142.059921
[1]: 128.496063 113.579758
[1]: 127.885963 142.290085
[1]: 126.182396 136.277878
[1]: 126.707695 117.331230
[1]: 139.348587 143.076004
[1]: 128.695145 135.867691
[1]: 120.969055 141.040619
[1]: 129.116302 144.225204
[1]: 129.162750 99.925468
[1]: 133.181931 118.549461
[1]: 133.151993 143.705627
[1]: 118.258011 96.018364
[1]: 134.611816 138.163406
[1]: 191.817841 163.316483
[1]: 132.786499 155.837799
[1]: 122.490532 142.740479
[1]: 125.744560 124.341553
[1]: 135.743011 150.639008
[1]: 140.021667 126.669167
[1]: 134.113419 116.455765
[1]: 129.365189 114.074265
[1]: 119.186768 80.414474
[1]: 122.164551 99.551743
[1]: 136.165558 154.755905
[1]: 127.482735 134.752411
[1]: 131.550781 137.032837
[1]: 119.676590 137.467285
[1]: 117.413986 137.484848
[1]: 126.122925 160.494644
[1]: 130.843796 122.579628
[0]: 124.891190 84.155418
[0]: 117.632103 158.684860
[0]: 117.247887 101.565926
[0]: 91.521843 91.813271
[0]: 115.437042 138.682281
[0]: 129.795883 127.352776
[0]: 121.578682 109.802353
[0]: 123.861870 94.625679
[0]: 103.972305 117.242172
[0]: 121.032570 88.096809
[0]: 151.454742 167.567657
[0]: 124.158813 138.603271
[0]: 131.248230 115.704109
[0]: 105.238052 116.012642
[0]: 117.011108 116.557022
[0]: 130.063766 145.646942
[0]: 116.268654 123.332092
[0]: 155.970764 179.696350
[0]: 124.307205 169.640045
[0]: 141.321823 93.361961
[0]: 127.129501 106.922440
[0]: 105.662453 112.592361
[0]: 105.882210 121.340996
[0]: 112.333275 127.321457
[0]: 126.447815 129.139908
[0]: 147.295670 126.917839
[0]: 128.576889 140.121231
[0]: 112.386185 119.454178
[0]: 138.924698 155.998276
[0]: 185.904358 165.518250
[0]: 143.981277 103.462509
[0]: 146.401062 134.320023
[0]: 127.767845 120.935936
[0]: 137.356873 149.430908
