[19]: 1977  6 16  6  5 DEBBY       7.0   1.2   44  174 1968  8 15 18 15 CHRIS       7.2   5.9   86  339
[18]: 1994  3 24  6 16 WILLIAM     7.0   0.7   60  175 1964 11 12 18 13 GORDON      7.2   0.5   24  612
[16]: 1951  8 27 18 23 VALERIE     7.0   0.6  150  688 1953  2 14  0 25 ALBERTO     7.3   1.5  120  109
[15]: 1986  1  2  6  5 WILLIAM     7.2   0.7   32  332 1964 12  2 18 20 TONY        7.3   0.7   45  849
[14]: 1964  3 19  6 19 BERYL       7.1   0.7  126  660 1964 11 12 18 13 GORDON      7.2   0.5   24  612
[12]: 1953  3 28  0 20 OSCAR       7.1   0.4   68  869 1994  5  7 12  3 PATTY       7.3   0.7   54  149
[11]: 1977  6 16  6  5 DEBBY       7.0   1.2   44  174 1994  5  7 12  3 PATTY       7.3   0.7   54  149
[10]: 1994  3 24  6 16 WILLIAM     7.0   0.7   60  175 1977  6 16  6  5 DEBBY       7.0   1.2   44  174
[9]: 1964 11 12 18 13 GORDON      7.2   0.5   24  612 1954 10 12 12  6 LESLIE      7.3   5.6   61  515
[8]: 1964 11 12 18 13 GORDON      7.2   0.5   24  612 1951  8 27 18 23 VALERIE     7.0   0.6  150  688
[6]: 1953  1 14  0 23 TONY        7.0   0.2   25  885 1964 12  2 18 20 TONY        7.3   0.7   45  849
[4]: 1953  3 28  0 20 OSCAR       7.1   0.4   68  869 1977  6 16  6  5 DEBBY       7.0   1.2   44  174
[1]: 1999 11 25 18  3 ALBERTO     7.0   0.9   63  809 1953  1 14  0 23 TONY        7.0   0.2   25  885
