[4]: 87.630707 132.432159
[4]: 127.893425 126.836334
[4]: 126.183403 117.904129
[4]: 170.670059 173.930054
[4]: 128.144897 124.594322
[4]: 127.149467 126.765602
[4]: 127.272003 122.387993
[4]: 127.081078 126.389420
[4]: 127.249901 111.252876
[4]: 128.995422 123.659187
[4]: 129.195374 133.923080
[4]: 128.029037 128.397034
[4]: 125.526810 127.930695
[4]: 127.930496 122.162163
[4]: 125.979797 123.592026
[4]: 130.588470 132.753708
[4]: 125.870735 118.670052
[4]: 63.261082 67.263580
[4]: 125.199753 125.855522
[4]: 128.408401 131.628586
[4]: 130.422714 130.921097
[4]: 128.683990 113.843704
[4]: 127.965088 117.078583
[4]: 126.235580 123.219727
[4]: 127.982872 128.845459
[4]: 127.277496 137.093811
[4]: 128.858444 133.075012
[4]: 127.761932 118.086906
[4]: 125.623444 129.906662
[4]: 126.166077 74.227898
[4]: 127.068329 133.324158
[4]: 172.712311 140.945679
[4]: 127.161697 131.868683
[4]: 126.013275 128.115768
[3]: 171.066223 129.667557
[3]: 125.362617 129.926086
[3]: 125.813423 127.448074
[3]: 87.393677 60.540619
[3]: 129.449112 131.771637
[3]: 126.856224 126.479179
[3]: 130.379028 135.141663
[3]: 127.449837 130.633560
[3]: 126.244667 135.352875
[3]: 123.545174 125.978561
[3]: 124.811409 119.108917
[3]: 128.536407 127.657806
[3]: 128.148361 128.203644
[3]: 127.511383 132.660767
[3]: 127.695549 129.234131
[3]: 131.416122 131.750046
[3]: 127.725319 132.714172
[3]: 126.367767 155.685638
[3]: 126.137825 124.603302
[3]: 125.747444 122.442459
[3]: 127.766273 124.990410
[3]: 125.945770 136.959061
[3]: 125.136940 132.554504
[3]: 127.666107 128.384995
[3]: 130.157288 129.326920
[3]: 124.862663 120.673088
[3]: 127.092766 128.321609
[3]: 126.030411 128.891006
[3]: 127.870461 125.635117
[3]: 53.722343 64.354279
[3]: 130.202026 128.957504
[3]: 83.420311 117.774368
[3]: 128.556366 124.986511
[3]: 125.229301 121.671371
[2]: 161.030670 127.894775
[2]: 129.019669 136.264862
[2]: 131.502930 137.254089
[2]: 86.827919 113.327965
[2]: 126.169151 139.689117
[2]: 116.185394 126.364342
[2]: 129.667648 130.981094
[2]: 136.383087 128.233978
[2]: 149.295044 143.741364
[2]: 132.376541 136.178146
[2]: 112.296852 114.198883
[2]: 137.855560 130.096924
[2]: 141.784149 122.856323
[2]: 130.493546 141.394409
[2]: 141.859894 131.694214
[2]: 129.016037 125.654327
[2]: 132.598038 135.343277
[2]: 125.012505 68.268845
[2]: 133.400238 129.859833
[2]: 125.391464 117.726288
[2]: 126.430199 129.149658
[2]: 131.607529 144.983566
[2]: 121.362617 140.783249
[2]: 153.079483 136.607025
[2]: 123.471352 122.202629
[2]: 122.633545 115.770721
[2]: 106.238655 127.232552
[2]: 123.148476 141.488953
[2]: 127.334778 117.123810
[2]: 179.580795 187.028641
[2]: 116.535805 115.487915
[2]: 81.725441 115.701958
[2]: 155.228973 126.823853
[2]: 94.543976 119.795769
[1]: 83.207314 124.435265
[1]: 126.838943 126.022057
[1]: 129.739243 136.218262
[1]: 171.100098 195.582352
[1]: 128.311035 128.496063
[1]: 127.224182 127.885963
[1]: 127.132256 126.182396
[1]: 126.516113 126.707695
[1]: 127.421150 139.348587
[1]: 125.237427 128.695145
[1]: 126.856804 120.969055
[1]: 127.058647 129.116302
[1]: 129.610077 129.162750
[1]: 125.885605 133.181931
[1]: 127.846588 133.151993
[1]: 124.283752 118.258011
[1]: 129.559402 134.611816
[1]: 191.813309 191.817841
[1]: 129.493912 132.786499
[1]: 125.742073 122.490532
[1]: 124.118484 125.744560
[1]: 127.206787 135.743011
[1]: 127.348007 140.021667
[1]: 128.142609 134.113419
[1]: 127.603760 129.365189
[1]: 128.440323 119.186768
[1]: 126.891602 122.164551
[1]: 127.968765 136.165558
[1]: 129.602829 127.482735
[1]: 125.736412 131.550781
[1]: 129.084412 119.676590
[1]: 167.851395 117.413986
[1]: 127.755386 126.122925
[1]: 129.447647 130.843796
[0]: 172.205414 124.891190
[0]: 128.916595 117.632103
[0]: 123.363747 117.247887
[0]: 84.293144 91.521843
[0]: 128.468933 115.437042
[0]: 140.396576 129.795883
[0]: 121.595482 121.578682
[0]: 118.886559 123.861870
[0]: 104.865501 103.972305
[0]: 126.753922 121.032570
[0]: 145.159058 151.454742
[0]: 118.271675 124.158813
[0]: 114.072670 131.248230
[0]: 124.773842 105.238052
[0]: 111.865089 117.011108
[0]: 122.021675 130.063766
[0]: 122.752274 116.268654
[0]: 133.989166 155.970764
[0]: 123.940445 124.307205
[0]: 129.315552 141.321823
[0]: 129.429184 127.129501
[0]: 125.793556 105.662453
[0]: 137.105072 105.882210
[0]: 99.926094 112.333275
[0]: 125.803986 126.447815
[0]: 135.912155 147.295670
[0]: 150.822144 128.576889
[0]: 133.602905 112.386185
[0]: 127.874176 138.924698
[0]: 173.693954 185.904358
[0]: 136.964600 143.981277
[0]: 95.143478 146.401062
[0]: 97.887177 127.767845
[0]: 162.881805 137.356873
