[4]: 0.000000 132.432159
[4]: 0.000000 126.836334
[4]: 0.000000 117.904129
[4]: -6182297314991974800451724357140480.000000 173.930054
[4]: 0.000000 124.594322
[4]: 0.000000 126.765602
[4]: 0.000000 122.387993
[4]: 0.000000 126.389420
[4]: 0.000000 111.252876
[4]: 0.000000 123.659187
[4]: 0.000000 133.923080
[4]: -6182297314991974800451724357140480.000000 128.397034
[4]: 0.000000 127.930695
[4]: -6182297314991974800451724357140480.000000 122.162163
[4]: 0.000000 123.592026
[4]: 0.000000 132.753708
[4]: 0.000000 118.670052
[4]: 0.000000 67.263580
[4]: 0.000000 125.855522
[4]: 0.000000 131.628586
[4]: 0.000000 130.921097
[4]: 0.000000 113.843704
[4]: 0.000000 117.078583
[4]: 0.000000 123.219727
[4]: 0.000000 128.845459
[4]: 0.000000 137.093811
[4]: 0.000000 133.075012
[4]: 0.000000 118.086906
[4]: 0.000000 129.906662
[4]: 0.000000 74.227898
[4]: 0.000000 133.324158
[4]: 0.000000 140.945679
[4]: 0.000000 131.868683
[4]: 0.000000 128.115768
[3]: 0.000000 129.667557
[3]: 0.000000 129.926086
[3]: 0.000000 127.448074
[3]: -6182297314991974800451724357140480.000000 60.540619
[3]: 0.000000 131.771637
[3]: 0.000000 126.479179
[3]: 0.000000 135.141663
[3]: 0.000000 130.633560
[3]: 0.000000 135.352875
[3]: 0.000000 125.978561
[3]: 0.000000 119.108917
[3]: -6182297314991974800451724357140480.000000 127.657806
[3]: 0.000000 128.203644
[3]: -6182297314991974800451724357140480.000000 132.660767
[3]: 0.000000 129.234131
[3]: 0.000000 131.750046
[3]: 0.000000 132.714172
[3]: 0.000000 155.685638
[3]: 0.000000 124.603302
[3]: 0.000000 122.442459
[3]: 0.000000 124.990410
[3]: 0.000000 136.959061
[3]: 0.000000 132.554504
[3]: 0.000000 128.384995
[3]: 0.000000 129.326920
[3]: 0.000000 120.673088
[3]: 0.000000 128.321609
[3]: 0.000000 128.891006
[3]: 0.000000 125.635117
[3]: 0.000000 64.354279
[3]: 0.000000 128.957504
[3]: 0.000000 117.774368
[3]: 0.000000 124.986511
[3]: 0.000000 121.671371
[2]: 0.000000 127.894775
[2]: 0.000000 136.264862
[2]: 0.000000 137.254089
[2]: -6182297314991974800451724357140480.000000 113.327965
[2]: 0.000000 139.689117
[2]: 0.000000 126.364342
[2]: 0.000000 130.981094
[2]: 0.000000 128.233978
[2]: 0.000000 143.741364
[2]: 0.000000 136.178146
[2]: 0.000000 114.198883
[2]: -6182297314991974800451724357140480.000000 130.096924
[2]: 0.000000 122.856323
[2]: -6182297314991974800451724357140480.000000 141.394409
[2]: 0.000000 131.694214
[2]: 0.000000 125.654327
[2]: 0.000000 135.343277
[2]: 0.000000 68.268845
[2]: 0.000000 129.859833
[2]: 0.000000 117.726288
[2]: 0.000000 129.149658
[2]: 0.000000 144.983566
[2]: 0.000000 140.783249
[2]: 0.000000 136.607025
[2]: 0.000000 122.202629
[2]: 0.000000 115.770721
[2]: 0.000000 127.232552
[2]: 0.000000 141.488953
[2]: 0.000000 117.123810
[2]: 0.000000 187.028641
[2]: 0.000000 115.487915
[2]: 0.000000 115.701958
[2]: 0.000000 126.823853
[2]: 0.000000 119.795769
[1]: 0.000000 124.435265
[1]: 0.000000 126.022057
[1]: 0.000000 136.218262
[1]: -6182297314991974800451724357140480.000000 195.582352
[1]: 0.000000 128.496063
[1]: 0.000000 127.885963
[1]: 0.000000 126.182396
[1]: 0.000000 126.707695
[1]: 0.000000 139.348587
[1]: 0.000000 128.695145
[1]: 0.000000 120.969055
[1]: -6182297314991974800451724357140480.000000 129.116302
[1]: 0.000000 129.162750
[1]: -6182297314991974800451724357140480.000000 133.181931
[1]: 0.000000 133.151993
[1]: 0.000000 118.258011
[1]: 0.000000 134.611816
[1]: 0.000000 191.817841
[1]: 0.000000 132.786499
[1]: 0.000000 122.490532
[1]: 0.000000 125.744560
[1]: 0.000000 135.743011
[1]: 0.000000 140.021667
[1]: 0.000000 134.113419
[1]: 0.000000 129.365189
[1]: 0.000000 119.186768
[1]: 0.000000 122.164551
[1]: 0.000000 136.165558
[1]: 0.000000 127.482735
[1]: 0.000000 131.550781
[1]: 0.000000 119.676590
[1]: 0.000000 117.413986
[1]: 0.000000 126.122925
[1]: 0.000000 130.843796
[0]: 0.000000 124.891190
[0]: 0.000000 117.632103
[0]: 0.000000 117.247887
[0]: -6182297314991974800451724357140480.000000 91.521843
[0]: 0.000000 115.437042
[0]: 0.000000 129.795883
[0]: 0.000000 121.578682
[0]: 0.000000 123.861870
[0]: 0.000000 103.972305
[0]: 0.000000 121.032570
[0]: 0.000000 151.454742
[0]: -6182297314991974800451724357140480.000000 124.158813
[0]: 0.000000 131.248230
[0]: -6182297314991974800451724357140480.000000 105.238052
[0]: 0.000000 117.011108
[0]: 0.000000 130.063766
[0]: 0.000000 116.268654
[0]: 0.000000 155.970764
[0]: 0.000000 124.307205
[0]: 0.000000 141.321823
[0]: 0.000000 127.129501
[0]: 0.000000 105.662453
[0]: 0.000000 105.882210
[0]: 0.000000 112.333275
[0]: 0.000000 126.447815
[0]: 0.000000 147.295670
[0]: 0.000000 128.576889
[0]: 0.000000 112.386185
[0]: 0.000000 138.924698
[0]: 0.000000 185.904358
[0]: 0.000000 143.981277
[0]: 0.000000 146.401062
[0]: 0.000000 127.767845
[0]: 0.000000 137.356873
