[4]: 89.461662 132.432159
[4]: 129.269043 126.836334
[4]: 126.616936 117.904129
[4]: 176.888794 173.930054
[4]: 132.476730 124.594322
[4]: 130.199982 126.765602
[4]: 127.959702 122.387993
[4]: 132.722061 126.389420
[4]: 131.860672 111.252876
[4]: 132.155762 123.659187
[4]: 125.229225 133.923080
[4]: 127.834785 128.397034
[4]: 127.156319 127.930695
[4]: 136.776535 122.162163
[4]: 125.878777 123.592026
[4]: 131.613815 132.753708
[4]: 132.170334 118.670052
[4]: 59.873409 67.263580
[4]: 129.176987 125.855522
[4]: 125.375534 131.628586
[4]: 132.734634 130.921097
[4]: 132.272888 113.843704
[4]: 133.791840 117.078583
[4]: 135.237167 123.219727
[4]: 127.052399 128.845459
[4]: 122.658119 137.093811
[4]: 125.429054 133.075012
[4]: 131.194138 118.086906
[4]: 121.450928 129.906662
[4]: 124.741608 74.227898
[4]: 124.264565 133.324158
[4]: 168.304306 140.945679
[4]: 130.294693 131.868683
[4]: 120.891594 128.115768
[3]: 170.934250 129.667557
[3]: 126.268288 129.926086
[3]: 126.062378 127.448074
[3]: 87.967300 60.540619
[3]: 130.216873 131.771637
[3]: 128.201126 126.479179
[3]: 129.587448 135.141663
[3]: 128.302063 130.633560
[3]: 127.029808 135.352875
[3]: 125.169571 125.978561
[3]: 124.698402 119.108917
[3]: 128.662064 127.657806
[3]: 127.132629 128.203644
[3]: 129.338058 132.660767
[3]: 126.969315 129.234131
[3]: 130.385910 131.750046
[3]: 128.111023 132.714172
[3]: 126.756073 155.685638
[3]: 126.906128 124.603302
[3]: 126.184647 122.442459
[3]: 127.389412 124.990410
[3]: 128.082169 136.959061
[3]: 128.073349 132.554504
[3]: 128.113983 128.384995
[3]: 129.116684 129.326920
[3]: 124.145546 120.673088
[3]: 128.682861 128.321609
[3]: 127.712807 128.891006
[3]: 127.801628 125.635117
[3]: 61.974430 64.354279
[3]: 129.238876 128.957504
[3]: 82.714081 117.774368
[3]: 128.371445 124.986511
[3]: 124.913261 121.671371
[2]: 168.620071 127.894775
[2]: 129.796814 136.264862
[2]: 130.574249 137.254089
[2]: 86.162659 113.327965
[2]: 129.659485 139.689117
[2]: 129.214554 126.364342
[2]: 128.085159 130.981094
[2]: 131.787125 128.233978
[2]: 131.172974 143.741364
[2]: 131.558899 136.178146
[2]: 124.659828 114.198883
[2]: 128.180511 130.096924
[2]: 131.709564 122.856323
[2]: 132.653625 141.394409
[2]: 129.395416 131.694214
[2]: 125.895584 125.654327
[2]: 134.912262 135.343277
[2]: 128.320007 68.268845
[2]: 131.245590 129.859833
[2]: 124.325310 117.726288
[2]: 130.143341 129.149658
[2]: 129.445007 144.983566
[2]: 132.935547 140.783249
[2]: 132.978302 136.607025
[2]: 125.057053 122.202629
[2]: 126.166351 115.770721
[2]: 123.593079 127.232552
[2]: 129.668335 141.488953
[2]: 123.677963 117.123810
[2]: 191.516006 187.028641
[2]: 124.037598 115.487915
[2]: 82.208763 115.701958
[2]: 129.235199 126.823853
[2]: 124.991562 119.795769
[1]: 83.708229 124.435265
[1]: 127.852905 126.022057
[1]: 136.473282 136.218262
[1]: 178.479538 195.582352
[1]: 132.531631 128.496063
[1]: 128.259109 127.885963
[1]: 130.656631 126.182396
[1]: 132.002243 126.707695
[1]: 133.789490 139.348587
[1]: 129.735901 128.695145
[1]: 119.111008 120.969055
[1]: 126.717056 129.116302
[1]: 134.159103 129.162750
[1]: 135.279770 133.181931
[1]: 132.144348 133.151993
[1]: 122.021255 118.258011
[1]: 141.826233 134.611816
[1]: 192.453873 191.817841
[1]: 133.621964 132.786499
[1]: 120.819817 122.490532
[1]: 126.213516 125.744560
[1]: 130.625305 135.743011
[1]: 136.128342 140.021667
[1]: 137.505875 134.113419
[1]: 128.351120 129.365189
[1]: 120.979248 119.186768
[1]: 121.963829 122.164551
[1]: 132.569626 136.165558
[1]: 125.464539 127.482735
[1]: 121.111763 131.550781
[1]: 124.833733 119.676590
[1]: 160.935410 117.413986
[1]: 129.310608 126.122925
[1]: 124.516373 130.843796
[0]: 103.731010 124.891190
[0]: 122.656540 117.632103
[0]: 113.119476 117.247887
[0]: 122.241104 91.521843
[0]: 110.356949 115.437042
[0]: 118.138519 129.795883
[0]: 117.069031 121.578682
[0]: 103.704491 123.861870
[0]: 104.897865 103.972305
[0]: 112.991158 121.032570
[0]: 151.810135 151.454742
[0]: 128.149063 124.158813
[0]: 115.135910 131.248230
[0]: 90.678528 105.238052
[0]: 118.494331 117.011108
[0]: 127.904442 130.063766
[0]: 89.882568 116.268654
[0]: 136.747681 155.970764
[0]: 111.958626 124.307205
[0]: 142.672638 141.321823
[0]: 118.276237 127.129501
[0]: 114.455681 105.662453
[0]: 97.930061 105.882210
[0]: 90.619698 112.333275
[0]: 126.591927 126.447815
[0]: 152.322372 147.295670
[0]: 144.769669 128.576889
[0]: 112.497849 112.386185
[0]: 145.640778 138.924698
[0]: 146.403656 185.904358
[0]: 142.257645 143.981277
[0]: 172.058823 146.401062
[0]: 116.778282 127.767845
[0]: 148.734756 137.356873
