[19]: 1999  8 27  6 15 FLORENCE    7.1   5.2  125  119 2003 10 15 18  7 GORDON      7.0   5.5   96  195
[15]: 1978 12 14  0  5 JOYCE       7.1   4.3   43  618 1970  1 28 12 11 ISAAC       7.0   6.0   78   92
[13]: 2003 10 15 18  7 GORDON      7.0   5.5   96  195 1977  3 26 18 22 TONY        7.3   5.1   89   15
[12]: 1964  6 25 12  9 ISAAC       7.1   5.8  132  283 1962  1 15  0 20 OSCAR       7.2   4.7   94  108
[11]: 1970  1 28 12 11 ISAAC       7.0   6.0   78   92 1999  8 27  6 15 FLORENCE    7.1   5.2  125  119
[10]: 1962  1 15  0 20 OSCAR       7.2   4.7   94  108 1977  3 26 18 22 TONY        7.3   5.1   89   15
[9]: 1975  9 11  6 10 ALBERTO     7.2   5.5   37  230 1964  6 25 12  9 ISAAC       7.1   5.8  132  283
[7]: 2003 10 15 18  7 GORDON      7.0   5.5   96  195 1970  1 28 12 11 ISAAC       7.0   6.0   78   92
[5]: 1978 12 14  0  5 JOYCE       7.1   4.3   43  618 2003 10 15 18  7 GORDON      7.0   5.5   96  195
[4]: 1962  1 15  0 20 OSCAR       7.2   4.7   94  108 1975  9 11  6 10 ALBERTO     7.2   5.5   37  230
[2]: 1970  1 28 12 11 ISAAC       7.0   6.0   78   92 1962  1 15  0 20 OSCAR       7.2   4.7   94  108
