[19]: 1982  5 20 12  2 JOYCE      19.9   4.9  147  547 1983  6 22  0 14 GORDON      7.1   5.8  130  838
[18]: 1960  3 21  0 26 BERYL      19.9   4.8   50  335 2003  1 19  6  4 RAFAEL     19.5   5.4  153  850
[17]: 2004 12 18 18 20 GORDON     19.8   4.8   78  466 1994  7  1 18 28 RAFAEL      7.0   5.1   47  135
[16]: 1960  7  2  6 20 RAFAEL     19.7   4.8  147   50 1989  9  9  6 13 CHRIS       7.0   4.6   21  602
[15]: 1963  2  4 18 12 RAFAEL     20.0   5.0   81  556 1985  9 28  0  6 FLORENCE    7.1   5.4   48  753
[14]: 2004  8  2  6 23 PATTY      20.0   5.2  128  212 1993  1 18  0 27 VALERIE     7.3   5.2   66  431
[13]: 1967 10  4 12  7 MICHAEL    19.8   4.9  143  472 1998  2 22  0 27 DEBBY      18.1   4.8   99   19
[12]: 1967 10  4 12  7 MICHAEL    19.8   4.9  143  472 1984  5 21  6  4 JOYCE      19.1   4.2   19  307
[11]: 1963  2  4 18 12 RAFAEL     20.0   5.0   81  556 1952  3 21 18 10 DEBBY       7.1   5.7   77  178
[10]: 2004  8  2  6 23 PATTY      20.0   5.2  128  212 1998  2 22  0 27 DEBBY      18.1   4.8   99   19
[9]: 1960  7  2  6 20 RAFAEL     19.7   4.8  147   50 1998  2 22  0 27 DEBBY      18.1   4.8   99   19
[8]: 1976 10 22  0  3 CHRIS      20.2   4.7   57  245 1978 12  1  6  4 ALBERTO     7.1   4.7   21  674
[7]: 1955  1 11 18 10 NADINE     19.9   5.2   72   75 1984  5 21  6  4 JOYCE      19.1   4.2   19  307
[6]: 2004  8  2  6 23 PATTY      20.0   5.2  128  212 1961  9 20 18  5 ISAAC       7.3   4.7  142   35
[5]: 1982  5 20 12  2 JOYCE      19.9   4.9  147  547 1999  8 15 18 25 BERYL       7.0   4.2  101   90
[4]: 1955  1 11 18 10 NADINE     19.9   5.2   72   75 1983  5  8 12  1 ALBERTO     7.1   4.5  121  234
[3]: 1960  3 21  0 26 BERYL      19.9   4.8   50  335 1987  5  9  6  7 PATTY       7.0   4.3   52  385
[2]: 1960  7  2  6 20 RAFAEL     19.7   4.8  147   50 2003  1 19  6  4 RAFAEL     19.5   5.4  153  850
[1]: 2004 12 18 18 20 GORDON     19.8   4.8   78  466 2000 10 11  0 20 OSCAR       7.1   4.6   65  547
[0]: 1963  2  4 18 12 RAFAEL     20.0   5.0   81  556 1995  5 22  6 14 ERNESTO     7.1   4.9   53  190
