[4]: 133.695618 132.432159
[4]: 126.056694 126.836334
[4]: 116.801971 117.904129
[4]: 172.802139 173.930054
[4]: 126.405846 124.594322
[4]: 126.521591 126.765602
[4]: 122.156258 122.387993
[4]: 128.006638 126.389420
[4]: 113.422974 111.252876
[4]: 123.200157 123.659187
[4]: 134.810577 133.923080
[4]: 128.970398 128.397034
[4]: 129.155396 127.930695
[4]: 123.052589 122.162163
[4]: 125.177101 123.592026
[4]: 134.336990 132.753708
[4]: 120.328072 118.670052
[4]: 67.265373 67.263580
[4]: 125.282829 125.855522
[4]: 130.757446 131.628586
[4]: 129.921204 130.921097
[4]: 113.572525 113.843704
[4]: 117.234344 117.078583
[4]: 122.175842 123.219727
[4]: 127.695305 128.845459
[4]: 136.895142 137.093811
[4]: 135.703201 133.075012
[4]: 118.016190 118.086906
[4]: 130.737152 129.906662
[4]: 73.107780 74.227898
[4]: 134.289062 133.324158
[4]: 139.122543 140.945679
[4]: 132.019501 131.868683
[4]: 130.068146 128.115768
[3]: 126.730820 129.667557
[3]: 129.161392 129.926086
[3]: 127.378052 127.448074
[3]: 60.814484 60.540619
[3]: 132.092087 131.771637
[3]: 127.368530 126.479179
[3]: 135.186768 135.141663
[3]: 129.591583 130.633560
[3]: 134.364548 135.352875
[3]: 126.207756 125.978561
[3]: 117.326462 119.108917
[3]: 126.051743 127.657806
[3]: 127.204636 128.203644
[3]: 131.988052 132.660767
[3]: 128.855927 129.234131
[3]: 130.332245 131.750046
[3]: 132.906036 132.714172
[3]: 158.577698 155.685638
[3]: 124.157578 124.603302
[3]: 124.148361 122.442459
[3]: 125.845940 124.990410
[3]: 137.859985 136.959061
[3]: 131.680786 132.554504
[3]: 130.726456 128.384995
[3]: 130.152573 129.326920
[3]: 120.967300 120.673088
[3]: 125.870834 128.321609
[3]: 129.690628 128.891006
[3]: 125.560059 125.635117
[3]: 65.135330 64.354279
[3]: 129.184189 128.957504
[3]: 121.545616 117.774368
[3]: 125.809494 124.986511
[3]: 121.434868 121.671371
[2]: 126.518242 127.894775
[2]: 137.241119 136.264862
[2]: 136.523254 137.254089
[2]: 111.660904 113.327965
[2]: 138.483032 139.689117
[2]: 126.302376 126.364342
[2]: 129.098450 130.981094
[2]: 128.042053 128.233978
[2]: 141.386963 143.741364
[2]: 137.913254 136.178146
[2]: 114.045006 114.198883
[2]: 128.333679 130.096924
[2]: 122.411903 122.856323
[2]: 140.143295 141.394409
[2]: 131.415726 131.694214
[2]: 125.357498 125.654327
[2]: 133.851120 135.343277
[2]: 67.300781 68.268845
[2]: 130.930786 129.859833
[2]: 117.134857 117.726288
[2]: 131.033371 129.149658
[2]: 145.421783 144.983566
[2]: 141.720810 140.783249
[2]: 137.985977 136.607025
[2]: 123.649277 122.202629
[2]: 115.703918 115.770721
[2]: 125.111839 127.232552
[2]: 140.633270 141.488953
[2]: 116.623703 117.123810
[2]: 185.843475 187.028641
[2]: 115.548828 115.487915
[2]: 116.490601 115.701958
[2]: 126.298309 126.823853
[2]: 118.554405 119.795769
[1]: 126.434830 124.435265
[1]: 126.935135 126.022057
[1]: 137.241638 136.218262
[1]: 196.332169 195.582352
[1]: 127.094650 128.496063
[1]: 127.688446 127.885963
[1]: 126.490746 126.182396
[1]: 126.187279 126.707695
[1]: 138.148941 139.348587
[1]: 128.558258 128.695145
[1]: 120.540672 120.969055
[1]: 130.494247 129.116302
[1]: 128.467484 129.162750
[1]: 133.458786 133.181931
[1]: 132.885208 133.151993
[1]: 118.542152 118.258011
[1]: 133.992218 134.611816
[1]: 190.712082 191.817841
[1]: 133.132446 132.786499
[1]: 123.209053 122.490532
[1]: 125.901459 125.744560
[1]: 136.665573 135.743011
[1]: 139.779358 140.021667
[1]: 133.362656 134.113419
[1]: 128.947510 129.365189
[1]: 119.391350 119.186768
[1]: 121.444778 122.164551
[1]: 134.950928 136.165558
[1]: 126.306892 127.482735
[1]: 132.793198 131.550781
[1]: 118.660210 119.676590
[1]: 116.067970 117.413986
[1]: 125.756958 126.122925
[1]: 129.198792 130.843796
[0]: 125.994400 124.891190
[0]: 117.179153 117.632103
[0]: 118.112572 117.247887
[0]: 92.708611 91.521843
[0]: 115.866837 115.437042
[0]: 129.387085 129.795883
[0]: 123.460464 121.578682
[0]: 124.013092 123.861870
[0]: 106.417999 103.972305
[0]: 119.505165 121.032570
[0]: 153.277008 151.454742
[0]: 125.648491 124.158813
[0]: 132.296295 131.248230
[0]: 105.878380 105.238052
[0]: 116.214729 117.011108
[0]: 129.933685 130.063766
[0]: 116.478119 116.268654
[0]: 155.514725 155.970764
[0]: 123.845566 124.307205
[0]: 140.342804 141.321823
[0]: 125.045563 127.129501
[0]: 103.325928 105.662453
[0]: 105.766495 105.882210
[0]: 110.101547 112.333275
[0]: 125.681313 126.447815
[0]: 147.172775 147.295670
[0]: 131.501892 128.576889
[0]: 113.736259 112.386185
[0]: 140.035919 138.924698
[0]: 186.687073 185.904358
[0]: 143.878387 143.981277
[0]: 144.981735 146.401062
[0]: 127.652107 127.767845
[0]: 138.708527 137.356873
