[4]: 132.674118 132.432159
[4]: 127.060699 126.836334
[4]: 117.664131 117.904129
[4]: 173.554153 173.930054
[4]: 124.870583 124.594322
[4]: 126.618660 126.765602
[4]: 122.161789 122.387993
[4]: 126.379753 126.389420
[4]: 111.306595 111.252876
[4]: 123.619057 123.659187
[4]: 133.775375 133.923080
[4]: 128.355637 128.397034
[4]: 128.277557 127.930695
[4]: 122.170990 122.162163
[4]: 123.825676 123.592026
[4]: 133.101410 132.753708
[4]: 118.837105 118.670052
[4]: 67.098549 67.263580
[4]: 125.541222 125.855522
[4]: 131.734116 131.628586
[4]: 130.524155 130.921097
[4]: 113.784576 113.843704
[4]: 117.087440 117.078583
[4]: 123.305878 123.219727
[4]: 128.770294 128.845459
[4]: 137.386414 137.093811
[4]: 133.350555 133.075012
[4]: 118.172501 118.086906
[4]: 130.326752 129.906662
[4]: 74.088470 74.227898
[4]: 133.463699 133.324158
[4]: 140.460999 140.945679
[4]: 131.939941 131.868683
[4]: 128.313339 128.115768
[3]: 129.620117 129.667557
[3]: 129.924530 129.926086
[3]: 127.466591 127.448074
[3]: 60.601093 60.540619
[3]: 131.881561 131.771637
[3]: 126.735359 126.479179
[3]: 135.195862 135.141663
[3]: 130.613174 130.633560
[3]: 135.338394 135.352875
[3]: 125.901443 125.978561
[3]: 118.856766 119.108917
[3]: 127.781990 127.657806
[3]: 128.068848 128.203644
[3]: 132.676178 132.660767
[3]: 129.034622 129.234131
[3]: 131.667450 131.750046
[3]: 132.674393 132.714172
[3]: 155.869629 155.685638
[3]: 124.558983 124.603302
[3]: 122.455673 122.442459
[3]: 125.127098 124.990410
[3]: 137.021057 136.959061
[3]: 132.625885 132.554504
[3]: 128.349319 128.384995
[3]: 129.320236 129.326920
[3]: 120.645149 120.673088
[3]: 128.155396 128.321609
[3]: 128.962418 128.891006
[3]: 125.533409 125.635117
[3]: 64.387917 64.354279
[3]: 129.005219 128.957504
[3]: 117.989082 117.774368
[3]: 125.064796 124.986511
[3]: 121.642807 121.671371
[2]: 127.595673 127.894775
[2]: 136.366180 136.264862
[2]: 137.409195 137.254089
[2]: 113.398422 113.327965
[2]: 139.544769 139.689117
[2]: 126.374718 126.364342
[2]: 130.935760 130.981094
[2]: 128.164215 128.233978
[2]: 143.599106 143.741364
[2]: 136.230286 136.178146
[2]: 114.466087 114.198883
[2]: 130.018677 130.096924
[2]: 122.630943 122.856323
[2]: 141.463928 141.394409
[2]: 131.744247 131.694214
[2]: 125.291817 125.654327
[2]: 134.947250 135.343277
[2]: 68.211296 68.268845
[2]: 129.988907 129.859833
[2]: 117.623924 117.726288
[2]: 129.496964 129.149658
[2]: 144.797791 144.983566
[2]: 140.754547 140.783249
[2]: 136.651367 136.607025
[2]: 122.239548 122.202629
[2]: 115.635574 115.770721
[2]: 127.046600 127.232552
[2]: 141.475815 141.488953
[2]: 117.008934 117.123810
[2]: 187.082184 187.028641
[2]: 115.380943 115.487915
[2]: 115.989868 115.701958
[2]: 126.712975 126.823853
[2]: 119.721596 119.795769
[1]: 124.409225 124.435265
[1]: 125.768204 126.022057
[1]: 136.272324 136.218262
[1]: 195.711960 195.582352
[1]: 128.290222 128.496063
[1]: 127.856567 127.885963
[1]: 126.392738 126.182396
[1]: 126.894524 126.707695
[1]: 139.288971 139.348587
[1]: 128.811844 128.695145
[1]: 121.154091 120.969055
[1]: 129.078796 129.116302
[1]: 128.912109 129.162750
[1]: 133.112793 133.181931
[1]: 133.142578 133.151993
[1]: 117.953560 118.258011
[1]: 134.600037 134.611816
[1]: 191.630295 191.817841
[1]: 132.961502 132.786499
[1]: 122.660782 122.490532
[1]: 125.854622 125.744560
[1]: 135.805771 135.743011
[1]: 139.924698 140.021667
[1]: 134.042633 134.113419
[1]: 129.295731 129.365189
[1]: 119.082527 119.186768
[1]: 122.076309 122.164551
[1]: 135.891022 136.165558
[1]: 127.201538 127.482735
[1]: 131.535080 131.550781
[1]: 119.608353 119.676590
[1]: 117.678360 117.413986
[1]: 126.003036 126.122925
[1]: 130.569855 130.843796
[0]: 125.039116 124.891190
[0]: 117.555206 117.632103
[0]: 117.223213 117.247887
[0]: 91.461655 91.521843
[0]: 115.383430 115.437042
[0]: 129.695572 129.795883
[0]: 121.573860 121.578682
[0]: 123.760780 123.861870
[0]: 104.084557 103.972305
[0]: 120.964569 121.032570
[0]: 151.446762 151.454742
[0]: 124.185638 124.158813
[0]: 131.539719 131.248230
[0]: 105.171776 105.238052
[0]: 116.906799 117.011108
[0]: 130.531326 130.063766
[0]: 116.535431 116.268654
[0]: 156.048782 155.970764
[0]: 124.346802 124.307205
[0]: 141.145157 141.321823
[0]: 126.920151 127.129501
[0]: 105.737251 105.662453
[0]: 105.871788 105.882210
[0]: 112.274567 112.333275
[0]: 126.567101 126.447815
[0]: 147.317963 147.295670
[0]: 128.776184 128.576889
[0]: 112.489471 112.386185
[0]: 139.029358 138.924698
[0]: 186.016693 185.904358
[0]: 144.008469 143.981277
[0]: 146.141388 146.401062
[0]: 127.862030 127.767845
[0]: 137.558975 137.356873
