[4]: 132.432159 133.715347
[4]: 126.836334 126.362122
[4]: 117.904129 116.556389
[4]: 173.930054 172.823074
[4]: 124.594322 126.490662
[4]: 126.765602 126.353218
[4]: 122.387993 122.161873
[4]: 126.389420 128.183472
[4]: 111.252876 113.349281
[4]: 123.659187 123.225945
[4]: 133.923080 134.890137
[4]: 128.397034 128.790604
[4]: 127.930695 129.284256
[4]: 122.162163 122.934906
[4]: 123.592026 125.164162
[4]: 132.753708 134.132156
[4]: 118.670052 120.214592
[4]: 67.263580 67.435417
[4]: 125.855522 125.324928
[4]: 131.628586 130.768463
[4]: 130.921097 129.984787
[4]: 113.843704 113.542435
[4]: 117.078583 117.019073
[4]: 123.219727 122.077866
[4]: 128.845459 127.714317
[4]: 137.093811 137.109940
[4]: 133.075012 135.478836
[4]: 118.086906 118.313263
[4]: 129.906662 130.663574
[4]: 74.227898 73.119553
[4]: 133.324158 134.062653
[4]: 140.945679 138.884705
[4]: 131.868683 131.908188
[4]: 128.115768 129.806839
[3]: 129.667557 126.866852
[3]: 129.926086 129.032471
[3]: 127.448074 127.450867
[3]: 60.540619 60.884960
[3]: 131.771637 132.102005
[3]: 126.479179 127.545303
[3]: 135.141663 135.276596
[3]: 130.633560 129.453995
[3]: 135.352875 134.366653
[3]: 125.978561 126.191444
[3]: 119.108917 117.319130
[3]: 127.657806 126.331535
[3]: 128.203644 127.077263
[3]: 132.660767 132.028488
[3]: 129.234131 128.586975
[3]: 131.750046 130.578873
[3]: 132.714172 133.089355
[3]: 155.685638 158.735657
[3]: 124.603302 124.110825
[3]: 122.442459 124.113716
[3]: 124.990410 125.921173
[3]: 136.959061 137.852188
[3]: 132.554504 131.795059
[3]: 128.384995 130.640060
[3]: 129.326920 130.433304
[3]: 120.673088 120.764610
[3]: 128.321609 126.063454
[3]: 128.891006 129.505508
[3]: 125.635117 125.492706
[3]: 64.354279 65.168030
[3]: 128.957504 129.127686
[3]: 117.774368 121.511513
[3]: 124.986511 125.910088
[3]: 121.671371 121.529716
[2]: 127.894775 126.873047
[2]: 136.264862 137.067551
[2]: 137.254089 136.737946
[2]: 113.327965 111.468941
[2]: 139.689117 138.513580
[2]: 126.364342 126.704086
[2]: 130.981094 129.057816
[2]: 128.233978 128.297348
[2]: 143.741364 141.881195
[2]: 136.178146 137.966705
[2]: 114.198883 114.059006
[2]: 130.096924 128.499847
[2]: 122.856323 122.235786
[2]: 141.394409 140.376236
[2]: 131.694214 131.629517
[2]: 125.654327 125.500397
[2]: 135.343277 133.785446
[2]: 68.268845 67.204086
[2]: 129.859833 130.633347
[2]: 117.726288 117.442192
[2]: 129.149658 130.942993
[2]: 144.983566 145.285767
[2]: 140.783249 141.987869
[2]: 136.607025 138.023788
[2]: 122.202629 123.572899
[2]: 115.770721 115.453453
[2]: 127.232552 125.184921
[2]: 141.488953 140.200974
[2]: 117.123810 116.545914
[2]: 187.028641 185.720459
[2]: 115.487915 115.470932
[2]: 115.701958 116.708641
[2]: 126.823853 126.134941
[2]: 119.795769 118.912491
[1]: 124.435265 126.290192
[1]: 126.022057 127.088097
[1]: 136.218262 137.390503
[1]: 195.582352 196.422333
[1]: 128.496063 127.070587
[1]: 127.885963 127.549179
[1]: 126.182396 126.672920
[1]: 126.707695 126.114006
[1]: 139.348587 137.906921
[1]: 128.695145 128.478287
[1]: 120.969055 120.180466
[1]: 129.116302 130.530273
[1]: 129.162750 128.515564
[1]: 133.181931 133.466309
[1]: 133.151993 132.822571
[1]: 118.258011 118.403038
[1]: 134.611816 133.851990
[1]: 191.817841 190.640076
[1]: 132.786499 133.378983
[1]: 122.490532 123.136963
[1]: 125.744560 125.711281
[1]: 135.743011 136.763107
[1]: 140.021667 139.571518
[1]: 134.113419 133.485687
[1]: 129.365189 128.789108
[1]: 119.186768 119.245605
[1]: 122.164551 121.485214
[1]: 136.165558 135.207626
[1]: 127.482735 126.407394
[1]: 131.550781 133.094009
[1]: 119.676590 118.744354
[1]: 117.413986 116.168404
[1]: 126.122925 125.873619
[1]: 130.843796 128.964432
[0]: 124.891190 125.586288
[0]: 117.632103 117.045937
[0]: 117.247887 117.967911
[0]: 91.521843 92.670082
[0]: 115.437042 115.801361
[0]: 129.795883 129.093948
[0]: 121.578682 123.217049
[0]: 123.861870 123.781311
[0]: 103.972305 106.328804
[0]: 121.032570 119.571922
[0]: 151.454742 153.495697
[0]: 124.158813 125.320885
[0]: 131.248230 132.410965
[0]: 105.238052 105.774948
[0]: 117.011108 116.396423
[0]: 130.063766 129.856506
[0]: 116.268654 116.674637
[0]: 155.970764 155.317535
[0]: 124.307205 123.920769
[0]: 141.321823 140.065643
[0]: 127.129501 125.206810
[0]: 105.662453 103.516518
[0]: 105.882210 105.910103
[0]: 112.333275 110.190041
[0]: 126.447815 125.601341
[0]: 147.295670 147.513596
[0]: 128.576889 131.378952
[0]: 112.386185 113.873192
[0]: 138.924698 140.112518
[0]: 185.904358 186.633438
[0]: 143.981277 144.108047
[0]: 146.401062 144.851685
[0]: 127.767845 127.695976
[0]: 137.356873 138.734512
