[19]: 1994  7  1 18 28 RAFAEL      7.0   5.1   47  135 1983  6 22  0 14 GORDON      7.1   5.8  130  838
[18]: 1989  9  9  6 13 CHRIS       7.0   4.6   21  602 1995  5 22  6 14 ERNESTO     7.1   4.9   53  190
[17]: 1995  5 22  6 14 ERNESTO     7.1   4.9   53  190 2000 10 11  0 20 OSCAR       7.1   4.6   65  547
[16]: 1995  5 22  6 14 ERNESTO     7.1   4.9   53  190 2000 10 11  0 20 OSCAR       7.1   4.6   65  547
[15]: 1996  5 24  0 24 VALERIE    13.7 164.7  142  294 1985  9 28  0  6 FLORENCE    7.1   5.4   48  753
[13]: 1987  5  9  6  7 PATTY       7.0   4.3   52  385 1994  7  1 18 28 RAFAEL      7.0   5.1   47  135
[8]: 2000 10 11  0 20 OSCAR       7.1   4.6   65  547 1989  9  9  6 13 CHRIS       7.0   4.6   21  602
[7]: 1994  7  1 18 28 RAFAEL      7.0   5.1   47  135 1995  5 22  6 14 ERNESTO     7.1   4.9   53  190
[5]: 2000 10 11  0 20 OSCAR       7.1   4.6   65  547 1999  8 15 18 25 BERYL       7.0   4.2  101   90
[3]: 1985  9 28  0  6 FLORENCE    7.1   5.4   48  753 1987  5  9  6  7 PATTY       7.0   4.3   52  385
[2]: 1999  8 15 18 25 BERYL       7.0   4.2  101   90 1994  7  1 18 28 RAFAEL      7.0   5.1   47  135
