[4]: 89.449051 132.432159
[4]: 129.383163 126.836334
[4]: 126.493103 117.904129
[4]: 174.950348 173.930054
[4]: 130.493317 124.594322
[4]: 129.303818 126.765602
[4]: 127.988716 122.387993
[4]: 128.638107 126.389420
[4]: 129.800232 111.252876
[4]: 130.302094 123.659187
[4]: 126.889549 133.923080
[4]: 129.601974 128.397034
[4]: 126.994324 127.930695
[4]: 131.855484 122.162163
[4]: 126.546349 123.592026
[4]: 131.011856 132.753708
[4]: 127.738068 118.670052
[4]: 61.165707 67.263580
[4]: 125.969246 125.855522
[4]: 126.722549 131.628586
[4]: 130.127411 130.921097
[4]: 130.640564 113.843704
[4]: 129.521851 117.078583
[4]: 131.009338 123.219727
[4]: 127.284996 128.845459
[4]: 125.866554 137.093811
[4]: 126.844421 133.075012
[4]: 128.607941 118.086906
[4]: 123.508621 129.906662
[4]: 124.014084 74.227898
[4]: 126.144653 133.324158
[4]: 170.250931 140.945679
[4]: 128.753662 131.868683
[4]: 122.214790 128.115768
[3]: 170.908234 129.667557
[3]: 128.256134 129.926086
[3]: 126.930016 127.448074
[3]: 87.724251 60.540619
[3]: 129.573792 131.771637
[3]: 128.626541 126.479179
[3]: 129.283340 135.141663
[3]: 127.293770 130.633560
[3]: 127.077438 135.352875
[3]: 126.330460 125.978561
[3]: 124.488167 119.108917
[3]: 128.066589 127.657806
[3]: 127.780922 128.203644
[3]: 127.977058 132.660767
[3]: 126.607147 129.234131
[3]: 131.085037 131.750046
[3]: 128.139099 132.714172
[3]: 126.317726 155.685638
[3]: 127.001015 124.603302
[3]: 126.523849 122.442459
[3]: 127.434685 124.990410
[3]: 128.066147 136.959061
[3]: 127.366364 132.554504
[3]: 127.378372 128.384995
[3]: 128.880142 129.326920
[3]: 124.225159 120.673088
[3]: 128.646744 128.321609
[3]: 128.553375 128.891006
[3]: 127.644135 125.635117
[3]: 58.699718 64.354279
[3]: 130.565826 128.957504
[3]: 82.931320 117.774368
[3]: 127.367226 124.986511
[3]: 125.651947 121.671371
[2]: 168.866730 127.894775
[2]: 130.759552 136.264862
[2]: 132.099030 137.254089
[2]: 93.760696 113.327965
[2]: 131.200836 139.689117
[2]: 127.342163 126.364342
[2]: 132.519028 130.981094
[2]: 135.821091 128.233978
[2]: 137.473221 143.741364
[2]: 133.001953 136.178146
[2]: 116.235794 114.198883
[2]: 134.624252 130.096924
[2]: 133.899414 122.856323
[2]: 139.272644 141.394409
[2]: 133.142548 131.694214
[2]: 127.783272 125.654327
[2]: 136.439804 135.343277
[2]: 126.499062 68.268845
[2]: 128.293427 129.859833
[2]: 120.101883 117.726288
[2]: 127.590347 129.149658
[2]: 135.360748 144.983566
[2]: 134.793945 140.783249
[2]: 141.860947 136.607025
[2]: 128.211426 122.202629
[2]: 121.752060 115.770721
[2]: 120.605507 127.232552
[2]: 128.516998 141.488953
[2]: 120.591164 117.123810
[2]: 187.017929 187.028641
[2]: 119.187462 115.487915
[2]: 75.108650 115.701958
[2]: 135.222183 126.823853
[2]: 115.905457 119.795769
[1]: 83.946693 124.435265
[1]: 128.805923 126.022057
[1]: 133.251831 136.218262
[1]: 176.987457 195.582352
[1]: 129.248718 128.496063
[1]: 126.157028 127.885963
[1]: 130.071198 126.182396
[1]: 129.391495 126.707695
[1]: 132.403595 139.348587
[1]: 128.799316 128.695145
[1]: 119.891525 120.969055
[1]: 128.405075 129.116302
[1]: 131.684021 129.162750
[1]: 130.566635 133.181931
[1]: 130.664185 133.151993
[1]: 124.731087 118.258011
[1]: 134.327637 134.611816
[1]: 191.898209 191.817841
[1]: 129.630188 132.786499
[1]: 122.203651 122.490532
[1]: 123.766205 125.744560
[1]: 130.989166 135.743011
[1]: 131.221390 140.021667
[1]: 134.172470 134.113419
[1]: 130.109802 129.365189
[1]: 123.804588 119.186768
[1]: 124.307297 122.164551
[1]: 129.535156 136.165558
[1]: 127.153465 127.482735
[1]: 119.442055 131.550781
[1]: 125.745415 119.676590
[1]: 162.705322 117.413986
[1]: 130.453705 126.122925
[1]: 124.950699 130.843796
[0]: 131.259827 124.891190
[0]: 116.864883 117.632103
[0]: 114.263260 117.247887
[0]: 87.434158 91.521843
[0]: 116.792450 115.437042
[0]: 124.684464 129.795883
[0]: 112.365601 121.578682
[0]: 110.012184 123.861870
[0]: 101.095024 103.972305
[0]: 113.396721 121.032570
[0]: 160.050400 151.454742
[0]: 115.412117 124.158813
[0]: 115.285637 131.248230
[0]: 97.878616 105.238052
[0]: 115.216637 117.011108
[0]: 121.349983 130.063766
[0]: 105.337250 116.268654
[0]: 138.792786 155.970764
[0]: 126.605934 124.307205
[0]: 143.950272 141.321823
[0]: 129.526855 127.129501
[0]: 107.959129 105.662453
[0]: 109.972198 105.882210
[0]: 90.476578 112.333275
[0]: 119.266365 126.447815
[0]: 149.607925 147.295670
[0]: 143.283752 128.576889
[0]: 120.741386 112.386185
[0]: 144.421753 138.924698
[0]: 169.269913 185.904358
[0]: 142.577911 143.981277
[0]: 147.231583 146.401062
[0]: 110.854576 127.767845
[0]: 157.439255 137.356873
