[4]: 89.203796 132.432159
[4]: 128.534637 126.836334
[4]: 126.443970 117.904129
[4]: 174.788528 173.930054
[4]: 130.224472 124.594322
[4]: 128.788391 126.765602
[4]: 127.565620 122.387993
[4]: 128.211960 126.389420
[4]: 129.377609 111.252876
[4]: 129.840408 123.659187
[4]: 127.420738 133.923080
[4]: 129.224396 128.397034
[4]: 126.388046 127.930695
[4]: 131.177155 122.162163
[4]: 126.748383 123.592026
[4]: 131.320541 132.753708
[4]: 126.541672 118.670052
[4]: 61.328785 67.263580
[4]: 125.168976 125.855522
[4]: 127.042847 131.628586
[4]: 130.172028 130.921097
[4]: 129.610535 113.843704
[4]: 129.543808 117.078583
[4]: 130.370209 123.219727
[4]: 127.494637 128.845459
[4]: 125.560081 137.093811
[4]: 126.763374 133.075012
[4]: 128.787247 118.086906
[4]: 124.377457 129.906662
[4]: 125.372841 74.227898
[4]: 126.830666 133.324158
[4]: 170.167053 140.945679
[4]: 129.088684 131.868683
[4]: 122.137566 128.115768
[3]: 170.649368 129.667557
[3]: 127.164474 129.926086
[3]: 127.062561 127.448074
[3]: 88.339760 60.540619
[3]: 129.778366 131.771637
[3]: 128.842392 126.479179
[3]: 129.859329 135.141663
[3]: 127.540520 130.633560
[3]: 127.805595 135.352875
[3]: 126.256607 125.978561
[3]: 124.500366 119.108917
[3]: 127.867134 127.657806
[3]: 128.215073 128.203644
[3]: 129.063873 132.660767
[3]: 127.595779 129.234131
[3]: 131.235077 131.750046
[3]: 128.335892 132.714172
[3]: 126.479118 155.685638
[3]: 127.224777 124.603302
[3]: 126.269890 122.442459
[3]: 127.079865 124.990410
[3]: 127.757919 136.959061
[3]: 126.895821 132.554504
[3]: 128.181564 128.384995
[3]: 129.769821 129.326920
[3]: 123.153748 120.673088
[3]: 127.793617 128.321609
[3]: 128.030960 128.891006
[3]: 127.326759 125.635117
[3]: 58.631844 64.354279
[3]: 130.209305 128.957504
[3]: 82.056793 117.774368
[3]: 128.294281 124.986511
[3]: 125.761276 121.671371
[2]: 167.689072 127.894775
[2]: 130.051498 136.264862
[2]: 130.443665 137.254089
[2]: 94.107658 113.327965
[2]: 131.194977 139.689117
[2]: 127.154556 126.364342
[2]: 132.880539 130.981094
[2]: 135.404648 128.233978
[2]: 137.802551 143.741364
[2]: 134.237366 136.178146
[2]: 117.775169 114.198883
[2]: 133.192108 130.096924
[2]: 132.017380 122.856323
[2]: 137.979248 141.394409
[2]: 133.537064 131.694214
[2]: 128.796158 125.654327
[2]: 133.829041 135.343277
[2]: 125.414238 68.268845
[2]: 127.296494 129.859833
[2]: 119.252541 117.726288
[2]: 129.206223 129.149658
[2]: 133.497452 144.983566
[2]: 134.340363 140.783249
[2]: 143.578308 136.607025
[2]: 128.316498 122.202629
[2]: 121.104294 115.770721
[2]: 120.782143 127.232552
[2]: 129.813141 141.488953
[2]: 121.627914 117.123810
[2]: 187.769760 187.028641
[2]: 120.568222 115.487915
[2]: 73.584862 115.701958
[2]: 135.963272 126.823853
[2]: 115.734749 119.795769
[1]: 83.569412 124.435265
[1]: 128.138168 126.022057
[1]: 132.259964 136.218262
[1]: 176.914246 195.582352
[1]: 129.304382 128.496063
[1]: 126.339920 127.885963
[1]: 130.926590 126.182396
[1]: 129.408630 126.707695
[1]: 132.500183 139.348587
[1]: 129.945679 128.695145
[1]: 121.029877 120.969055
[1]: 127.706261 129.116302
[1]: 130.980255 129.162750
[1]: 130.373535 133.181931
[1]: 131.067169 133.151993
[1]: 124.766098 118.258011
[1]: 133.668900 134.611816
[1]: 191.580505 191.817841
[1]: 129.777847 132.786499
[1]: 121.529182 122.490532
[1]: 124.446518 125.744560
[1]: 130.062698 135.743011
[1]: 130.468399 140.021667
[1]: 135.091324 134.113419
[1]: 130.592545 129.365189
[1]: 123.709564 119.186768
[1]: 124.055573 122.164551
[1]: 129.680710 136.165558
[1]: 127.314812 127.482735
[1]: 119.848984 131.550781
[1]: 125.917336 119.676590
[1]: 162.401443 117.413986
[1]: 130.522278 126.122925
[1]: 125.747452 130.843796
[0]: 136.614227 124.891190
[0]: 121.713982 117.632103
[0]: 117.694344 117.247887
[0]: 83.367256 91.521843
[0]: 116.660347 115.437042
[0]: 125.111763 129.795883
[0]: 110.160118 121.578682
[0]: 110.633080 123.861870
[0]: 99.650131 103.972305
[0]: 110.569344 121.032570
[0]: 155.781754 151.454742
[0]: 119.197601 124.158813
[0]: 119.060257 131.248230
[0]: 98.929306 105.238052
[0]: 112.058121 117.011108
[0]: 119.147102 130.063766
[0]: 111.173813 116.268654
[0]: 140.451859 155.970764
[0]: 128.643066 124.307205
[0]: 146.274353 141.321823
[0]: 126.794548 127.129501
[0]: 113.725876 105.662453
[0]: 112.161133 105.882210
[0]: 85.951080 112.333275
[0]: 116.561714 126.447815
[0]: 153.061600 147.295670
[0]: 145.098068 128.576889
[0]: 119.144409 112.386185
[0]: 142.115906 138.924698
[0]: 165.893845 185.904358
[0]: 140.114899 143.981277
[0]: 149.139145 146.401062
[0]: 107.552177 127.767845
[0]: 156.819016 137.356873
