[4]: 89.346199 132.432159
[4]: 129.030029 126.836334
[4]: 126.181267 117.904129
[4]: 175.112640 173.930054
[4]: 130.641159 124.594322
[4]: 129.233704 126.765602
[4]: 127.337097 122.387993
[4]: 129.388794 126.389420
[4]: 129.998047 111.252876
[4]: 131.150635 123.659187
[4]: 126.227089 133.923080
[4]: 128.796234 128.397034
[4]: 126.715050 127.930695
[4]: 133.069824 122.162163
[4]: 127.057487 123.592026
[4]: 133.178787 132.753708
[4]: 128.565308 118.670052
[4]: 60.025433 67.263580
[4]: 127.731606 125.855522
[4]: 126.710533 131.628586
[4]: 130.632050 130.921097
[4]: 130.310165 113.843704
[4]: 131.647247 117.078583
[4]: 132.512268 123.219727
[4]: 126.761925 128.845459
[4]: 124.707901 137.093811
[4]: 126.509102 133.075012
[4]: 130.305191 118.086906
[4]: 122.878929 129.906662
[4]: 124.357712 74.227898
[4]: 125.389694 133.324158
[4]: 169.984955 140.945679
[4]: 129.701950 131.868683
[4]: 122.285851 128.115768
[3]: 170.918884 129.667557
[3]: 126.800613 129.926086
[3]: 126.442543 127.448074
[3]: 87.613495 60.540619
[3]: 129.766388 131.771637
[3]: 128.830933 126.479179
[3]: 129.433624 135.141663
[3]: 127.531395 130.633560
[3]: 126.795174 135.352875
[3]: 125.796227 125.978561
[3]: 125.010452 119.108917
[3]: 128.570496 127.657806
[3]: 127.702766 128.203644
[3]: 128.934906 132.660767
[3]: 126.671967 129.234131
[3]: 130.266144 131.750046
[3]: 128.401489 132.714172
[3]: 126.573700 155.685638
[3]: 127.803398 124.603302
[3]: 126.599068 122.442459
[3]: 127.292076 124.990410
[3]: 127.808067 136.959061
[3]: 127.315353 132.554504
[3]: 127.631332 128.384995
[3]: 129.029755 129.326920
[3]: 124.409782 120.673088
[3]: 128.294312 128.321609
[3]: 128.167679 128.891006
[3]: 128.041397 125.635117
[3]: 60.249634 64.354279
[3]: 128.944183 128.957504
[3]: 83.052269 117.774368
[3]: 127.395432 124.986511
[3]: 125.904594 121.671371
[2]: 168.253830 127.894775
[2]: 130.273483 136.264862
[2]: 130.926224 137.254089
[2]: 90.400482 113.327965
[2]: 129.623398 139.689117
[2]: 128.080429 126.364342
[2]: 129.389755 130.981094
[2]: 133.684708 128.233978
[2]: 135.493088 143.741364
[2]: 131.942856 136.178146
[2]: 120.138260 114.198883
[2]: 129.201675 130.096924
[2]: 133.358078 122.856323
[2]: 136.326706 141.394409
[2]: 132.462616 131.694214
[2]: 129.246887 125.654327
[2]: 136.554306 135.343277
[2]: 125.693398 68.268845
[2]: 130.095627 129.859833
[2]: 121.728699 117.726288
[2]: 130.184219 129.149658
[2]: 133.138641 144.983566
[2]: 135.565720 140.783249
[2]: 137.629822 136.607025
[2]: 126.045280 122.202629
[2]: 123.699295 115.770721
[2]: 122.711014 127.232552
[2]: 130.412964 141.488953
[2]: 121.621437 117.123810
[2]: 189.320129 187.028641
[2]: 122.625671 115.487915
[2]: 77.644188 115.701958
[2]: 134.115952 126.823853
[2]: 121.720085 119.795769
[1]: 83.919342 124.435265
[1]: 128.677048 126.022057
[1]: 134.358261 136.218262
[1]: 179.374573 195.582352
[1]: 129.784698 128.496063
[1]: 127.038605 127.885963
[1]: 130.351669 126.182396
[1]: 130.213257 126.707695
[1]: 134.518555 139.348587
[1]: 129.191208 128.695145
[1]: 118.584938 120.969055
[1]: 126.897453 129.116302
[1]: 133.836639 129.162750
[1]: 134.115341 133.181931
[1]: 132.297379 133.151993
[1]: 124.116203 118.258011
[1]: 138.491180 134.611816
[1]: 190.928680 191.817841
[1]: 131.090866 132.786499
[1]: 120.969711 122.490532
[1]: 126.048332 125.744560
[1]: 132.110001 135.743011
[1]: 133.682693 140.021667
[1]: 135.831848 134.113419
[1]: 129.284027 129.365189
[1]: 122.591133 119.186768
[1]: 123.653900 122.164551
[1]: 130.744522 136.165558
[1]: 126.576622 127.482735
[1]: 117.650139 131.550781
[1]: 125.311577 119.676590
[1]: 160.292191 117.413986
[1]: 131.874069 126.122925
[1]: 125.537544 130.843796
[0]: 119.112526 124.891190
[0]: 120.323166 117.632103
[0]: 115.399239 117.247887
[0]: 101.708336 91.521843
[0]: 117.498146 115.437042
[0]: 122.018341 129.795883
[0]: 116.706535 121.578682
[0]: 109.575897 123.861870
[0]: 100.257004 103.972305
[0]: 113.558456 121.032570
[0]: 157.516815 151.454742
[0]: 125.262634 124.158813
[0]: 112.950150 131.248230
[0]: 92.595139 105.238052
[0]: 112.455833 117.011108
[0]: 117.813095 130.063766
[0]: 96.749969 116.268654
[0]: 143.607513 155.970764
[0]: 117.892990 124.307205
[0]: 143.828964 141.321823
[0]: 121.775856 127.129501
[0]: 109.880501 105.662453
[0]: 101.583099 105.882210
[0]: 90.394394 112.333275
[0]: 124.122200 126.447815
[0]: 150.638229 147.295670
[0]: 142.779114 128.576889
[0]: 114.232246 112.386185
[0]: 144.714294 138.924698
[0]: 162.851013 185.904358
[0]: 142.546310 143.981277
[0]: 161.642624 146.401062
[0]: 108.237427 127.767845
[0]: 148.689438 137.356873
