[4]: 133.456116 132.432159
[4]: 126.193626 126.836334
[4]: 116.471062 117.904129
[4]: 173.191177 173.930054
[4]: 126.680183 124.594322
[4]: 126.454384 126.765602
[4]: 121.962761 122.387993
[4]: 128.394531 126.389420
[4]: 113.170776 111.252876
[4]: 123.153145 123.659187
[4]: 135.117096 133.923080
[4]: 128.735611 128.397034
[4]: 128.999603 127.930695
[4]: 122.840530 122.162163
[4]: 125.263680 123.592026
[4]: 133.885834 132.753708
[4]: 119.932480 118.670052
[4]: 67.720116 67.263580
[4]: 125.164452 125.855522
[4]: 130.817993 131.628586
[4]: 130.064514 130.921097
[4]: 113.813805 113.843704
[4]: 117.039375 117.078583
[4]: 122.126579 123.219727
[4]: 127.248573 128.845459
[4]: 137.197113 137.093811
[4]: 135.540237 133.075012
[4]: 118.069023 118.086906
[4]: 130.948456 129.906662
[4]: 72.992569 74.227898
[4]: 134.292618 133.324158
[4]: 138.976440 140.945679
[4]: 131.776962 131.868683
[4]: 129.648712 128.115768
[3]: 127.029732 129.667557
[3]: 129.365219 129.926086
[3]: 127.889107 127.448074
[3]: 60.855236 60.540619
[3]: 131.739273 131.771637
[3]: 127.516937 126.479179
[3]: 135.659119 135.141663
[3]: 129.269165 130.633560
[3]: 134.518723 135.352875
[3]: 126.475655 125.978561
[3]: 117.298973 119.108917
[3]: 126.593414 127.657806
[3]: 127.117058 128.203644
[3]: 132.139450 132.660767
[3]: 128.323166 129.234131
[3]: 131.018341 131.750046
[3]: 133.201889 132.714172
[3]: 158.228027 155.685638
[3]: 124.014359 124.603302
[3]: 124.121353 122.442459
[3]: 125.958481 124.990410
[3]: 137.730301 136.959061
[3]: 131.589905 132.554504
[3]: 130.428055 128.384995
[3]: 130.729675 129.326920
[3]: 120.824409 120.673088
[3]: 126.195564 128.321609
[3]: 129.408066 128.891006
[3]: 125.631187 125.635117
[3]: 64.963165 64.354279
[3]: 129.340332 128.957504
[3]: 121.340256 117.774368
[3]: 125.836273 124.986511
[3]: 121.907761 121.671371
[2]: 126.725883 127.894775
[2]: 137.044220 136.264862
[2]: 136.878830 137.254089
[2]: 111.610054 113.327965
[2]: 138.393692 139.689117
[2]: 126.661995 126.364342
[2]: 129.305664 130.981094
[2]: 128.029312 128.233978
[2]: 141.975464 143.741364
[2]: 137.902008 136.178146
[2]: 114.090500 114.198883
[2]: 128.492310 130.096924
[2]: 122.583847 122.856323
[2]: 140.486664 141.394409
[2]: 131.699677 131.694214
[2]: 125.424759 125.654327
[2]: 133.899872 135.343277
[2]: 66.885124 68.268845
[2]: 130.751526 129.859833
[2]: 117.679039 117.726288
[2]: 131.014099 129.149658
[2]: 144.839874 144.983566
[2]: 142.008530 140.783249
[2]: 137.930130 136.607025
[2]: 124.107063 122.202629
[2]: 115.690269 115.770721
[2]: 125.591011 127.232552
[2]: 140.149445 141.488953
[2]: 116.631081 117.123810
[2]: 185.647018 187.028641
[2]: 115.569588 115.487915
[2]: 116.696007 115.701958
[2]: 126.344620 126.823853
[2]: 119.312752 119.795769
[1]: 126.321281 124.435265
[1]: 126.869995 126.022057
[1]: 137.201767 136.218262
[1]: 196.098587 195.582352
[1]: 127.185448 128.496063
[1]: 127.471268 127.885963
[1]: 126.797058 126.182396
[1]: 125.861671 126.707695
[1]: 137.780884 139.348587
[1]: 128.571655 128.695145
[1]: 120.114380 120.969055
[1]: 130.358063 129.116302
[1]: 128.712311 129.162750
[1]: 133.282242 133.181931
[1]: 132.809586 133.151993
[1]: 118.161026 118.258011
[1]: 134.136765 134.611816
[1]: 190.743408 191.817841
[1]: 133.461395 132.786499
[1]: 122.973793 122.490532
[1]: 125.762146 125.744560
[1]: 136.458679 135.743011
[1]: 139.553070 140.021667
[1]: 133.920151 134.113419
[1]: 128.806625 129.365189
[1]: 118.976440 119.186768
[1]: 121.420029 122.164551
[1]: 135.436356 136.165558
[1]: 126.051781 127.482735
[1]: 133.087555 131.550781
[1]: 118.489853 119.676590
[1]: 116.065079 117.413986
[1]: 125.949692 126.122925
[1]: 128.770859 130.843796
[0]: 125.838005 124.891190
[0]: 117.101341 117.632103
[0]: 117.563316 117.247887
[0]: 92.648483 91.521843
[0]: 115.966362 115.437042
[0]: 129.144699 129.795883
[0]: 122.584396 121.578682
[0]: 124.325623 123.861870
[0]: 106.296799 103.972305
[0]: 119.262390 121.032570
[0]: 153.377502 151.454742
[0]: 125.290001 124.158813
[0]: 132.101776 131.248230
[0]: 105.785446 105.238052
[0]: 116.493889 117.011108
[0]: 130.026245 130.063766
[0]: 116.371040 116.268654
[0]: 155.673599 155.970764
[0]: 123.962151 124.307205
[0]: 139.969116 141.321823
[0]: 124.947868 127.129501
[0]: 104.070717 105.662453
[0]: 106.027359 105.882210
[0]: 109.939865 112.333275
[0]: 125.194252 126.447815
[0]: 147.467224 147.295670
[0]: 130.839813 128.576889
[0]: 113.977371 112.386185
[0]: 139.991058 138.924698
[0]: 186.746902 185.904358
[0]: 143.859772 143.981277
[0]: 145.146942 146.401062
[0]: 127.630165 127.767845
[0]: 138.288452 137.356873
