[4]: 132.626038 132.432159
[4]: 125.550179 126.836334
[4]: 116.279106 117.904129
[4]: 172.663071 173.930054
[4]: 127.762405 124.594322
[4]: 126.886795 126.765602
[4]: 122.254372 122.387993
[4]: 128.536636 126.389420
[4]: 114.497482 111.252876
[4]: 122.936035 123.659187
[4]: 135.628403 133.923080
[4]: 127.984718 128.397034
[4]: 128.852692 127.930695
[4]: 122.118248 122.162163
[4]: 124.260834 123.592026
[4]: 134.337250 132.753708
[4]: 120.469589 118.670052
[4]: 68.092796 67.263580
[4]: 125.219948 125.855522
[4]: 130.704514 131.628586
[4]: 129.782028 130.921097
[4]: 113.368126 113.843704
[4]: 116.864738 117.078583
[4]: 123.231918 123.219727
[4]: 128.237747 128.845459
[4]: 136.944778 137.093811
[4]: 135.136917 133.075012
[4]: 118.988731 118.086906
[4]: 130.665833 129.906662
[4]: 71.989204 74.227898
[4]: 134.254456 133.324158
[4]: 139.296600 140.945679
[4]: 131.951004 131.868683
[4]: 131.177094 128.115768
[3]: 128.609848 129.667557
[3]: 129.782898 129.926086
[3]: 128.913513 127.448074
[3]: 60.882679 60.540619
[3]: 131.402527 131.771637
[3]: 127.312904 126.479179
[3]: 134.552399 135.141663
[3]: 128.665421 130.633560
[3]: 134.544022 135.352875
[3]: 126.386322 125.978561
[3]: 116.681145 119.108917
[3]: 127.297333 127.657806
[3]: 127.581276 128.203644
[3]: 132.772171 132.660767
[3]: 128.926590 129.234131
[3]: 131.446503 131.750046
[3]: 133.908737 132.714172
[3]: 159.062531 155.685638
[3]: 124.220947 124.603302
[3]: 123.215073 122.442459
[3]: 126.261482 124.990410
[3]: 138.428116 136.959061
[3]: 132.321671 132.554504
[3]: 128.769119 128.384995
[3]: 130.238556 129.326920
[3]: 121.045784 120.673088
[3]: 127.169212 128.321609
[3]: 129.139389 128.891006
[3]: 125.179932 125.635117
[3]: 65.703529 64.354279
[3]: 129.295135 128.957504
[3]: 119.646942 117.774368
[3]: 125.560692 124.986511
[3]: 120.666122 121.671371
[2]: 127.711113 127.894775
[2]: 137.052414 136.264862
[2]: 136.383865 137.254089
[2]: 111.846184 113.327965
[2]: 137.265381 139.689117
[2]: 126.116020 126.364342
[2]: 129.011200 130.981094
[2]: 128.492416 128.233978
[2]: 141.055435 143.741364
[2]: 137.795837 136.178146
[2]: 114.518066 114.198883
[2]: 128.508301 130.096924
[2]: 122.636070 122.856323
[2]: 140.935593 141.394409
[2]: 132.452469 131.694214
[2]: 125.801559 125.654327
[2]: 133.490753 135.343277
[2]: 66.631462 68.268845
[2]: 131.319153 129.859833
[2]: 118.507347 117.726288
[2]: 131.156281 129.149658
[2]: 145.417770 144.983566
[2]: 141.903442 140.783249
[2]: 136.976898 136.607025
[2]: 123.092987 122.202629
[2]: 116.173668 115.770721
[2]: 125.361229 127.232552
[2]: 139.522430 141.488953
[2]: 116.337173 117.123810
[2]: 185.642258 187.028641
[2]: 115.667358 115.487915
[2]: 116.065033 115.701958
[2]: 126.606529 126.823853
[2]: 118.590088 119.795769
[1]: 125.984810 124.435265
[1]: 127.299606 126.022057
[1]: 137.374069 136.218262
[1]: 196.260498 195.582352
[1]: 126.747368 128.496063
[1]: 127.447304 127.885963
[1]: 126.517021 126.182396
[1]: 125.713951 126.707695
[1]: 137.219681 139.348587
[1]: 128.338943 128.695145
[1]: 119.928879 120.969055
[1]: 130.798630 129.116302
[1]: 128.530426 129.162750
[1]: 133.481659 133.181931
[1]: 133.210403 133.151993
[1]: 118.089272 118.258011
[1]: 133.320251 134.611816
[1]: 190.734909 191.817841
[1]: 133.606842 132.786499
[1]: 122.998596 122.490532
[1]: 126.042221 125.744560
[1]: 136.967285 135.743011
[1]: 139.605988 140.021667
[1]: 133.688324 134.113419
[1]: 129.090286 129.365189
[1]: 119.104538 119.186768
[1]: 121.065277 122.164551
[1]: 135.160080 136.165558
[1]: 126.602554 127.482735
[1]: 134.009430 131.550781
[1]: 118.943520 119.676590
[1]: 116.532524 117.413986
[1]: 126.156731 126.122925
[1]: 128.651871 130.843796
[0]: 124.280113 124.891190
[0]: 116.815590 117.632103
[0]: 117.002930 117.247887
[0]: 92.488487 91.521843
[0]: 116.816452 115.437042
[0]: 129.526077 129.795883
[0]: 124.143723 121.578682
[0]: 124.485901 123.861870
[0]: 106.441849 103.972305
[0]: 119.933784 121.032570
[0]: 153.263550 151.454742
[0]: 124.821365 124.158813
[0]: 131.918015 131.248230
[0]: 105.124496 105.238052
[0]: 115.650055 117.011108
[0]: 128.710068 130.063766
[0]: 116.368309 116.268654
[0]: 155.367020 155.970764
[0]: 122.888268 124.307205
[0]: 140.192337 141.321823
[0]: 124.422623 127.129501
[0]: 102.594620 105.662453
[0]: 105.451073 105.882210
[0]: 111.819206 112.333275
[0]: 125.460472 126.447815
[0]: 146.839294 147.295670
[0]: 130.815933 128.576889
[0]: 114.240448 112.386185
[0]: 140.548752 138.924698
[0]: 185.969742 185.904358
[0]: 143.379776 143.981277
[0]: 146.816025 146.401062
[0]: 127.208549 127.767845
[0]: 138.927582 137.356873
