[4]: 132.432159 133.864944
[4]: 126.836334 126.164391
[4]: 117.904129 117.183083
[4]: 173.930054 172.709137
[4]: 124.594322 126.326660
[4]: 126.765602 126.426315
[4]: 122.387993 122.421669
[4]: 126.389420 127.642906
[4]: 111.252876 113.079315
[4]: 123.659187 123.622017
[4]: 133.923080 134.702042
[4]: 128.397034 129.065994
[4]: 127.930695 128.744385
[4]: 122.162163 122.387054
[4]: 123.592026 124.920921
[4]: 132.753708 133.940475
[4]: 118.670052 120.187965
[4]: 67.263580 67.310570
[4]: 125.855522 125.746513
[4]: 131.628586 130.778442
[4]: 130.921097 129.871796
[4]: 113.843704 113.394936
[4]: 117.078583 117.058426
[4]: 123.219727 121.822357
[4]: 128.845459 128.081604
[4]: 137.093811 136.322403
[4]: 133.075012 135.279358
[4]: 118.086906 117.983521
[4]: 129.906662 130.171722
[4]: 74.227898 73.085548
[4]: 133.324158 134.473389
[4]: 140.945679 139.091309
[4]: 131.868683 131.997314
[4]: 128.115768 129.679733
[3]: 129.667557 126.782150
[3]: 129.926086 129.368668
[3]: 127.448074 127.050194
[3]: 60.540619 60.801792
[3]: 131.771637 132.092911
[3]: 126.479179 127.265938
[3]: 135.141663 134.800705
[3]: 130.633560 130.151443
[3]: 135.352875 134.691589
[3]: 125.978561 125.898048
[3]: 119.108917 117.405769
[3]: 127.657806 125.999146
[3]: 128.203644 127.716057
[3]: 132.660767 132.550507
[3]: 129.234131 129.001007
[3]: 131.750046 130.885040
[3]: 132.714172 132.909042
[3]: 155.685638 158.697189
[3]: 124.603302 123.569603
[3]: 122.442459 123.777245
[3]: 124.990410 125.663757
[3]: 136.959061 138.084641
[3]: 132.554504 131.763992
[3]: 128.384995 130.868439
[3]: 129.326920 129.699371
[3]: 120.673088 121.333519
[3]: 128.321609 126.101791
[3]: 128.891006 129.693222
[3]: 125.635117 125.940216
[3]: 64.354279 65.405609
[3]: 128.957504 129.047470
[3]: 117.774368 121.096802
[3]: 124.986511 125.565163
[3]: 121.671371 121.746841
[2]: 127.894775 126.809998
[2]: 136.264862 137.086899
[2]: 137.254089 136.643402
[2]: 113.327965 111.623352
[2]: 139.689117 138.709610
[2]: 126.364342 126.701462
[2]: 130.981094 128.897766
[2]: 128.233978 128.398605
[2]: 143.741364 141.966614
[2]: 136.178146 137.713287
[2]: 114.198883 114.094086
[2]: 130.096924 128.659134
[2]: 122.856323 122.444450
[2]: 141.394409 140.399490
[2]: 131.694214 131.423691
[2]: 125.654327 125.363152
[2]: 135.343277 133.589813
[2]: 68.268845 67.301651
[2]: 129.859833 130.829727
[2]: 117.726288 117.610657
[2]: 129.149658 131.137283
[2]: 144.983566 145.232254
[2]: 140.783249 142.044479
[2]: 136.607025 138.199432
[2]: 122.202629 123.701065
[2]: 115.770721 115.660408
[2]: 127.232552 125.400764
[2]: 141.488953 140.490692
[2]: 117.123810 116.671913
[2]: 187.028641 185.936584
[2]: 115.487915 115.270828
[2]: 115.701958 116.986259
[2]: 126.823853 126.049995
[2]: 119.795769 118.785240
[1]: 124.435265 126.158157
[1]: 126.022057 126.680565
[1]: 136.218262 137.345337
[1]: 195.582352 196.459229
[1]: 128.496063 127.225380
[1]: 127.885963 127.691223
[1]: 126.182396 126.673721
[1]: 126.707695 126.204994
[1]: 139.348587 138.123077
[1]: 128.695145 128.392166
[1]: 120.969055 120.780922
[1]: 129.116302 130.269485
[1]: 129.162750 128.427109
[1]: 133.181931 133.642914
[1]: 133.151993 132.619568
[1]: 118.258011 118.678001
[1]: 134.611816 133.993927
[1]: 191.817841 190.585266
[1]: 132.786499 133.168427
[1]: 122.490532 123.153801
[1]: 125.744560 125.816635
[1]: 135.743011 136.900650
[1]: 140.021667 139.906326
[1]: 134.113419 133.630463
[1]: 129.365189 128.754547
[1]: 119.186768 119.504044
[1]: 122.164551 121.673721
[1]: 136.165558 135.275009
[1]: 127.482735 126.439789
[1]: 131.550781 132.863693
[1]: 119.676590 118.670456
[1]: 117.413986 116.060684
[1]: 126.122925 125.829781
[1]: 130.843796 129.137863
[0]: 124.891190 125.733032
[0]: 117.632103 117.309677
[0]: 117.247887 117.861610
[0]: 91.521843 92.736137
[0]: 115.437042 115.591454
[0]: 129.795883 129.169128
[0]: 121.578682 123.612900
[0]: 123.861870 123.385551
[0]: 103.972305 105.894157
[0]: 121.032570 119.825958
[0]: 151.454742 152.947556
[0]: 124.158813 125.503616
[0]: 131.248230 132.172668
[0]: 105.238052 105.545815
[0]: 117.011108 116.636238
[0]: 130.063766 129.575180
[0]: 116.268654 116.933090
[0]: 155.970764 155.366516
[0]: 124.307205 124.078537
[0]: 141.321823 140.244751
[0]: 127.129501 125.291252
[0]: 105.662453 103.280487
[0]: 105.882210 105.435326
[0]: 112.333275 109.842491
[0]: 126.447815 125.903549
[0]: 147.295670 147.271179
[0]: 128.576889 131.124786
[0]: 112.386185 113.617805
[0]: 138.924698 139.998703
[0]: 185.904358 186.567337
[0]: 143.981277 144.063721
[0]: 146.401062 144.937820
[0]: 127.767845 128.124878
[0]: 137.356873 138.598862
