[4]: 133.281174 132.432159
[4]: 129.078140 126.836334
[4]: 123.394943 117.904129
[4]: 139.546890 173.930054
[4]: 127.689461 124.594322
[4]: 126.916809 126.765602
[4]: 127.868866 122.387993
[4]: 129.029053 126.389420
[4]: 124.931175 111.252876
[4]: 126.668839 123.659187
[4]: 122.160889 133.923080
[4]: 127.750496 128.397034
[4]: 127.289726 127.930695
[4]: 127.498627 122.162163
[4]: 130.469772 123.592026
[4]: 129.598221 132.753708
[4]: 122.910553 118.670052
[4]: 67.813255 67.263580
[4]: 126.595993 125.855522
[4]: 128.502396 131.628586
[4]: 126.849068 130.921097
[4]: 128.039398 113.843704
[4]: 125.835602 117.078583
[4]: 126.756241 123.219727
[4]: 128.943375 128.845459
[4]: 128.255829 137.093811
[4]: 131.179718 133.075012
[4]: 124.510567 118.086906
[4]: 127.151314 129.906662
[4]: 58.775459 74.227898
[4]: 128.143524 133.324158
[4]: 128.813187 140.945679
[4]: 128.489685 131.868683
[4]: 127.535851 128.115768
[3]: 128.876923 129.667557
[3]: 126.821983 129.926086
[3]: 128.418167 127.448074
[3]: 58.846169 60.540619
[3]: 130.820389 131.771637
[3]: 129.526962 126.479179
[3]: 127.488678 135.141663
[3]: 129.557907 130.633560
[3]: 128.305679 135.352875
[3]: 124.374405 125.978561
[3]: 127.014549 119.108917
[3]: 127.403946 127.657806
[3]: 126.592354 128.203644
[3]: 125.134689 132.660767
[3]: 125.769920 129.234131
[3]: 128.799271 131.750046
[3]: 128.191025 132.714172
[3]: 188.839783 155.685638
[3]: 126.348625 124.603302
[3]: 130.161743 122.442459
[3]: 126.632301 124.990410
[3]: 129.564224 136.959061
[3]: 126.246414 132.554504
[3]: 129.163406 128.384995
[3]: 129.227081 129.326920
[3]: 129.560776 120.673088
[3]: 125.412430 128.321609
[3]: 126.609390 128.891006
[3]: 129.010788 125.635117
[3]: 115.708611 64.354279
[3]: 130.559494 128.957504
[3]: 125.770241 117.774368
[3]: 127.451988 124.986511
[3]: 126.113251 121.671371
[2]: 122.807121 127.894775
[2]: 128.397964 136.264862
[2]: 127.183723 137.254089
[2]: 114.316437 113.327965
[2]: 128.161392 139.689117
[2]: 127.084328 126.364342
[2]: 126.325409 130.981094
[2]: 125.893669 128.233978
[2]: 126.820793 143.741364
[2]: 132.678848 136.178146
[2]: 132.423019 114.198883
[2]: 128.317780 130.096924
[2]: 129.701614 122.856323
[2]: 127.569031 141.394409
[2]: 123.189758 131.694214
[2]: 128.481018 125.654327
[2]: 129.689285 135.343277
[2]: 69.446678 68.268845
[2]: 127.118217 129.859833
[2]: 124.307983 117.726288
[2]: 131.575012 129.149658
[2]: 125.120003 144.983566
[2]: 128.216095 140.783249
[2]: 125.510460 136.607025
[2]: 122.764771 122.202629
[2]: 126.566872 115.770721
[2]: 126.398666 127.232552
[2]: 128.217621 141.488953
[2]: 126.689034 117.123810
[2]: 196.434082 187.028641
[2]: 128.308105 115.487915
[2]: 130.391663 115.701958
[2]: 126.216980 126.823853
[2]: 124.875168 119.795769
[1]: 126.643433 124.435265
[1]: 125.556709 126.022057
[1]: 130.568558 136.218262
[1]: 198.502945 195.582352
[1]: 126.021957 128.496063
[1]: 126.147804 127.885963
[1]: 127.750893 126.182396
[1]: 124.372566 126.707695
[1]: 128.436432 139.348587
[1]: 124.978363 128.695145
[1]: 128.596542 120.969055
[1]: 128.293991 129.116302
[1]: 127.780365 129.162750
[1]: 128.892670 133.181931
[1]: 129.035812 133.151993
[1]: 123.639870 118.258011
[1]: 130.110764 134.611816
[1]: 186.053116 191.817841
[1]: 130.114517 132.786499
[1]: 124.578537 122.490532
[1]: 125.200272 125.744560
[1]: 128.481644 135.743011
[1]: 130.226898 140.021667
[1]: 127.228058 134.113419
[1]: 128.173721 129.365189
[1]: 126.325996 119.186768
[1]: 128.409607 122.164551
[1]: 131.278458 136.165558
[1]: 127.780945 127.482735
[1]: 138.961914 131.550781
[1]: 125.121643 119.676590
[1]: 124.244255 117.413986
[1]: 127.841568 126.122925
[1]: 131.198196 130.843796
[0]: 0.002672 124.891190
[0]: 0.002533 117.632103
[0]: 0.002510 117.247887
[0]: 0.002031 91.521843
[0]: 0.002523 115.437042
[0]: 0.002718 129.795883
[0]: 0.002559 121.578682
[0]: 0.002640 123.861870
[0]: 0.002276 103.972305
[0]: 0.002452 121.032570
[0]: 0.003293 151.454742
[0]: 0.002720 124.158813
[0]: 0.002767 131.248230
[0]: 0.002261 105.238052
[0]: 0.002382 117.011108
[0]: 0.002782 130.063766
[0]: 0.002400 116.268654
[0]: 0.003270 155.970764
[0]: 0.002631 124.307205
[0]: 0.002970 141.321823
[0]: 0.002578 127.129501
[0]: 0.002064 105.662453
[0]: 0.002265 105.882210
[0]: 0.002285 112.333275
[0]: 0.002609 126.447815
[0]: 0.003082 147.295670
[0]: 0.002917 128.576889
[0]: 0.002558 112.386185
[0]: 0.003094 138.924698
[0]: 0.003913 185.904358
[0]: 0.003047 143.981277
[0]: 0.003035 146.401062
[0]: 0.002589 127.767845
[0]: 0.002998 137.356873
