[4]: 132.432159 88.854584
[4]: 126.836334 129.177505
[4]: 117.904129 125.582451
[4]: 173.930054 174.353638
[4]: 124.594322 130.833359
[4]: 126.765602 129.059479
[4]: 122.387993 127.626648
[4]: 126.389420 130.029633
[4]: 111.252876 129.826614
[4]: 123.659187 129.877701
[4]: 133.923080 126.920883
[4]: 128.397034 129.414078
[4]: 127.930695 126.998917
[4]: 122.162163 132.668823
[4]: 123.592026 127.431389
[4]: 132.753708 132.213440
[4]: 118.670052 127.152657
[4]: 67.263580 60.974930
[4]: 125.855522 126.328506
[4]: 131.628586 126.056656
[4]: 130.921097 130.252426
[4]: 113.843704 130.796188
[4]: 117.078583 129.842697
[4]: 123.219727 131.010651
[4]: 128.845459 128.011810
[4]: 137.093811 125.621216
[4]: 133.075012 126.654617
[4]: 118.086906 129.251190
[4]: 129.906662 123.907478
[4]: 74.227898 123.752937
[4]: 133.324158 126.958992
[4]: 140.945679 170.253372
[4]: 131.868683 129.933060
[4]: 128.115768 122.507317
[3]: 129.667557 170.811172
[3]: 129.926086 126.993309
[3]: 127.448074 126.656303
[3]: 60.540619 87.443939
[3]: 131.771637 129.858093
[3]: 126.479179 128.628677
[3]: 135.141663 129.314835
[3]: 130.633560 127.866150
[3]: 135.352875 127.121620
[3]: 125.978561 125.912422
[3]: 119.108917 124.703796
[3]: 127.657806 128.283249
[3]: 128.203644 128.494965
[3]: 132.660767 128.987976
[3]: 129.234131 126.933365
[3]: 131.750046 131.161560
[3]: 132.714172 128.232010
[3]: 155.685638 126.625648
[3]: 124.603302 127.420479
[3]: 122.442459 126.065056
[3]: 124.990410 126.918541
[3]: 136.959061 128.238556
[3]: 132.554504 127.502953
[3]: 128.384995 128.225525
[3]: 129.326920 128.997192
[3]: 120.673088 124.109314
[3]: 128.321609 127.217545
[3]: 128.891006 128.537354
[3]: 125.635117 128.050018
[3]: 64.354279 58.942574
[3]: 128.957504 130.280014
[3]: 117.774368 83.114853
[3]: 124.986511 128.015610
[3]: 121.671371 125.793610
[2]: 127.894775 168.250381
[2]: 136.264862 130.376999
[2]: 137.254089 129.920090
[2]: 113.327965 92.067886
[2]: 139.689117 131.308640
[2]: 126.364342 127.746201
[2]: 130.981094 131.012894
[2]: 128.233978 138.654358
[2]: 143.741364 137.564346
[2]: 136.178146 132.596420
[2]: 114.198883 119.049263
[2]: 130.096924 133.534103
[2]: 122.856323 132.286987
[2]: 141.394409 138.248230
[2]: 131.694214 132.605331
[2]: 125.654327 129.997375
[2]: 135.343277 134.406372
[2]: 68.268845 125.851097
[2]: 129.859833 129.118988
[2]: 117.726288 120.134186
[2]: 129.149658 129.793945
[2]: 144.983566 134.814560
[2]: 140.783249 134.582962
[2]: 136.607025 141.098526
[2]: 122.202629 128.471237
[2]: 115.770721 122.887787
[2]: 127.232552 121.577240
[2]: 141.488953 129.708237
[2]: 117.123810 121.512856
[2]: 187.028641 187.884369
[2]: 115.487915 122.139359
[2]: 115.701958 76.035416
[2]: 126.823853 136.523285
[2]: 119.795769 117.788063
[1]: 124.435265 83.631866
[1]: 126.022057 128.103729
[1]: 136.218262 132.414459
[1]: 195.582352 176.765976
[1]: 128.496063 129.396500
[1]: 127.885963 126.635757
[1]: 126.182396 129.733795
[1]: 126.707695 131.654617
[1]: 139.348587 133.366562
[1]: 128.695145 129.076035
[1]: 120.969055 120.760513
[1]: 129.116302 128.973724
[1]: 129.162750 131.738434
[1]: 133.181931 131.048798
[1]: 133.151993 130.100876
[1]: 118.258011 125.697800
[1]: 134.611816 134.170334
[1]: 191.817841 191.954498
[1]: 132.786499 130.131485
[1]: 122.490532 121.924934
[1]: 125.744560 124.873222
[1]: 135.743011 131.372696
[1]: 140.021667 131.422012
[1]: 134.113419 135.736710
[1]: 129.365189 130.135529
[1]: 119.186768 124.108589
[1]: 122.164551 123.683502
[1]: 136.165558 130.045349
[1]: 127.482735 127.198021
[1]: 131.550781 119.839767
[1]: 119.676590 126.452927
[1]: 117.413986 162.610168
[1]: 126.122925 131.592728
[1]: 130.843796 125.328316
[0]: 124.891190 130.968231
[0]: 117.632103 120.500732
[0]: 117.247887 120.132057
[0]: 91.521843 93.521355
[0]: 115.437042 115.175209
[0]: 129.795883 123.721687
[0]: 121.578682 115.111099
[0]: 123.861870 98.991661
[0]: 103.972305 98.707603
[0]: 121.032570 114.502647
[0]: 151.454742 155.240219
[0]: 124.158813 115.637856
[0]: 131.248230 115.977463
[0]: 105.238052 94.937355
[0]: 117.011108 114.570702
[0]: 130.063766 114.635040
[0]: 116.268654 108.614876
[0]: 155.970764 139.604172
[0]: 124.307205 123.435379
[0]: 141.321823 146.545120
[0]: 127.129501 125.375549
[0]: 105.662453 107.119095
[0]: 105.882210 108.780617
[0]: 112.333275 86.877632
[0]: 126.447815 117.396057
[0]: 147.295670 148.644165
[0]: 128.576889 145.826813
[0]: 112.386185 117.189636
[0]: 138.924698 142.261292
[0]: 185.904358 166.680557
[0]: 143.981277 136.987610
[0]: 146.401062 149.231659
[0]: 127.767845 103.954819
[0]: 137.356873 154.352676
