[4]: 132.904205 132.432159
[4]: 127.916573 126.836334
[4]: 123.904457 117.904129
[4]: 129.243347 173.930054
[4]: 128.597504 124.594322
[4]: 126.670853 126.765602
[4]: 129.079254 122.387993
[4]: 128.208725 126.389420
[4]: 125.750496 111.252876
[4]: 130.694839 123.659187
[4]: 135.271500 133.923080
[4]: 128.064056 128.397034
[4]: 125.678101 127.930695
[4]: 125.628792 122.162163
[4]: 127.725685 123.592026
[4]: 129.165573 132.753708
[4]: 124.153770 118.670052
[4]: 57.907921 67.263580
[4]: 126.507599 125.855522
[4]: 127.457008 131.628586
[4]: 127.205193 130.921097
[4]: 129.509781 113.843704
[4]: 122.710548 117.078583
[4]: 126.554855 123.219727
[4]: 126.135429 128.845459
[4]: 126.517281 137.093811
[4]: 129.609177 133.075012
[4]: 127.408211 118.086906
[4]: 126.734787 129.906662
[4]: 67.944275 74.227898
[4]: 126.433662 133.324158
[4]: 131.122086 140.945679
[4]: 129.947037 131.868683
[4]: 126.713112 128.115768
[3]: 125.128830 129.667557
[3]: 127.583244 129.926086
[3]: 128.538971 127.448074
[3]: 127.975586 60.540619
[3]: 129.201508 131.771637
[3]: 127.583824 126.479179
[3]: 126.831200 135.141663
[3]: 127.781471 130.633560
[3]: 128.898666 135.352875
[3]: 121.114952 125.978561
[3]: 117.906830 119.108917
[3]: 126.318573 127.657806
[3]: 132.091171 128.203644
[3]: 131.355591 132.660767
[3]: 126.727234 129.234131
[3]: 127.572128 131.750046
[3]: 130.371719 132.714172
[3]: 196.597000 155.685638
[3]: 128.212677 124.603302
[3]: 125.310997 122.442459
[3]: 126.105186 124.990410
[3]: 127.129280 136.959061
[3]: 130.199966 132.554504
[3]: 128.860123 128.384995
[3]: 129.307648 129.326920
[3]: 130.081863 120.673088
[3]: 126.663818 128.321609
[3]: 127.783463 128.891006
[3]: 126.508835 125.635117
[3]: 66.698578 64.354279
[3]: 131.247574 128.957504
[3]: 124.413612 117.774368
[3]: 126.520462 124.986511
[3]: 129.470474 121.671371
[2]: 126.401367 127.894775
[2]: 130.124802 136.264862
[2]: 130.030396 137.254089
[2]: 122.921143 113.327965
[2]: 132.955994 139.689117
[2]: 129.970444 126.364342
[2]: 128.239014 130.981094
[2]: 126.756790 128.233978
[2]: 127.951859 143.741364
[2]: 124.742340 136.178146
[2]: 58.218300 114.198883
[2]: 127.227722 130.096924
[2]: 127.095047 122.856323
[2]: 123.481316 141.394409
[2]: 128.959930 131.694214
[2]: 128.230682 125.654327
[2]: 129.119385 135.343277
[2]: 119.864876 68.268845
[2]: 127.343231 129.859833
[2]: 124.574501 117.726288
[2]: 130.601273 129.149658
[2]: 128.439056 144.983566
[2]: 128.631088 140.783249
[2]: 127.037621 136.607025
[2]: 125.916565 122.202629
[2]: 128.532806 115.770721
[2]: 129.019485 127.232552
[2]: 127.711815 141.488953
[2]: 126.879463 117.123810
[2]: 187.777771 187.028641
[2]: 124.346390 115.487915
[2]: 123.793701 115.701958
[2]: 125.142220 126.823853
[2]: 127.883652 119.795769
[1]: 96.000000 124.435265
[1]: 100.000000 126.022057
[1]: 43.000000 136.218262
[1]: 188.000000 195.582352
[1]: 186.000000 128.496063
[1]: 129.000000 127.885963
[1]: 89.000000 126.182396
[1]: 152.000000 126.707695
[1]: 58.000000 139.348587
[1]: 101.000000 128.695145
[1]: 41.000000 120.969055
[1]: 175.000000 129.116302
[1]: 220.000000 129.162750
[1]: 118.000000 133.181931
[1]: 151.000000 133.151993
[1]: 228.000000 118.258011
[1]: 65.000000 134.611816
[1]: 183.000000 191.817841
[1]: 16.000000 132.786499
[1]: 95.000000 122.490532
[1]: 196.000000 125.744560
[1]: 70.000000 135.743011
[1]: 106.000000 140.021667
[1]: 197.000000 134.113419
[1]: 195.000000 129.365189
[1]: 92.000000 119.186768
[1]: 12.000000 122.164551
[1]: 23.000000 136.165558
[1]: 127.000000 127.482735
[1]: 49.000000 131.550781
[1]: 138.000000 119.676590
[1]: 164.000000 117.413986
[1]: 170.000000 126.122925
[1]: 730144440320.000000 130.843796
[0]: 127.171295 124.891190
[0]: 124.329651 117.632103
[0]: 127.075172 117.247887
[0]: 129.891510 91.521843
[0]: 122.096252 115.437042
[0]: 125.515717 129.795883
[0]: 125.314255 121.578682
[0]: 126.156845 123.861870
[0]: 125.906464 103.972305
[0]: 132.095367 121.032570
[0]: 197.239716 151.454742
[0]: 130.106537 124.158813
[0]: 126.526321 131.248230
[0]: 128.570312 105.238052
[0]: 125.050621 117.011108
[0]: 125.640434 130.063766
[0]: 127.256310 116.268654
[0]: 136.703232 155.970764
[0]: 128.073273 124.307205
[0]: 130.165115 141.321823
[0]: 126.424202 127.129501
[0]: 126.140686 105.662453
[0]: 128.939606 105.882210
[0]: 126.212761 112.333275
[0]: 127.704178 126.447815
[0]: 125.638855 147.295670
[0]: 126.132355 128.576889
[0]: 127.669151 112.386185
[0]: 130.452408 138.924698
[0]: 186.871872 185.904358
[0]: 130.099472 143.981277
[0]: 129.873825 146.401062
[0]: 128.347382 127.767845
[0]: 125.623268 137.356873
