[4]: 133.649399 132.432159
[4]: 126.275017 126.836334
[4]: 116.823318 117.904129
[4]: 172.814545 173.930054
[4]: 126.384010 124.594322
[4]: 126.145805 126.765602
[4]: 122.348869 122.387993
[4]: 127.823555 126.389420
[4]: 113.305740 111.252876
[4]: 123.310562 123.659187
[4]: 134.797958 133.923080
[4]: 128.839264 128.397034
[4]: 129.132294 127.930695
[4]: 122.778297 122.162163
[4]: 125.152832 123.592026
[4]: 134.123291 132.753708
[4]: 120.176208 118.670052
[4]: 67.134743 67.263580
[4]: 125.296501 125.855522
[4]: 130.772369 131.628586
[4]: 129.860992 130.921097
[4]: 113.522552 113.843704
[4]: 117.069427 117.078583
[4]: 121.989334 123.219727
[4]: 127.737854 128.845459
[4]: 136.862961 137.093811
[4]: 135.419006 133.075012
[4]: 118.114288 118.086906
[4]: 130.614487 129.906662
[4]: 73.231186 74.227898
[4]: 134.186478 133.324158
[4]: 139.059479 140.945679
[4]: 132.118942 131.868683
[4]: 129.838348 128.115768
[3]: 126.875359 129.667557
[3]: 129.120499 129.926086
[3]: 127.271141 127.448074
[3]: 60.894962 60.540619
[3]: 132.209061 131.771637
[3]: 127.658646 126.479179
[3]: 135.111130 135.141663
[3]: 129.590866 130.633560
[3]: 134.304016 135.352875
[3]: 126.142677 125.978561
[3]: 117.223740 119.108917
[3]: 126.275208 127.657806
[3]: 127.171494 128.203644
[3]: 132.105667 132.660767
[3]: 128.701447 129.234131
[3]: 130.482864 131.750046
[3]: 132.980164 132.714172
[3]: 158.649506 155.685638
[3]: 124.127449 124.603302
[3]: 124.056618 122.442459
[3]: 125.908554 124.990410
[3]: 137.891922 136.959061
[3]: 131.760712 132.554504
[3]: 130.778290 128.384995
[3]: 130.210541 129.326920
[3]: 120.896912 120.673088
[3]: 126.075439 128.321609
[3]: 129.617813 128.891006
[3]: 125.538231 125.635117
[3]: 65.100586 64.354279
[3]: 129.181412 128.957504
[3]: 121.505272 117.774368
[3]: 125.711754 124.986511
[3]: 121.534164 121.671371
[2]: 126.675407 127.894775
[2]: 137.085434 136.264862
[2]: 136.556427 137.254089
[2]: 111.496094 113.327965
[2]: 138.533157 139.689117
[2]: 126.680107 126.364342
[2]: 128.881577 130.981094
[2]: 128.260925 128.233978
[2]: 141.624954 143.741364
[2]: 137.790482 136.178146
[2]: 113.924767 114.198883
[2]: 128.529648 130.096924
[2]: 122.366989 122.856323
[2]: 140.317825 141.394409
[2]: 131.571640 131.694214
[2]: 125.460869 125.654327
[2]: 133.783478 135.343277
[2]: 67.343880 68.268845
[2]: 130.782593 129.859833
[2]: 117.350975 117.726288
[2]: 130.889297 129.149658
[2]: 145.387634 144.983566
[2]: 141.999130 140.783249
[2]: 138.182892 136.607025
[2]: 123.588936 122.202629
[2]: 115.590775 115.770721
[2]: 125.258369 127.232552
[2]: 140.458633 141.488953
[2]: 116.605515 117.123810
[2]: 185.825073 187.028641
[2]: 115.560165 115.487915
[2]: 116.738602 115.701958
[2]: 126.214851 126.823853
[2]: 118.791443 119.795769
[1]: 126.506256 124.435265
[1]: 126.746170 126.022057
[1]: 137.202591 136.218262
[1]: 196.418793 195.582352
[1]: 127.239990 128.496063
[1]: 127.657547 127.885963
[1]: 126.557411 126.182396
[1]: 126.308174 126.707695
[1]: 138.190308 139.348587
[1]: 128.582993 128.695145
[1]: 120.662750 120.969055
[1]: 130.486908 129.116302
[1]: 128.580185 129.162750
[1]: 133.562317 133.181931
[1]: 132.649231 133.151993
[1]: 118.548859 118.258011
[1]: 134.033035 134.611816
[1]: 190.601334 191.817841
[1]: 133.116684 132.786499
[1]: 123.279327 122.490532
[1]: 125.974342 125.744560
[1]: 136.599548 135.743011
[1]: 139.775253 140.021667
[1]: 133.447021 134.113419
[1]: 128.901428 129.365189
[1]: 119.389412 119.186768
[1]: 121.597763 122.164551
[1]: 135.060715 136.165558
[1]: 126.296432 127.482735
[1]: 132.778595 131.550781
[1]: 118.584160 119.676590
[1]: 115.980408 117.413986
[1]: 125.732567 126.122925
[1]: 129.183548 130.843796
[0]: 125.640022 124.891190
[0]: 117.381058 117.632103
[0]: 118.221718 117.247887
[0]: 92.659294 91.521843
[0]: 115.568443 115.437042
[0]: 129.099976 129.795883
[0]: 123.503571 121.578682
[0]: 123.849609 123.861870
[0]: 106.335716 103.972305
[0]: 119.573257 121.032570
[0]: 153.361359 151.454742
[0]: 125.342422 124.158813
[0]: 132.273682 131.248230
[0]: 105.774330 105.238052
[0]: 116.516647 117.011108
[0]: 129.885834 130.063766
[0]: 116.603806 116.268654
[0]: 155.565002 155.970764
[0]: 124.041641 124.307205
[0]: 140.097473 141.321823
[0]: 125.122002 127.129501
[0]: 103.489807 105.662453
[0]: 105.587883 105.882210
[0]: 109.964378 112.333275
[0]: 125.688545 126.447815
[0]: 147.383804 147.295670
[0]: 131.257156 128.576889
[0]: 113.793854 112.386185
[0]: 140.205460 138.924698
[0]: 186.526978 185.904358
[0]: 144.047928 143.981277
[0]: 144.903641 146.401062
[0]: 127.768906 127.767845
[0]: 138.598892 137.356873
