[4]: 109.004539 132.432159
[4]: 131.436554 126.836334
[4]: 122.691673 117.904129
[4]: 200.738388 173.930054
[4]: 130.017441 124.594322
[4]: 127.540573 126.765602
[4]: 124.381653 122.387993
[4]: 128.476151 126.389420
[4]: 125.979179 111.252876
[4]: 130.198441 123.659187
[4]: 129.474014 133.923080
[4]: 129.806992 128.397034
[4]: 125.360741 127.930695
[4]: 129.117096 122.162163
[4]: 125.275848 123.592026
[4]: 130.927841 132.753708
[4]: 126.034439 118.670052
[4]: 60.881653 67.263580
[4]: 125.822563 125.855522
[4]: 129.757523 131.628586
[4]: 130.332001 130.921097
[4]: 126.757256 113.843704
[4]: 127.783859 117.078583
[4]: 126.399628 123.219727
[4]: 126.209381 128.845459
[4]: 124.708580 137.093811
[4]: 129.052856 133.075012
[4]: 127.984070 118.086906
[4]: 125.618347 129.906662
[4]: 129.081238 74.227898
[4]: 126.243195 133.324158
[4]: 161.830582 140.945679
[4]: 126.637924 131.868683
[4]: 125.088005 128.115768
[3]: 170.462143 129.667557
[3]: 126.322662 129.926086
[3]: 124.864754 127.448074
[3]: 85.997757 60.540619
[3]: 128.807785 131.771637
[3]: 126.879341 126.479179
[3]: 128.211807 135.141663
[3]: 128.064392 130.633560
[3]: 127.123795 135.352875
[3]: 125.220505 125.978561
[3]: 126.222748 119.108917
[3]: 128.720535 127.657806
[3]: 127.622803 128.203644
[3]: 127.035080 132.660767
[3]: 127.187157 129.234131
[3]: 129.687057 131.750046
[3]: 126.662933 132.714172
[3]: 127.239838 155.685638
[3]: 126.414902 124.603302
[3]: 126.808617 122.442459
[3]: 126.498627 124.990410
[3]: 127.335083 136.959061
[3]: 127.009666 132.554504
[3]: 126.805222 128.384995
[3]: 128.016327 129.326920
[3]: 125.699547 120.673088
[3]: 128.873840 128.321609
[3]: 127.058762 128.891006
[3]: 128.571213 125.635117
[3]: 63.175125 64.354279
[3]: 128.868713 128.957504
[3]: 84.212639 117.774368
[3]: 127.811050 124.986511
[3]: 125.922615 121.671371
[2]: 168.620132 127.894775
[2]: 128.668869 136.264862
[2]: 128.760056 137.254089
[2]: 82.003906 113.327965
[2]: 127.586578 139.689117
[2]: 128.336258 126.364342
[2]: 127.003906 130.981094
[2]: 127.504227 128.233978
[2]: 126.660095 143.741364
[2]: 128.877945 136.178146
[2]: 127.726181 114.198883
[2]: 127.891266 130.096924
[2]: 128.505447 122.856323
[2]: 127.952164 141.394409
[2]: 127.442818 131.694214
[2]: 126.395744 125.654327
[2]: 128.722015 135.343277
[2]: 129.062180 68.268845
[2]: 128.756851 129.859833
[2]: 126.726501 117.726288
[2]: 129.238602 129.149658
[2]: 127.817307 144.983566
[2]: 128.036880 140.783249
[2]: 127.487068 136.607025
[2]: 125.993019 122.202629
[2]: 129.254608 115.770721
[2]: 126.696335 127.232552
[2]: 127.700050 141.488953
[2]: 126.806541 117.123810
[2]: 191.505707 187.028641
[2]: 127.467087 115.487915
[2]: 86.366928 115.701958
[2]: 127.141327 126.823853
[2]: 128.089584 119.795769
[1]: 95.726509 124.435265
[1]: 124.786980 126.022057
[1]: 133.546982 136.218262
[1]: 203.120132 195.582352
[1]: 127.976242 128.496063
[1]: 127.401123 127.885963
[1]: 128.198547 126.182396
[1]: 124.996071 126.707695
[1]: 128.915955 139.348587
[1]: 124.991249 128.695145
[1]: 125.365669 120.969055
[1]: 126.351997 129.116302
[1]: 129.661392 129.162750
[1]: 126.339676 133.181931
[1]: 128.553955 133.151993
[1]: 123.216148 118.258011
[1]: 131.728653 134.611816
[1]: 192.451675 191.817841
[1]: 129.800735 132.786499
[1]: 122.719543 122.490532
[1]: 124.261971 125.744560
[1]: 127.670326 135.743011
[1]: 129.223648 140.021667
[1]: 128.626480 134.113419
[1]: 128.145493 129.365189
[1]: 127.077347 119.186768
[1]: 125.777596 122.164551
[1]: 128.348785 136.165558
[1]: 128.495529 127.482735
[1]: 126.531975 131.550781
[1]: 128.061447 119.676590
[1]: 145.791092 117.413986
[1]: 129.891663 126.122925
[1]: 131.883621 130.843796
[0]: 45.407501 124.891190
[0]: 125.742493 117.632103
[0]: 127.536537 117.247887
[0]: 92.464600 91.521843
[0]: 126.047920 115.437042
[0]: 126.651413 129.795883
[0]: 129.182617 121.578682
[0]: 126.462219 123.861870
[0]: 127.092216 103.972305
[0]: 126.634193 121.032570
[0]: 129.906647 151.454742
[0]: 126.286057 124.158813
[0]: 127.913788 131.248230
[0]: 125.292511 105.238052
[0]: 126.855217 117.011108
[0]: 127.678261 130.063766
[0]: 124.871758 116.268654
[0]: 129.623657 155.970764
[0]: 126.658775 124.307205
[0]: 128.989914 141.321823
[0]: 127.239494 127.129501
[0]: 130.059479 105.662453
[0]: 125.736374 105.882210
[0]: 126.338509 112.333275
[0]: 128.447037 126.447815
[0]: 132.956955 147.295670
[0]: 129.149658 128.576889
[0]: 127.235413 112.386185
[0]: 129.074203 138.924698
[0]: 127.297493 185.904358
[0]: 129.877655 143.981277
[0]: 208.692078 146.401062
[0]: 125.630676 127.767845
[0]: 126.115501 137.356873
