[19]: 1977  6 16  6  5 DEBBY       7.0   1.2   44  174 1968  8 15 18 15 CHRIS       7.2   5.9   86  339
[18]: 1953  3 28  0 20 OSCAR       7.1   0.4   68  869 1953  1 14  0 23 TONY        7.0   0.2   25  885
[17]: 1994  3 24  6 16 WILLIAM     7.0   0.7   60  175 1964 12  2 18 20 TONY        7.3   0.7   45  849
[16]: 1964  3 19  6 19 BERYL       7.1   0.7  126  660 1994  5  7 12  3 PATTY       7.3   0.7   54  149
[14]: 1986  1  2  6  5 WILLIAM     7.2   0.7   32  332 1977  6 16  6  5 DEBBY       7.0   1.2   44  174
[12]: 1951  8 27 18 23 VALERIE     7.0   0.6  150  688 1987  1  6  6  1 DEBBY       7.3   0.9   35  617
[11]: 1994  3 24  6 16 WILLIAM     7.0   0.7   60  175 1964 11 12 18 13 GORDON      7.2   0.5   24  612
[10]: 1986  1  2  6  5 WILLIAM     7.2   0.7   32  332 1964 12  2 18 20 TONY        7.3   0.7   45  849
[9]: 1964  3 19  6 19 BERYL       7.1   0.7  126  660 1953  2 14  0 25 ALBERTO     7.3   1.5  120  109
[8]: 1977  6 16  6  5 DEBBY       7.0   1.2   44  174 1951  8 27 18 23 VALERIE     7.0   0.6  150  688
[6]: 1953  1 14  0 23 TONY        7.0   0.2   25  885 1977  6 16  6  5 DEBBY       7.0   1.2   44  174
[5]: 1999 11 25 18  3 ALBERTO     7.0   0.9   63  809 1959  8 14 18 11 PATTY       7.1   1.2  130  146
[4]: 1964 11 12 18 13 GORDON      7.2   0.5   24  612 1979 11  6 18 23 LESLIE      7.4   5.3  107  429
[1]: 1953  3 28  0 20 OSCAR       7.1   0.4   68  869 1994  5  7 12  3 PATTY       7.3   0.7   54  149
