[19]: 1983  6 22  0 14 GORDON      7.1   5.8  130  838 1994  7  1 18 28 RAFAEL      7.0   5.1   47  135
[18]: 1970  5  4 18 28 WILLIAM     7.1   5.9  156  335 1978 12  1  6  4 ALBERTO     7.1   4.7   21  674
[17]: 1994  7  1 18 28 RAFAEL      7.0   5.1   47  135 1970  5  4 18 28 WILLIAM     7.1   5.9  156  335
[16]: 1970  5  4 18 28 WILLIAM     7.1   5.9  156  335 1978 12  1  6  4 ALBERTO     7.1   4.7   21  674
[14]: 1970  5  4 18 28 WILLIAM     7.1   5.9  156  335 1978 12  1  6  4 ALBERTO     7.1   4.7   21  674
[13]: 1989  9  9  6 13 CHRIS       7.0   4.6   21  602 1970  5  4 18 28 WILLIAM     7.1   5.9  156  335
[12]: 1983  6 22  0 14 GORDON      7.1   5.8  130  838 1995  5 22  6 14 ERNESTO     7.1   4.9   53  190
[11]: 1995  5 22  6 14 ERNESTO     7.1   4.9   53  190 2000 10 11  0 20 OSCAR       7.1   4.6   65  547
[10]: 1983  6 22  0 14 GORDON      7.1   5.8  130  838 1988  9 19 12  3 LESLIE      7.1   6.0   62  879
[9]: 1989  9  9  6 13 CHRIS       7.0   4.6   21  602 1994  7  1 18 28 RAFAEL      7.0   5.1   47  135
[8]: 1988  9 19 12  3 LESLIE      7.1   6.0   62  879 1989  9  9  6 13 CHRIS       7.0   4.6   21  602
[6]: 1994  7  1 18 28 RAFAEL      7.0   5.1   47  135 1995  5 22  6 14 ERNESTO     7.1   4.9   53  190
[3]: 1988  9 19 12  3 LESLIE      7.1   6.0   62  879 1989  9  9  6 13 CHRIS       7.0   4.6   21  602
[2]: 1995  5 22  6 14 ERNESTO     7.1   4.9   53  190 1983  6 22  0 14 GORDON      7.1   5.8  130  838
[1]: 1994  7  1 18 28 RAFAEL      7.0   5.1   47  135 1995  5 22  6 14 ERNESTO     7.1   4.9   53  190
[0]: 1995  5 22  6 14 ERNESTO     7.1   4.9   53  190 1994  7  1 18 28 RAFAEL      7.0   5.1   47  135
