[4]: 133.640091 132.432159
[4]: 128.886658 126.836334
[4]: 123.178963 117.904129
[4]: 138.412338 173.930054
[4]: 127.639328 124.594322
[4]: 127.041969 126.765602
[4]: 127.766251 122.387993
[4]: 128.865173 126.389420
[4]: 124.840103 111.252876
[4]: 126.348297 123.659187
[4]: 122.284142 133.923080
[4]: 128.116974 128.397034
[4]: 126.829773 127.930695
[4]: 127.271767 122.162163
[4]: 130.812363 123.592026
[4]: 129.358063 132.753708
[4]: 122.623703 118.670052
[4]: 68.093689 67.263580
[4]: 126.809616 125.855522
[4]: 128.539505 131.628586
[4]: 126.700615 130.921097
[4]: 128.376038 113.843704
[4]: 125.810387 117.078583
[4]: 126.383377 123.219727
[4]: 128.937744 128.845459
[4]: 128.452576 137.093811
[4]: 131.296005 133.075012
[4]: 124.695709 118.086906
[4]: 127.130814 129.906662
[4]: 58.474457 74.227898
[4]: 128.295425 133.324158
[4]: 129.091965 140.945679
[4]: 128.430450 131.868683
[4]: 127.306267 128.115768
[3]: 129.494156 129.667557
[3]: 126.321930 129.926086
[3]: 128.002365 127.448074
[3]: 58.734413 60.540619
[3]: 131.298645 131.771637
[3]: 129.383636 126.479179
[3]: 127.144852 135.141663
[3]: 129.475922 130.633560
[3]: 128.330185 135.352875
[3]: 124.000893 125.978561
[3]: 126.948074 119.108917
[3]: 126.763123 127.657806
[3]: 127.288994 128.203644
[3]: 125.878235 132.660767
[3]: 125.891861 129.234131
[3]: 128.905670 131.750046
[3]: 128.441971 132.714172
[3]: 188.999741 155.685638
[3]: 125.851509 124.603302
[3]: 130.323074 122.442459
[3]: 127.173561 124.990410
[3]: 129.799515 136.959061
[3]: 126.358955 132.554504
[3]: 129.381973 128.384995
[3]: 129.668610 129.326920
[3]: 129.778290 120.673088
[3]: 124.901321 128.321609
[3]: 126.641495 128.891006
[3]: 129.194992 125.635117
[3]: 116.802902 64.354279
[3]: 130.471893 128.957504
[3]: 124.778282 117.774368
[3]: 127.660614 124.986511
[3]: 126.608047 121.671371
[2]: 122.998093 127.894775
[2]: 128.239090 136.264862
[2]: 127.411972 137.254089
[2]: 115.283691 113.327965
[2]: 127.829529 139.689117
[2]: 127.417244 126.364342
[2]: 126.791794 130.981094
[2]: 126.038818 128.233978
[2]: 126.786514 143.741364
[2]: 133.030746 136.178146
[2]: 132.365082 114.198883
[2]: 128.343094 130.096924
[2]: 129.724823 122.856323
[2]: 127.520302 141.394409
[2]: 122.943008 131.694214
[2]: 128.302628 125.654327
[2]: 129.977509 135.343277
[2]: 69.259163 68.268845
[2]: 127.085648 129.859833
[2]: 124.494698 117.726288
[2]: 131.497498 129.149658
[2]: 124.908379 144.983566
[2]: 128.670181 140.783249
[2]: 125.827057 136.607025
[2]: 122.747566 122.202629
[2]: 126.142319 115.770721
[2]: 126.778893 127.232552
[2]: 127.955528 141.488953
[2]: 126.499908 117.123810
[2]: 196.394363 187.028641
[2]: 128.263489 115.487915
[2]: 130.156815 115.701958
[2]: 126.131332 126.823853
[2]: 124.789818 119.795769
[1]: 125.469376 124.435265
[1]: 126.408768 126.022057
[1]: 130.985825 136.218262
[1]: 198.604111 195.582352
[1]: 125.932404 128.496063
[1]: 125.830093 127.885963
[1]: 127.729477 126.182396
[1]: 124.487633 126.707695
[1]: 128.547333 139.348587
[1]: 125.321030 128.695145
[1]: 128.589294 120.969055
[1]: 128.537491 129.116302
[1]: 127.515732 129.162750
[1]: 128.410645 133.181931
[1]: 128.814240 133.151993
[1]: 123.953056 118.258011
[1]: 129.857422 134.611816
[1]: 186.027847 191.817841
[1]: 130.426117 132.786499
[1]: 124.197945 122.490532
[1]: 124.881699 125.744560
[1]: 128.125610 135.743011
[1]: 129.674500 140.021667
[1]: 127.067665 134.113419
[1]: 127.760880 129.365189
[1]: 126.339874 119.186768
[1]: 128.409409 122.164551
[1]: 131.330032 136.165558
[1]: 127.805557 127.482735
[1]: 138.170746 131.550781
[1]: 125.116165 119.676590
[1]: 125.192307 117.413986
[1]: 127.780624 126.122925
[1]: 131.013397 130.843796
[0]: 2.000000 124.891190
[0]: 238.000000 117.632103
[0]: 67.000000 117.247887
[0]: 43.000000 91.521843
[0]: 156.000000 115.437042
[0]: 168.000000 129.795883
[0]: 112.000000 121.578682
[0]: 5.000000 123.861870
[0]: 74.000000 103.972305
[0]: 4.000000 121.032570
[0]: 252.000000 151.454742
[0]: 220.000000 124.158813
[0]: 106.000000 131.248230
[0]: 176.000000 105.238052
[0]: 98.000000 117.011108
[0]: 219.000000 130.063766
[0]: 132.000000 116.268654
[0]: 254.000000 155.970764
[0]: 217.000000 124.307205
[0]: 101.000000 141.321823
[0]: 65.000000 127.129501
[0]: 93.000000 105.662453
[0]: 105.000000 105.882210
[0]: 151.000000 112.333275
[0]: 60.000000 126.447815
[0]: 190.000000 147.295670
[0]: 192.000000 128.576889
[0]: 38.000000 112.386185
[0]: 235.000000 138.924698
[0]: 232.000000 185.904358
[0]: 3.000000 143.981277
[0]: 215.000000 146.401062
[0]: 82.000000 127.767845
[0]: 10158080.000000 137.356873
