[4]: 133.526642 132.432159
[4]: 126.086205 126.836334
[4]: 117.098206 117.904129
[4]: 172.729935 173.930054
[4]: 126.512276 124.594322
[4]: 126.429306 126.765602
[4]: 122.489700 122.387993
[4]: 127.589088 126.389420
[4]: 113.011131 111.252876
[4]: 123.294701 123.659187
[4]: 134.737579 133.923080
[4]: 129.258789 128.397034
[4]: 129.088104 127.930695
[4]: 122.541801 122.162163
[4]: 125.027946 123.592026
[4]: 134.315231 132.753708
[4]: 120.442566 118.670052
[4]: 67.350914 67.263580
[4]: 125.495621 125.855522
[4]: 130.832001 131.628586
[4]: 129.990768 130.921097
[4]: 113.235260 113.843704
[4]: 117.109657 117.078583
[4]: 121.909683 123.219727
[4]: 128.085815 128.845459
[4]: 136.337250 137.093811
[4]: 135.333786 133.075012
[4]: 117.912766 118.086906
[4]: 130.476273 129.906662
[4]: 73.142815 74.227898
[4]: 134.773590 133.324158
[4]: 139.381378 140.945679
[4]: 132.041992 131.868683
[4]: 129.666931 128.115768
[3]: 127.020142 129.667557
[3]: 129.170563 129.926086
[3]: 127.242836 127.448074
[3]: 60.785809 60.540619
[3]: 131.995468 131.771637
[3]: 127.354927 126.479179
[3]: 134.821793 135.141663
[3]: 130.094055 130.633560
[3]: 134.688232 135.352875
[3]: 126.094452 125.978561
[3]: 117.515182 119.108917
[3]: 126.017487 127.657806
[3]: 127.493401 128.203644
[3]: 132.447739 132.660767
[3]: 128.894699 129.234131
[3]: 130.593399 131.750046
[3]: 132.700729 132.714172
[3]: 158.500656 155.685638
[3]: 123.812195 124.603302
[3]: 123.823898 122.442459
[3]: 125.657089 124.990410
[3]: 138.227692 136.959061
[3]: 131.749207 132.554504
[3]: 130.634293 128.384995
[3]: 129.593781 129.326920
[3]: 121.289207 120.673088
[3]: 125.959175 128.321609
[3]: 129.749283 128.891006
[3]: 125.850830 125.635117
[3]: 65.146126 64.354279
[3]: 129.072830 128.957504
[3]: 121.233078 117.774368
[3]: 125.595894 124.986511
[3]: 121.731949 121.671371
[2]: 126.626785 127.894775
[2]: 137.197556 136.264862
[2]: 136.493912 137.254089
[2]: 111.707321 113.327965
[2]: 138.609253 139.689117
[2]: 126.505699 126.364342
[2]: 129.091690 130.981094
[2]: 128.191742 128.233978
[2]: 141.560669 143.741364
[2]: 137.742447 136.178146
[2]: 114.224091 114.198883
[2]: 128.398071 130.096924
[2]: 122.414963 122.856323
[2]: 140.363495 141.394409
[2]: 131.593567 131.694214
[2]: 125.266472 125.654327
[2]: 133.669724 135.343277
[2]: 67.215569 68.268845
[2]: 130.800522 129.859833
[2]: 117.345734 117.726288
[2]: 130.970764 129.149658
[2]: 145.310928 144.983566
[2]: 141.843140 140.783249
[2]: 138.094162 136.607025
[2]: 123.660561 122.202629
[2]: 115.942802 115.770721
[2]: 125.588303 127.232552
[2]: 140.700470 141.488953
[2]: 116.675056 117.123810
[2]: 185.828247 187.028641
[2]: 115.445709 115.487915
[2]: 116.397278 115.701958
[2]: 126.424362 126.823853
[2]: 118.717278 119.795769
[1]: 126.443092 124.435265
[1]: 126.860985 126.022057
[1]: 137.197662 136.218262
[1]: 196.394943 195.582352
[1]: 127.162971 128.496063
[1]: 127.524620 127.885963
[1]: 126.732864 126.182396
[1]: 126.155502 126.707695
[1]: 138.319412 139.348587
[1]: 128.560638 128.695145
[1]: 120.610893 120.969055
[1]: 130.245422 129.116302
[1]: 128.534973 129.162750
[1]: 133.453125 133.181931
[1]: 132.611130 133.151993
[1]: 118.402725 118.258011
[1]: 133.946487 134.611816
[1]: 190.586929 191.817841
[1]: 133.152618 132.786499
[1]: 123.428162 122.490532
[1]: 126.115829 125.744560
[1]: 136.654526 135.743011
[1]: 139.954498 140.021667
[1]: 133.636169 134.113419
[1]: 129.119644 129.365189
[1]: 119.669701 119.186768
[1]: 121.590279 122.164551
[1]: 135.228943 136.165558
[1]: 126.346016 127.482735
[1]: 132.726181 131.550781
[1]: 118.377365 119.676590
[1]: 115.957138 117.413986
[1]: 125.584755 126.122925
[1]: 129.286499 130.843796
[0]: 125.732048 124.891190
[0]: 117.270790 117.632103
[0]: 118.027382 117.247887
[0]: 92.708458 91.521843
[0]: 115.651108 115.437042
[0]: 129.463745 129.795883
[0]: 123.242210 121.578682
[0]: 123.788788 123.861870
[0]: 106.148529 103.972305
[0]: 119.713448 121.032570
[0]: 152.862320 151.454742
[0]: 125.578529 124.158813
[0]: 131.970978 131.248230
[0]: 105.708282 105.238052
[0]: 116.452042 117.011108
[0]: 129.918030 130.063766
[0]: 116.834595 116.268654
[0]: 155.754257 155.970764
[0]: 124.115723 124.307205
[0]: 140.141388 141.321823
[0]: 125.008438 127.129501
[0]: 103.436630 105.662453
[0]: 105.515327 105.882210
[0]: 110.083694 112.333275
[0]: 125.670143 126.447815
[0]: 146.847260 147.295670
[0]: 131.126480 128.576889
[0]: 113.413811 112.386185
[0]: 139.894440 138.924698
[0]: 186.712250 185.904358
[0]: 143.887466 143.981277
[0]: 145.254776 146.401062
[0]: 127.915878 127.767845
[0]: 138.553726 137.356873
