[4]: 132.376190 132.432159
[4]: 126.544846 126.836334
[4]: 117.851624 117.904129
[4]: 174.379288 173.930054
[4]: 123.731316 124.594322
[4]: 127.157921 126.765602
[4]: 122.192986 122.387993
[4]: 126.348602 126.389420
[4]: 111.504295 111.252876
[4]: 123.741890 123.659187
[4]: 133.571167 133.923080
[4]: 128.496658 128.397034
[4]: 127.325935 127.930695
[4]: 122.053352 122.162163
[4]: 123.593513 123.592026
[4]: 132.180817 132.753708
[4]: 118.131203 118.670052
[4]: 67.104805 67.263580
[4]: 125.636688 125.855522
[4]: 131.893448 131.628586
[4]: 130.945694 130.921097
[4]: 114.081024 113.843704
[4]: 117.276878 117.078583
[4]: 123.819656 123.219727
[4]: 128.867920 128.845459
[4]: 136.977570 137.093811
[4]: 133.056854 133.075012
[4]: 118.008743 118.086906
[4]: 130.068619 129.906662
[4]: 74.641541 74.227898
[4]: 133.075546 133.324158
[4]: 141.579758 140.945679
[4]: 131.683212 131.868683
[4]: 127.462471 128.115768
[3]: 129.797714 129.667557
[3]: 129.982544 129.926086
[3]: 127.260185 127.448074
[3]: 60.683472 60.540619
[3]: 132.197220 131.771637
[3]: 126.396790 126.479179
[3]: 135.258163 135.141663
[3]: 130.706070 130.633560
[3]: 135.191452 135.352875
[3]: 125.861214 125.978561
[3]: 119.770355 119.108917
[3]: 127.909843 127.657806
[3]: 128.545853 128.203644
[3]: 132.664459 132.660767
[3]: 129.047684 129.234131
[3]: 132.283951 131.750046
[3]: 132.983795 132.714172
[3]: 155.343872 155.685638
[3]: 124.734047 124.603302
[3]: 122.550301 122.442459
[3]: 125.019402 124.990410
[3]: 137.112595 136.959061
[3]: 132.469177 132.554504
[3]: 128.214844 128.384995
[3]: 129.444946 129.326920
[3]: 120.536743 120.673088
[3]: 128.461548 128.321609
[3]: 128.754456 128.891006
[3]: 125.696640 125.635117
[3]: 64.148682 64.354279
[3]: 129.391174 128.957504
[3]: 117.435287 117.774368
[3]: 124.967041 124.986511
[3]: 121.739731 121.671371
[2]: 128.174789 127.894775
[2]: 135.885681 136.264862
[2]: 137.011124 137.254089
[2]: 113.068802 113.327965
[2]: 139.867401 139.689117
[2]: 126.241203 126.364342
[2]: 131.212997 130.981094
[2]: 128.316360 128.233978
[2]: 143.826004 143.741364
[2]: 136.195038 136.178146
[2]: 114.037262 114.198883
[2]: 129.816711 130.096924
[2]: 123.399536 122.856323
[2]: 140.932785 141.394409
[2]: 131.978790 131.694214
[2]: 125.969574 125.654327
[2]: 135.658371 135.343277
[2]: 68.639473 68.268845
[2]: 129.793045 129.859833
[2]: 117.484230 117.726288
[2]: 129.127350 129.149658
[2]: 145.264801 144.983566
[2]: 141.166290 140.783249
[2]: 135.854294 136.607025
[2]: 122.224037 122.202629
[2]: 116.043221 115.770721
[2]: 127.621117 127.232552
[2]: 141.865662 141.488953
[2]: 116.904106 117.123810
[2]: 186.967499 187.028641
[2]: 115.505203 115.487915
[2]: 114.744820 115.701958
[2]: 127.578056 126.823853
[2]: 120.627708 119.795769
[1]: 124.027679 124.435265
[1]: 126.115540 126.022057
[1]: 136.286896 136.218262
[1]: 195.595001 195.582352
[1]: 129.258987 128.496063
[1]: 127.688232 127.885963
[1]: 126.040771 126.182396
[1]: 126.371719 126.707695
[1]: 139.330627 139.348587
[1]: 128.904037 128.695145
[1]: 121.253372 120.969055
[1]: 129.037338 129.116302
[1]: 129.594376 129.162750
[1]: 133.379745 133.181931
[1]: 133.204330 133.151993
[1]: 118.566147 118.258011
[1]: 134.771027 134.611816
[1]: 191.942780 191.817841
[1]: 132.951035 132.786499
[1]: 122.345367 122.490532
[1]: 125.669525 125.744560
[1]: 135.400101 135.743011
[1]: 139.769775 140.021667
[1]: 134.001877 134.113419
[1]: 129.480789 129.365189
[1]: 119.193886 119.186768
[1]: 122.136902 122.164551
[1]: 135.871124 136.165558
[1]: 127.581276 127.482735
[1]: 131.457397 131.550781
[1]: 120.255943 119.676590
[1]: 117.402588 117.413986
[1]: 125.832382 126.122925
[1]: 130.969681 130.843796
[0]: 124.960609 124.891190
[0]: 118.128716 117.632103
[0]: 117.607437 117.247887
[0]: 91.332794 91.521843
[0]: 114.780426 115.437042
[0]: 129.821701 129.795883
[0]: 121.519485 121.578682
[0]: 124.090950 123.861870
[0]: 103.639374 103.972305
[0]: 120.763550 121.032570
[0]: 151.096252 151.454742
[0]: 124.148323 124.158813
[0]: 130.492676 131.248230
[0]: 105.509552 105.238052
[0]: 116.799950 117.011108
[0]: 129.440353 130.063766
[0]: 115.953667 116.268654
[0]: 156.111588 155.970764
[0]: 124.271645 124.307205
[0]: 141.422546 141.321823
[0]: 127.181038 127.129501
[0]: 105.147469 105.662453
[0]: 105.494217 105.882210
[0]: 112.726730 112.333275
[0]: 126.168709 126.447815
[0]: 147.390076 147.295670
[0]: 128.072708 128.576889
[0]: 112.419456 112.386185
[0]: 138.887299 138.924698
[0]: 185.577118 185.904358
[0]: 143.217178 143.981277
[0]: 147.267624 146.401062
[0]: 127.513062 127.767845
[0]: 137.009079 137.356873
