[4]: 132.235062 132.432159
[4]: 127.404762 126.836334
[4]: 117.924316 117.904129
[4]: 173.590317 173.930054
[4]: 124.353668 124.594322
[4]: 126.980721 126.765602
[4]: 121.953270 122.387993
[4]: 126.324715 126.389420
[4]: 111.438553 111.252876
[4]: 123.930183 123.659187
[4]: 133.771912 133.923080
[4]: 128.646255 128.397034
[4]: 127.526375 127.930695
[4]: 122.249184 122.162163
[4]: 123.949303 123.592026
[4]: 132.798569 132.753708
[4]: 118.411110 118.670052
[4]: 66.971519 67.263580
[4]: 125.483780 125.855522
[4]: 132.151291 131.628586
[4]: 130.697021 130.921097
[4]: 114.242844 113.843704
[4]: 117.390800 117.078583
[4]: 123.338913 123.219727
[4]: 128.941299 128.845459
[4]: 137.335983 137.093811
[4]: 132.989212 133.075012
[4]: 117.982071 118.086906
[4]: 130.166840 129.906662
[4]: 74.046173 74.227898
[4]: 133.062439 133.324158
[4]: 140.585953 140.945679
[4]: 132.272751 131.868683
[4]: 128.432999 128.115768
[3]: 129.760986 129.667557
[3]: 129.657623 129.926086
[3]: 127.435890 127.448074
[3]: 60.784363 60.540619
[3]: 131.811096 131.771637
[3]: 126.761536 126.479179
[3]: 135.605713 135.141663
[3]: 130.955276 130.633560
[3]: 135.171387 135.352875
[3]: 125.479988 125.978561
[3]: 118.822365 119.108917
[3]: 127.205162 127.657806
[3]: 128.347382 128.203644
[3]: 132.341354 132.660767
[3]: 128.948547 129.234131
[3]: 131.746445 131.750046
[3]: 132.914536 132.714172
[3]: 156.491318 155.685638
[3]: 124.650116 124.603302
[3]: 122.542221 122.442459
[3]: 124.961456 124.990410
[3]: 136.716568 136.959061
[3]: 132.512360 132.554504
[3]: 128.372864 128.384995
[3]: 129.168961 129.326920
[3]: 120.676155 120.673088
[3]: 128.087875 128.321609
[3]: 129.064346 128.891006
[3]: 125.711418 125.635117
[3]: 64.255119 64.354279
[3]: 129.337372 128.957504
[3]: 118.222282 117.774368
[3]: 124.956604 124.986511
[3]: 121.737762 121.671371
[2]: 127.847763 127.894775
[2]: 136.137634 136.264862
[2]: 136.995926 137.254089
[2]: 112.632812 113.327965
[2]: 139.913193 139.689117
[2]: 125.759598 126.364342
[2]: 130.716583 130.981094
[2]: 128.518311 128.233978
[2]: 144.138992 143.741364
[2]: 136.319870 136.178146
[2]: 114.387695 114.198883
[2]: 130.093353 130.096924
[2]: 122.946541 122.856323
[2]: 141.082260 141.394409
[2]: 131.745712 131.694214
[2]: 126.064468 125.654327
[2]: 135.462616 135.343277
[2]: 68.364639 68.268845
[2]: 130.254211 129.859833
[2]: 117.227402 117.726288
[2]: 129.562195 129.149658
[2]: 144.818954 144.983566
[2]: 140.915176 140.783249
[2]: 136.835083 136.607025
[2]: 122.104202 122.202629
[2]: 115.370461 115.770721
[2]: 127.769646 127.232552
[2]: 141.809616 141.488953
[2]: 117.100533 117.123810
[2]: 186.631531 187.028641
[2]: 115.633766 115.487915
[2]: 115.324341 115.701958
[2]: 126.820236 126.823853
[2]: 119.403893 119.795769
[1]: 124.566360 124.435265
[1]: 125.716240 126.022057
[1]: 136.242218 136.218262
[1]: 195.826126 195.582352
[1]: 128.807648 128.496063
[1]: 127.764778 127.885963
[1]: 126.379906 126.182396
[1]: 126.788536 126.707695
[1]: 139.265518 139.348587
[1]: 128.676788 128.695145
[1]: 121.235069 120.969055
[1]: 129.125259 129.116302
[1]: 129.052490 129.162750
[1]: 133.417725 133.181931
[1]: 133.260925 133.151993
[1]: 118.108566 118.258011
[1]: 134.733948 134.611816
[1]: 191.453522 191.817841
[1]: 132.898895 132.786499
[1]: 122.393333 122.490532
[1]: 125.675232 125.744560
[1]: 135.641693 135.743011
[1]: 139.610779 140.021667
[1]: 134.022751 134.113419
[1]: 129.252777 129.365189
[1]: 119.401260 119.186768
[1]: 121.895470 122.164551
[1]: 136.082077 136.165558
[1]: 127.334785 127.482735
[1]: 131.891663 131.550781
[1]: 119.858429 119.676590
[1]: 117.949135 117.413986
[1]: 125.760582 126.122925
[1]: 130.371902 130.843796
[0]: 124.928429 124.891190
[0]: 117.797432 117.632103
[0]: 117.447029 117.247887
[0]: 91.621544 91.521843
[0]: 115.075584 115.437042
[0]: 130.032242 129.795883
[0]: 121.630608 121.578682
[0]: 123.197266 123.861870
[0]: 103.597946 103.972305
[0]: 121.141769 121.032570
[0]: 151.445999 151.454742
[0]: 124.372810 124.158813
[0]: 131.547577 131.248230
[0]: 105.553055 105.238052
[0]: 116.740486 117.011108
[0]: 129.798630 130.063766
[0]: 116.046089 116.268654
[0]: 155.494400 155.970764
[0]: 124.078156 124.307205
[0]: 141.301147 141.321823
[0]: 127.038307 127.129501
[0]: 105.769218 105.662453
[0]: 105.856522 105.882210
[0]: 112.043266 112.333275
[0]: 126.743904 126.447815
[0]: 147.246857 147.295670
[0]: 128.673279 128.576889
[0]: 112.018982 112.386185
[0]: 138.746384 138.924698
[0]: 186.050705 185.904358
[0]: 143.534592 143.981277
[0]: 146.137146 146.401062
[0]: 127.768021 127.767845
[0]: 137.852585 137.356873
