[4]: 104.921341 132.432159
[4]: 127.815880 126.836334
[4]: 121.478050 117.904129
[4]: 175.778397 173.930054
[4]: 124.536903 124.594322
[4]: 128.488083 126.765602
[4]: 124.575211 122.387993
[4]: 123.985451 126.389420
[4]: 119.130531 111.252876
[4]: 126.405556 123.659187
[4]: 135.631592 133.923080
[4]: 130.284805 128.397034
[4]: 126.560089 127.930695
[4]: 123.926109 122.162163
[4]: 124.957832 123.592026
[4]: 133.195297 132.753708
[4]: 118.606529 118.670052
[4]: 70.036163 67.263580
[4]: 124.377113 125.855522
[4]: 129.222916 131.628586
[4]: 129.846863 130.921097
[4]: 122.357307 113.843704
[4]: 118.969421 117.078583
[4]: 125.978462 123.219727
[4]: 128.310623 128.845459
[4]: 135.166534 137.093811
[4]: 129.134064 133.075012
[4]: 119.209846 118.086906
[4]: 128.478058 129.906662
[4]: 81.936790 74.227898
[4]: 132.609726 133.324158
[4]: 167.318680 140.945679
[4]: 129.387634 131.868683
[4]: 127.956680 128.115768
[3]: 154.127350 129.667557
[3]: 127.502609 129.926086
[3]: 123.956413 127.448074
[3]: 70.189911 60.540619
[3]: 128.407623 131.771637
[3]: 126.138863 126.479179
[3]: 132.473358 135.141663
[3]: 131.424194 130.633560
[3]: 129.316757 135.352875
[3]: 124.672966 125.978561
[3]: 123.182594 119.108917
[3]: 129.242981 127.657806
[3]: 130.000137 128.203644
[3]: 130.065521 132.660767
[3]: 127.740952 129.234131
[3]: 132.045547 131.750046
[3]: 130.718002 132.714172
[3]: 144.267456 155.685638
[3]: 125.535622 124.603302
[3]: 125.464020 122.442459
[3]: 127.993050 124.990410
[3]: 128.510635 136.959061
[3]: 130.280701 132.554504
[3]: 127.266220 128.384995
[3]: 129.640457 129.326920
[3]: 123.386116 120.673088
[3]: 129.519699 128.321609
[3]: 126.034752 128.891006
[3]: 128.019699 125.635117
[3]: 61.988125 64.354279
[3]: 129.942947 128.957504
[3]: 96.953522 117.774368
[3]: 126.602158 124.986511
[3]: 123.027008 121.671371
[2]: 147.859512 127.894775
[2]: 134.314117 136.264862
[2]: 133.796707 137.254089
[2]: 116.237320 113.327965
[2]: 139.277542 139.689117
[2]: 126.414452 126.364342
[2]: 132.731598 130.981094
[2]: 130.297577 128.233978
[2]: 140.262131 143.741364
[2]: 134.025757 136.178146
[2]: 108.244789 114.198883
[2]: 127.859039 130.096924
[2]: 126.126015 122.856323
[2]: 138.331604 141.394409
[2]: 128.131104 131.694214
[2]: 126.857765 125.654327
[2]: 135.127121 135.343277
[2]: 72.941566 68.268845
[2]: 128.855072 129.859833
[2]: 119.098663 117.726288
[2]: 128.781677 129.149658
[2]: 139.388214 144.983566
[2]: 138.303711 140.783249
[2]: 133.575607 136.607025
[2]: 122.201225 122.202629
[2]: 117.064240 115.770721
[2]: 129.560104 127.232552
[2]: 140.017807 141.488953
[2]: 117.492683 117.123810
[2]: 185.613297 187.028641
[2]: 115.000000 115.487915
[2]: 95.774689 115.701958
[2]: 130.028137 126.823853
[2]: 118.418823 119.795769
[1]: 111.666718 124.435265
[1]: 127.066833 126.022057
[1]: 137.714737 136.218262
[1]: 194.774246 195.582352
[1]: 130.732910 128.496063
[1]: 127.149994 127.885963
[1]: 125.515686 126.182396
[1]: 125.743607 126.707695
[1]: 138.098434 139.348587
[1]: 127.372849 128.695145
[1]: 119.949738 120.969055
[1]: 128.432129 129.116302
[1]: 129.453674 129.162750
[1]: 134.024048 133.181931
[1]: 132.460678 133.151993
[1]: 118.452713 118.258011
[1]: 137.523407 134.611816
[1]: 194.142838 191.817841
[1]: 132.222137 132.786499
[1]: 122.785027 122.490532
[1]: 125.646210 125.744560
[1]: 134.614609 135.743011
[1]: 139.469757 140.021667
[1]: 133.062576 134.113419
[1]: 128.870041 129.365189
[1]: 120.095306 119.186768
[1]: 124.907433 122.164551
[1]: 137.346542 136.165558
[1]: 125.785103 127.482735
[1]: 131.235641 131.550781
[1]: 121.384186 119.676590
[1]: 128.417969 117.413986
[1]: 125.711197 126.122925
[1]: 129.502090 130.843796
[0]: 116.450043 124.891190
[0]: 120.029015 117.632103
[0]: 119.549698 117.247887
[0]: 85.012421 91.521843
[0]: 116.880188 115.437042
[0]: 129.238144 129.795883
[0]: 120.268372 121.578682
[0]: 123.839447 123.861870
[0]: 106.700348 103.972305
[0]: 123.361168 121.032570
[0]: 153.554214 151.454742
[0]: 123.457947 124.158813
[0]: 126.746132 131.248230
[0]: 108.054214 105.238052
[0]: 121.706253 117.011108
[0]: 127.287834 130.063766
[0]: 115.064377 116.268654
[0]: 157.276718 155.970764
[0]: 126.763512 124.307205
[0]: 139.105301 141.321823
[0]: 125.444916 127.129501
[0]: 112.655952 105.662453
[0]: 109.107208 105.882210
[0]: 114.910339 112.333275
[0]: 127.135361 126.447815
[0]: 144.721466 147.295670
[0]: 125.778885 128.576889
[0]: 114.472458 112.386185
[0]: 139.482620 138.924698
[0]: 186.707993 185.904358
[0]: 142.389755 143.981277
[0]: 154.760208 146.401062
[0]: 125.738579 127.767845
[0]: 139.680893 137.356873
