[4]: 133.829346 132.432159
[4]: 126.718575 126.836334
[4]: 116.957756 117.904129
[4]: 172.985779 173.930054
[4]: 127.489716 124.594322
[4]: 126.283806 126.765602
[4]: 123.344162 122.387993
[4]: 127.801872 126.389420
[4]: 112.148651 111.252876
[4]: 123.554039 123.659187
[4]: 134.834915 133.923080
[4]: 130.010406 128.397034
[4]: 128.137299 127.930695
[4]: 122.396729 122.162163
[4]: 123.375290 123.592026
[4]: 133.983246 132.753708
[4]: 120.031128 118.670052
[4]: 67.886124 67.263580
[4]: 126.138329 125.855522
[4]: 129.502823 131.628586
[4]: 129.150635 130.921097
[4]: 111.324310 113.843704
[4]: 115.729218 117.078583
[4]: 121.320969 123.219727
[4]: 127.688164 128.845459
[4]: 135.836334 137.093811
[4]: 134.727859 133.075012
[4]: 118.157471 118.086906
[4]: 131.436752 129.906662
[4]: 73.085999 74.227898
[4]: 134.934174 133.324158
[4]: 138.386002 140.945679
[4]: 131.745331 131.868683
[4]: 129.086472 128.115768
[3]: 126.263786 129.667557
[3]: 129.170990 129.926086
[3]: 125.916885 127.448074
[3]: 60.870567 60.540619
[3]: 130.843079 131.771637
[3]: 127.281990 126.479179
[3]: 134.069046 135.141663
[3]: 129.326752 130.633560
[3]: 135.501175 135.352875
[3]: 125.590141 125.978561
[3]: 117.778397 119.108917
[3]: 125.423447 127.657806
[3]: 128.105850 128.203644
[3]: 132.932907 132.660767
[3]: 129.851669 129.234131
[3]: 131.303162 131.750046
[3]: 132.613815 132.714172
[3]: 157.919617 155.685638
[3]: 122.759178 124.603302
[3]: 124.449463 122.442459
[3]: 126.816048 124.990410
[3]: 140.146149 136.959061
[3]: 132.176300 132.554504
[3]: 130.558899 128.384995
[3]: 129.761749 129.326920
[3]: 121.561478 120.673088
[3]: 126.854240 128.321609
[3]: 128.799484 128.891006
[3]: 125.714966 125.635117
[3]: 64.993591 64.354279
[3]: 128.243866 128.957504
[3]: 121.411186 117.774368
[3]: 125.517654 124.986511
[3]: 122.425011 121.671371
[2]: 127.204659 127.894775
[2]: 136.079315 136.264862
[2]: 136.983383 137.254089
[2]: 112.188286 113.327965
[2]: 137.920837 139.689117
[2]: 126.669525 126.364342
[2]: 127.587662 130.981094
[2]: 127.963364 128.233978
[2]: 142.175415 143.741364
[2]: 137.693527 136.178146
[2]: 114.635590 114.198883
[2]: 126.824112 130.096924
[2]: 123.040771 122.856323
[2]: 140.404388 141.394409
[2]: 133.034256 131.694214
[2]: 125.212128 125.654327
[2]: 133.666428 135.343277
[2]: 66.490700 68.268845
[2]: 129.643860 129.859833
[2]: 119.628036 117.726288
[2]: 131.571762 129.149658
[2]: 146.822372 144.983566
[2]: 143.197342 140.783249
[2]: 138.766251 136.607025
[2]: 123.861786 122.202629
[2]: 117.369415 115.770721
[2]: 125.324036 127.232552
[2]: 139.110474 141.488953
[2]: 115.545303 117.123810
[2]: 185.366241 187.028641
[2]: 115.169052 115.487915
[2]: 118.783180 115.701958
[2]: 126.411697 126.823853
[2]: 120.358131 119.795769
[1]: 126.045776 124.435265
[1]: 126.883369 126.022057
[1]: 136.736923 136.218262
[1]: 196.250778 195.582352
[1]: 127.271019 128.496063
[1]: 127.505760 127.885963
[1]: 126.508095 126.182396
[1]: 126.216133 126.707695
[1]: 137.760971 139.348587
[1]: 128.716370 128.695145
[1]: 120.481781 120.969055
[1]: 129.999771 129.116302
[1]: 128.767288 129.162750
[1]: 133.471039 133.181931
[1]: 133.161011 133.151993
[1]: 117.363205 118.258011
[1]: 134.349197 134.611816
[1]: 190.562363 191.817841
[1]: 133.406876 132.786499
[1]: 123.670662 122.490532
[1]: 126.541267 125.744560
[1]: 137.198608 135.743011
[1]: 140.209747 140.021667
[1]: 134.087128 134.113419
[1]: 129.115158 129.365189
[1]: 119.077156 119.186768
[1]: 121.793289 122.164551
[1]: 136.165833 136.165558
[1]: 126.277954 127.482735
[1]: 132.609940 131.550781
[1]: 118.432808 119.676590
[1]: 116.420433 117.413986
[1]: 125.407738 126.122925
[1]: 129.206482 130.843796
[0]: 126.097954 124.891190
[0]: 117.793137 117.632103
[0]: 119.585068 117.247887
[0]: 92.512970 91.521843
[0]: 116.518456 115.437042
[0]: 129.529495 129.795883
[0]: 125.006424 121.578682
[0]: 124.600052 123.861870
[0]: 106.147102 103.972305
[0]: 119.859238 121.032570
[0]: 152.091019 151.454742
[0]: 127.406113 124.158813
[0]: 131.393951 131.248230
[0]: 105.336502 105.238052
[0]: 115.069786 117.011108
[0]: 130.728836 130.063766
[0]: 116.943573 116.268654
[0]: 156.316635 155.970764
[0]: 125.543884 124.307205
[0]: 138.132721 141.321823
[0]: 123.546883 127.129501
[0]: 101.183746 105.662453
[0]: 104.831917 105.882210
[0]: 109.624542 112.333275
[0]: 125.729515 126.447815
[0]: 146.168503 147.295670
[0]: 130.887573 128.576889
[0]: 114.867538 112.386185
[0]: 140.274078 138.924698
[0]: 186.704346 185.904358
[0]: 144.837479 143.981277
[0]: 143.041275 146.401062
[0]: 128.555695 127.767845
[0]: 136.711441 137.356873
