[4]: 132.432159 131.242554
[4]: 126.836334 127.887085
[4]: 117.904129 120.359016
[4]: 173.930054 122.530373
[4]: 124.594322 127.903954
[4]: 126.765602 127.229111
[4]: 122.387993 126.408554
[4]: 126.389420 128.038391
[4]: 111.252876 119.303993
[4]: 123.659187 125.704689
[4]: 133.923080 131.108994
[4]: 128.397034 127.681648
[4]: 127.930695 127.709618
[4]: 122.162163 124.623695
[4]: 123.592026 125.481987
[4]: 132.753708 133.316910
[4]: 118.670052 123.106537
[4]: 67.263580 73.004242
[4]: 125.855522 124.506111
[4]: 131.628586 129.037842
[4]: 130.921097 129.268295
[4]: 113.843704 120.952728
[4]: 117.078583 121.237625
[4]: 123.219727 123.140953
[4]: 128.845459 127.245972
[4]: 137.093811 132.739822
[4]: 133.075012 132.758102
[4]: 118.086906 122.863060
[4]: 129.906662 128.866058
[4]: 74.227898 105.293472
[4]: 133.324158 132.147003
[4]: 140.945679 134.887451
[4]: 131.868683 129.424072
[4]: 128.115768 118846950580682752.000000
[3]: 129.667557 127.180183
[3]: 129.926086 126.840805
[3]: 127.448074 125.185463
[3]: 60.540619 57.860809
[3]: 131.771637 129.098450
[3]: 126.479179 128.092361
[3]: 135.141663 133.251678
[3]: 130.633560 128.831238
[3]: 135.352875 128.826767
[3]: 125.978561 124.503418
[3]: 119.108917 123.829872
[3]: 127.657806 125.986588
[3]: 128.203644 128.511246
[3]: 132.660767 126.971115
[3]: 129.234131 126.459686
[3]: 131.750046 130.668076
[3]: 132.714172 129.958694
[3]: 155.685638 164.824844
[3]: 124.603302 123.762238
[3]: 122.442459 127.446770
[3]: 124.990410 125.402611
[3]: 136.959061 131.816391
[3]: 132.554504 126.631363
[3]: 128.384995 126.996147
[3]: 129.326920 129.639130
[3]: 120.673088 126.037514
[3]: 128.321609 127.209938
[3]: 128.891006 126.365219
[3]: 125.635117 128.211304
[3]: 64.354279 84.239815
[3]: 128.957504 132.602921
[3]: 117.774368 125.513542
[3]: 124.986511 125.909065
[3]: 121.671371 224569065220341760.000000
[2]: 127.894775 126.058830
[2]: 136.264862 132.975754
[2]: 137.254089 132.276688
[2]: 113.327965 85.858528
[2]: 139.689117 133.852753
[2]: 126.364342 126.873398
[2]: 130.981094 129.176193
[2]: 128.233978 127.551689
[2]: 143.741364 134.894119
[2]: 136.178146 134.109192
[2]: 114.198883 121.534660
[2]: 130.096924 126.657944
[2]: 122.856323 124.988602
[2]: 141.394409 133.095535
[2]: 131.694214 127.899757
[2]: 125.654327 127.138344
[2]: 135.343277 130.949875
[2]: 68.268845 92.543175
[2]: 129.859833 128.573425
[2]: 117.726288 122.104141
[2]: 129.149658 129.975616
[2]: 144.983566 137.578674
[2]: 140.783249 134.080276
[2]: 136.607025 131.492035
[2]: 122.202629 124.048538
[2]: 115.770721 121.817886
[2]: 127.232552 125.361877
[2]: 141.488953 134.640091
[2]: 117.123810 121.477028
[2]: 187.028641 176.928665
[2]: 115.487915 122.415894
[2]: 115.701958 122.321564
[2]: 126.823853 125.718941
[2]: 119.795769 173917055609733120.000000
[1]: 124.435265 127.901779
[1]: 126.022057 127.471359
[1]: 136.218262 127.379921
[1]: 195.582352 127.525314
[1]: 128.496063 128.181427
[1]: 127.885963 127.423538
[1]: 126.182396 127.356049
[1]: 126.707695 127.222542
[1]: 139.348587 127.118706
[1]: 128.695145 127.188004
[1]: 120.969055 127.549744
[1]: 129.116302 127.940575
[1]: 129.162750 127.842880
[1]: 133.181931 127.267906
[1]: 133.151993 127.105331
[1]: 118.258011 127.644928
[1]: 134.611816 127.718880
[1]: 191.817841 127.781891
[1]: 132.786499 127.534515
[1]: 122.490532 126.893906
[1]: 125.744560 127.576462
[1]: 135.743011 127.796494
[1]: 140.021667 127.622307
[1]: 134.113419 127.162994
[1]: 129.365189 127.269859
[1]: 119.186768 127.681412
[1]: 122.164551 127.846275
[1]: 136.165558 127.641411
[1]: 127.482735 127.656830
[1]: 131.550781 127.495361
[1]: 119.676590 128.044312
[1]: 117.413986 127.318626
[1]: 126.122925 127.497551
[1]: 130.843796 57848987524268032.000000
[0]: 124.891190 125.659843
[0]: 117.632103 117.230270
[0]: 117.247887 118.046036
[0]: 91.521843 92.622665
[0]: 115.437042 115.611305
[0]: 129.795883 129.202042
[0]: 121.578682 123.373291
[0]: 123.861870 123.930984
[0]: 103.972305 106.228462
[0]: 121.032570 119.591599
[0]: 151.454742 153.325790
[0]: 124.158813 125.354187
[0]: 131.248230 132.294128
[0]: 105.238052 105.680748
[0]: 117.011108 116.515877
[0]: 130.063766 129.798813
[0]: 116.268654 116.726959
[0]: 155.970764 155.328796
[0]: 124.307205 124.058174
[0]: 141.321823 139.963348
[0]: 127.129501 125.153259
[0]: 105.662453 103.494102
[0]: 105.882210 105.734535
[0]: 112.333275 109.985115
[0]: 126.447815 125.543930
[0]: 147.295670 147.302734
[0]: 128.576889 131.215042
[0]: 112.386185 113.565010
[0]: 138.924698 140.206787
[0]: 185.904358 186.570007
[0]: 143.981277 144.013763
[0]: 146.401062 145.068146
[0]: 127.767845 127.816887
[0]: 137.356873 311123135954944000.000000
