[4]: 131.615387 132.432159
[4]: 126.243835 126.836334
[4]: 118.316330 117.904129
[4]: 175.946686 173.930054
[4]: 123.144196 124.594322
[4]: 127.143166 126.765602
[4]: 121.512253 122.387993
[4]: 126.924080 126.389420
[4]: 111.454239 111.252876
[4]: 123.876251 123.659187
[4]: 134.277817 133.923080
[4]: 128.879440 128.397034
[4]: 126.736511 127.930695
[4]: 121.924164 122.162163
[4]: 123.379753 123.592026
[4]: 131.536453 132.753708
[4]: 117.755852 118.670052
[4]: 67.385246 67.263580
[4]: 125.949066 125.855522
[4]: 131.505737 131.628586
[4]: 130.353409 130.921097
[4]: 114.008034 113.843704
[4]: 117.570747 117.078583
[4]: 124.224258 123.219727
[4]: 129.050293 128.845459
[4]: 135.798431 137.093811
[4]: 132.241364 133.075012
[4]: 117.338928 118.086906
[4]: 129.853333 129.906662
[4]: 75.778687 74.227898
[4]: 133.402191 133.324158
[4]: 142.759674 140.945679
[4]: 131.033188 131.868683
[4]: 127.439125 128.115768
[3]: 130.526184 129.667557
[3]: 129.980042 129.926086
[3]: 126.960075 127.448074
[3]: 60.917973 60.540619
[3]: 131.882629 131.771637
[3]: 126.430634 126.479179
[3]: 135.513199 135.141663
[3]: 130.309998 130.633560
[3]: 134.582642 135.352875
[3]: 125.572472 125.978561
[3]: 120.144791 119.108917
[3]: 128.247482 127.657806
[3]: 128.120789 128.203644
[3]: 132.772720 132.660767
[3]: 128.960236 129.234131
[3]: 132.423798 131.750046
[3]: 132.511108 132.714172
[3]: 154.487488 155.685638
[3]: 124.645874 124.603302
[3]: 122.849777 122.442459
[3]: 125.757492 124.990410
[3]: 136.287170 136.959061
[3]: 132.317230 132.554504
[3]: 128.231705 128.384995
[3]: 129.350479 129.326920
[3]: 121.389389 120.673088
[3]: 128.835709 128.321609
[3]: 129.109207 128.891006
[3]: 126.288101 125.635117
[3]: 63.253067 64.354279
[3]: 129.704208 128.957504
[3]: 116.879135 117.774368
[3]: 125.270622 124.986511
[3]: 121.993942 121.671371
[2]: 129.216660 127.894775
[2]: 135.845245 136.264862
[2]: 136.853714 137.254089
[2]: 112.239914 113.327965
[2]: 141.050812 139.689117
[2]: 126.293922 126.364342
[2]: 132.453384 130.981094
[2]: 128.701050 128.233978
[2]: 144.666931 143.741364
[2]: 136.156662 136.178146
[2]: 112.666695 114.198883
[2]: 129.421661 130.096924
[2]: 124.506271 122.856323
[2]: 140.843811 141.394409
[2]: 131.272995 131.694214
[2]: 126.749939 125.654327
[2]: 135.765839 135.343277
[2]: 68.745384 68.268845
[2]: 129.760330 129.859833
[2]: 117.561714 117.726288
[2]: 129.083481 129.149658
[2]: 145.164337 144.983566
[2]: 140.943115 140.783249
[2]: 134.627792 136.607025
[2]: 121.541107 122.202629
[2]: 116.804024 115.770721
[2]: 128.531677 127.232552
[2]: 142.680588 141.488953
[2]: 116.967247 117.123810
[2]: 186.202606 187.028641
[2]: 114.308777 115.487915
[2]: 114.084282 115.701958
[2]: 127.970039 126.823853
[2]: 121.217865 119.795769
[1]: 123.863029 124.435265
[1]: 126.646278 126.022057
[1]: 136.775299 136.218262
[1]: 195.203110 195.582352
[1]: 129.555130 128.496063
[1]: 128.468643 127.885963
[1]: 126.502998 126.182396
[1]: 126.202652 126.707695
[1]: 139.464355 139.348587
[1]: 128.472153 128.695145
[1]: 121.110008 120.969055
[1]: 129.178802 129.116302
[1]: 129.895447 129.162750
[1]: 133.170166 133.181931
[1]: 133.525360 133.151993
[1]: 118.743828 118.258011
[1]: 135.385666 134.611816
[1]: 192.125046 191.817841
[1]: 132.176315 132.786499
[1]: 122.137901 122.490532
[1]: 125.709076 125.744560
[1]: 135.922012 135.743011
[1]: 139.825714 140.021667
[1]: 133.698242 134.113419
[1]: 129.635300 129.365189
[1]: 119.784882 119.186768
[1]: 122.703003 122.164551
[1]: 135.896149 136.165558
[1]: 127.519440 127.482735
[1]: 132.124268 131.550781
[1]: 120.354187 119.676590
[1]: 116.933151 117.413986
[1]: 125.568130 126.122925
[1]: 130.720215 130.843796
[0]: 124.052017 124.891190
[0]: 117.982323 117.632103
[0]: 117.141182 117.247887
[0]: 90.945419 91.521843
[0]: 114.253418 115.437042
[0]: 128.878204 129.795883
[0]: 120.144173 121.578682
[0]: 123.685341 123.861870
[0]: 103.429024 103.972305
[0]: 121.522720 121.032570
[0]: 151.442093 151.454742
[0]: 123.654594 124.158813
[0]: 130.041763 131.248230
[0]: 105.965836 105.238052
[0]: 117.570633 117.011108
[0]: 128.928162 130.063766
[0]: 116.134781 116.268654
[0]: 155.818420 155.970764
[0]: 124.944229 124.307205
[0]: 141.581818 141.321823
[0]: 127.032112 127.129501
[0]: 105.783569 105.662453
[0]: 105.628632 105.882210
[0]: 113.997009 112.333275
[0]: 126.602577 126.447815
[0]: 146.173813 147.295670
[0]: 126.946701 128.576889
[0]: 111.957207 112.386185
[0]: 138.383240 138.924698
[0]: 185.803894 185.904358
[0]: 143.583527 143.981277
[0]: 147.759140 146.401062
[0]: 127.761528 127.767845
[0]: 136.348648 137.356873
