[4]: 132.432159 133.535263
[4]: 126.836334 126.164795
[4]: 117.904129 117.027916
[4]: 173.930054 172.737076
[4]: 124.594322 126.403923
[4]: 126.765602 126.236198
[4]: 122.387993 122.133560
[4]: 126.389420 127.715561
[4]: 111.252876 113.321053
[4]: 123.659187 123.157997
[4]: 133.923080 134.736511
[4]: 128.397034 129.087463
[4]: 127.930695 129.067215
[4]: 122.162163 122.611580
[4]: 123.592026 125.162025
[4]: 132.753708 134.387161
[4]: 118.670052 120.214294
[4]: 67.263580 67.246399
[4]: 125.855522 125.360901
[4]: 131.628586 130.637909
[4]: 130.921097 130.011948
[4]: 113.843704 113.570137
[4]: 117.078583 117.267357
[4]: 123.219727 121.926537
[4]: 128.845459 127.735176
[4]: 137.093811 136.769974
[4]: 133.075012 135.502762
[4]: 118.086906 117.900757
[4]: 129.906662 130.813538
[4]: 74.227898 73.058990
[4]: 133.324158 134.520950
[4]: 140.945679 139.315430
[4]: 131.868683 132.145889
[4]: 128.115768 130.000549
[3]: 129.667557 126.870590
[3]: 129.926086 129.229630
[3]: 127.448074 127.262955
[3]: 60.540619 60.789494
[3]: 131.771637 132.203323
[3]: 126.479179 127.543243
[3]: 135.141663 135.019821
[3]: 130.633560 129.738998
[3]: 135.352875 134.335938
[3]: 125.978561 126.192322
[3]: 119.108917 117.179131
[3]: 127.657806 126.264130
[3]: 128.203644 127.215187
[3]: 132.660767 132.221741
[3]: 129.234131 128.716827
[3]: 131.750046 130.547302
[3]: 132.714172 132.952225
[3]: 155.685638 158.609344
[3]: 124.603302 123.966515
[3]: 122.442459 124.074150
[3]: 124.990410 125.630661
[3]: 136.959061 137.888931
[3]: 132.554504 131.565872
[3]: 128.384995 130.764359
[3]: 129.326920 130.130814
[3]: 120.673088 120.907120
[3]: 128.321609 126.174759
[3]: 128.891006 129.685455
[3]: 125.635117 125.418282
[3]: 64.354279 65.238998
[3]: 128.957504 129.065720
[3]: 117.774368 121.394867
[3]: 124.986511 125.596703
[3]: 121.671371 121.454262
[2]: 127.894775 126.608932
[2]: 136.264862 137.106827
[2]: 137.254089 136.542709
[2]: 113.327965 111.810234
[2]: 139.689117 138.645859
[2]: 126.364342 126.554008
[2]: 130.981094 129.163422
[2]: 128.233978 127.975487
[2]: 143.741364 141.425293
[2]: 136.178146 137.855927
[2]: 114.198883 114.051582
[2]: 130.096924 128.419647
[2]: 122.856323 122.395126
[2]: 141.394409 140.266342
[2]: 131.694214 131.519623
[2]: 125.654327 125.182121
[2]: 135.343277 133.938065
[2]: 68.268845 67.327309
[2]: 129.859833 130.788742
[2]: 117.726288 117.231392
[2]: 129.149658 131.004379
[2]: 144.983566 145.186813
[2]: 140.783249 141.763824
[2]: 136.607025 138.236176
[2]: 122.202629 123.840485
[2]: 115.770721 115.683197
[2]: 127.232552 125.394814
[2]: 141.488953 140.706360
[2]: 117.123810 116.465416
[2]: 187.028641 185.837616
[2]: 115.487915 115.464775
[2]: 115.701958 116.684792
[2]: 126.823853 126.215477
[2]: 119.795769 118.773384
[1]: 124.435265 126.463928
[1]: 126.022057 126.672966
[1]: 136.218262 137.059311
[1]: 195.582352 196.381683
[1]: 128.496063 127.152908
[1]: 127.885963 127.745026
[1]: 126.182396 126.690842
[1]: 126.707695 126.463928
[1]: 139.348587 138.236389
[1]: 128.695145 128.718979
[1]: 120.969055 120.639381
[1]: 129.116302 130.353622
[1]: 129.162750 128.605179
[1]: 133.181931 133.562805
[1]: 133.151993 132.702347
[1]: 118.258011 118.462143
[1]: 134.611816 134.004196
[1]: 191.817841 190.636810
[1]: 132.786499 133.129196
[1]: 122.490532 123.422501
[1]: 125.744560 125.921562
[1]: 135.743011 136.593750
[1]: 140.021667 139.799744
[1]: 134.113419 133.523392
[1]: 129.365189 128.929810
[1]: 119.186768 119.475510
[1]: 122.164551 121.553406
[1]: 136.165558 135.033112
[1]: 127.482735 126.419464
[1]: 131.550781 132.631134
[1]: 119.676590 118.485931
[1]: 117.413986 115.980721
[1]: 126.122925 125.736626
[1]: 130.843796 129.202194
[0]: 124.891190 125.896515
[0]: 117.632103 117.416786
[0]: 117.247887 118.148949
[0]: 91.521843 92.650711
[0]: 115.437042 115.500900
[0]: 129.795883 129.168655
[0]: 121.578682 123.370384
[0]: 123.861870 123.935776
[0]: 103.972305 106.392593
[0]: 121.032570 119.439774
[0]: 151.454742 153.417740
[0]: 124.158813 125.350410
[0]: 131.248230 132.250366
[0]: 105.238052 105.842018
[0]: 117.011108 116.470085
[0]: 130.063766 129.936813
[0]: 116.268654 116.428925
[0]: 155.970764 155.461212
[0]: 124.307205 124.120621
[0]: 141.321823 140.223755
[0]: 127.129501 125.196297
[0]: 105.662453 103.600174
[0]: 105.882210 105.763756
[0]: 112.333275 109.870422
[0]: 126.447815 125.478264
[0]: 147.295670 147.324326
[0]: 128.576889 130.975037
[0]: 112.386185 113.674126
[0]: 138.924698 140.164444
[0]: 185.904358 186.643906
[0]: 143.981277 144.058548
[0]: 146.401062 144.850021
[0]: 127.767845 127.870338
[0]: 137.356873 138.539124
