[4]: 134.975800 132.432159
[4]: 126.648605 126.836334
[4]: 117.761215 117.904129
[4]: 170.975723 173.930054
[4]: 128.504105 124.594322
[4]: 126.834129 126.765602
[4]: 122.976974 122.387993
[4]: 128.673584 126.389420
[4]: 116.703186 111.252876
[4]: 122.427208 123.659187
[4]: 135.948700 133.923080
[4]: 127.946045 128.397034
[4]: 128.691986 127.930695
[4]: 122.901558 122.162163
[4]: 123.552116 123.592026
[4]: 134.262512 132.753708
[4]: 120.130783 118.670052
[4]: 68.000786 67.263580
[4]: 126.746338 125.855522
[4]: 131.220306 131.628586
[4]: 127.984497 130.921097
[4]: 111.682274 113.843704
[4]: 117.111443 117.078583
[4]: 121.865692 123.219727
[4]: 126.856293 128.845459
[4]: 136.586105 137.093811
[4]: 135.746811 133.075012
[4]: 121.639908 118.086906
[4]: 131.878220 129.906662
[4]: 70.340744 74.227898
[4]: 133.623230 133.324158
[4]: 136.726685 140.945679
[4]: 130.195312 131.868683
[4]: 132.319290 128.115768
[3]: 125.368668 129.667557
[3]: 129.408127 129.926086
[3]: 127.497253 127.448074
[3]: 61.358936 60.540619
[3]: 131.385223 131.771637
[3]: 127.852974 126.479179
[3]: 135.471680 135.141663
[3]: 129.365128 130.633560
[3]: 134.655106 135.352875
[3]: 127.525185 125.978561
[3]: 116.420998 119.108917
[3]: 126.422012 127.657806
[3]: 127.825119 128.203644
[3]: 131.766205 132.660767
[3]: 128.492783 129.234131
[3]: 132.135330 131.750046
[3]: 133.992233 132.714172
[3]: 161.618698 155.685638
[3]: 123.140282 124.603302
[3]: 123.323158 122.442459
[3]: 127.211044 124.990410
[3]: 140.568726 136.959061
[3]: 131.767853 132.554504
[3]: 132.307312 128.384995
[3]: 131.354462 129.326920
[3]: 121.616898 120.673088
[3]: 125.436607 128.321609
[3]: 127.641533 128.891006
[3]: 123.692062 125.635117
[3]: 67.257881 64.354279
[3]: 129.565750 128.957504
[3]: 122.905693 117.774368
[3]: 125.994034 124.986511
[3]: 119.782204 121.671371
[2]: 126.064621 127.894775
[2]: 135.215225 136.264862
[2]: 135.464966 137.254089
[2]: 111.589172 113.327965
[2]: 135.226410 139.689117
[2]: 126.459686 126.364342
[2]: 128.577271 130.981094
[2]: 127.329025 128.233978
[2]: 138.588623 143.741364
[2]: 139.358032 136.178146
[2]: 113.853966 114.198883
[2]: 128.165970 130.096924
[2]: 123.862640 122.856323
[2]: 140.069275 141.394409
[2]: 133.279846 131.694214
[2]: 124.657738 125.654327
[2]: 134.166122 135.343277
[2]: 66.207817 68.268845
[2]: 129.164627 129.859833
[2]: 119.518005 117.726288
[2]: 131.983688 129.149658
[2]: 147.117813 144.983566
[2]: 141.523209 140.783249
[2]: 137.906219 136.607025
[2]: 125.118057 122.202629
[2]: 116.472298 115.770721
[2]: 124.373238 127.232552
[2]: 136.308853 141.488953
[2]: 115.461739 117.123810
[2]: 185.723770 187.028641
[2]: 116.779099 115.487915
[2]: 118.091179 115.701958
[2]: 128.832535 126.823853
[2]: 116.587914 119.795769
[1]: 127.516907 124.435265
[1]: 126.553299 126.022057
[1]: 138.238892 136.218262
[1]: 196.196671 195.582352
[1]: 126.350632 128.496063
[1]: 126.902367 127.885963
[1]: 127.040672 126.182396
[1]: 126.145706 126.707695
[1]: 136.044724 139.348587
[1]: 128.536316 128.695145
[1]: 120.187241 120.969055
[1]: 129.429947 129.116302
[1]: 127.618980 129.162750
[1]: 133.799133 133.181931
[1]: 133.932297 133.151993
[1]: 117.171188 118.258011
[1]: 133.442734 134.611816
[1]: 190.383667 191.817841
[1]: 134.093185 132.786499
[1]: 122.014107 122.490532
[1]: 126.737961 125.744560
[1]: 137.551819 135.743011
[1]: 139.508408 140.021667
[1]: 133.868240 134.113419
[1]: 127.633392 129.365189
[1]: 119.523376 119.186768
[1]: 121.404785 122.164551
[1]: 134.237808 136.165558
[1]: 125.292969 127.482735
[1]: 134.831467 131.550781
[1]: 118.964081 119.676590
[1]: 115.260094 117.413986
[1]: 127.870422 126.122925
[1]: 128.113998 130.843796
[0]: 125.302742 124.891190
[0]: 118.689323 117.632103
[0]: 116.855606 117.247887
[0]: 93.449570 91.521843
[0]: 118.510033 115.437042
[0]: 129.253189 129.795883
[0]: 122.210869 121.578682
[0]: 124.311287 123.861870
[0]: 107.649017 103.972305
[0]: 117.134186 121.032570
[0]: 153.974182 151.454742
[0]: 127.705986 124.158813
[0]: 131.573715 131.248230
[0]: 105.645172 105.238052
[0]: 115.041176 117.011108
[0]: 130.313736 130.063766
[0]: 115.649712 116.268654
[0]: 154.822800 155.970764
[0]: 124.150673 124.307205
[0]: 139.674316 141.321823
[0]: 123.588120 127.129501
[0]: 99.232506 105.662453
[0]: 106.023903 105.882210
[0]: 107.942596 112.333275
[0]: 125.163498 126.447815
[0]: 146.048767 147.295670
[0]: 132.781799 128.576889
[0]: 117.345840 112.386185
[0]: 143.510376 138.924698
[0]: 185.476700 185.904358
[0]: 142.775604 143.981277
[0]: 145.462219 146.401062
[0]: 124.268715 127.767845
[0]: 141.639328 137.356873
