[4]: 227.000000 132.432159
[4]: 125.000000 126.836334
[4]: 250.000000 117.904129
[4]: 247.000000 173.930054
[4]: 31.000000 124.594322
[4]: 164.000000 126.765602
[4]: 182.000000 122.387993
[4]: 16.000000 126.389420
[4]: 25.000000 111.252876
[4]: 166.000000 123.659187
[4]: 235.000000 133.923080
[4]: 129.000000 128.397034
[4]: 96.000000 127.930695
[4]: 238.000000 122.162163
[4]: 102.000000 123.592026
[4]: 4.000000 132.753708
[4]: 227.000000 118.670052
[4]: 52.000000 67.263580
[4]: 218.000000 125.855522
[4]: 212.000000 131.628586
[4]: 222.000000 130.921097
[4]: 200.000000 113.843704
[4]: 249.000000 117.078583
[4]: 122.000000 123.219727
[4]: 75.000000 128.845459
[4]: 255.000000 137.093811
[4]: 173.000000 133.075012
[4]: 210.000000 118.086906
[4]: 50.000000 129.906662
[4]: 7.000000 74.227898
[4]: 105.000000 133.324158
[4]: 236.000000 140.945679
[4]: 94.000000 131.868683
[4]: 369367187456.000000 128.115768
[3]: 170.449570 129.667557
[3]: 126.832397 129.926086
[3]: 125.091644 127.448074
[3]: 85.631584 60.540619
[3]: 129.404861 131.771637
[3]: 126.574371 126.479179
[3]: 128.568085 135.141663
[3]: 127.871620 130.633560
[3]: 126.374130 135.352875
[3]: 125.306129 125.978561
[3]: 125.911705 119.108917
[3]: 127.378395 127.657806
[3]: 128.224930 128.203644
[3]: 127.990486 132.660767
[3]: 126.036972 129.234131
[3]: 129.499680 131.750046
[3]: 125.966782 132.714172
[3]: 120.954208 155.685638
[3]: 126.655746 124.603302
[3]: 125.968910 122.442459
[3]: 126.583427 124.990410
[3]: 127.965225 136.959061
[3]: 126.870697 132.554504
[3]: 127.356247 128.384995
[3]: 128.602982 129.326920
[3]: 126.738045 120.673088
[3]: 128.412888 128.321609
[3]: 128.901718 128.891006
[3]: 127.906738 125.635117
[3]: 72.184380 64.354279
[3]: 128.929352 128.957504
[3]: 84.566528 117.774368
[3]: 126.760597 124.986511
[3]: 125.666130 121.671371
[2]: 117.122986 127.894775
[2]: 125.135544 136.264862
[2]: 128.344604 137.254089
[2]: 135.075073 113.327965
[2]: 127.469833 139.689117
[2]: 128.159744 126.364342
[2]: 126.667816 130.981094
[2]: 128.222748 128.233978
[2]: 127.072189 143.741364
[2]: 134.253052 136.178146
[2]: 131.439316 114.198883
[2]: 127.786934 130.096924
[2]: 126.925919 122.856323
[2]: 126.361725 141.394409
[2]: 121.203804 131.694214
[2]: 129.775986 125.654327
[2]: 126.072258 135.343277
[2]: 60.589169 68.268845
[2]: 127.515366 129.859833
[2]: 123.500771 117.726288
[2]: 132.446335 129.149658
[2]: 122.613159 144.983566
[2]: 128.037949 140.783249
[2]: 122.253967 136.607025
[2]: 121.995857 122.202629
[2]: 123.088539 115.770721
[2]: 128.811005 127.232552
[2]: 127.510803 141.488953
[2]: 124.579063 117.123810
[2]: 194.325668 187.028641
[2]: 127.588608 115.487915
[2]: 140.225555 115.701958
[2]: 124.861092 126.823853
[2]: 125.742531 119.795769
[1]: 86.579277 124.435265
[1]: 126.925468 126.022057
[1]: 127.150734 136.218262
[1]: 171.850342 195.582352
[1]: 129.099854 128.496063
[1]: 126.869934 127.885963
[1]: 126.952347 126.182396
[1]: 126.419411 126.707695
[1]: 127.065331 139.348587
[1]: 125.553482 128.695145
[1]: 126.483551 120.969055
[1]: 126.070168 129.116302
[1]: 127.764229 129.162750
[1]: 127.778503 133.181931
[1]: 127.997971 133.151993
[1]: 127.383995 118.258011
[1]: 126.979401 134.611816
[1]: 134.489639 191.817841
[1]: 126.947746 132.786499
[1]: 126.824303 122.490532
[1]: 125.670883 125.744560
[1]: 129.457565 135.743011
[1]: 126.405258 140.021667
[1]: 129.240250 134.113419
[1]: 130.144699 129.365189
[1]: 129.742493 119.186768
[1]: 127.532814 122.164551
[1]: 128.944992 136.165558
[1]: 127.106003 127.482735
[1]: 70.810394 131.550781
[1]: 128.341949 119.676590
[1]: 170.475845 117.413986
[1]: 127.404778 126.122925
[1]: 126.952881 130.843796
[0]: 135.510773 124.891190
[0]: 131.250549 117.632103
[0]: 129.473053 117.247887
[0]: 118.799873 91.521843
[0]: 126.320526 115.437042
[0]: 128.374268 129.795883
[0]: 127.038277 121.578682
[0]: 126.378578 123.861870
[0]: 128.147522 103.972305
[0]: 124.310783 121.032570
[0]: 126.893440 151.454742
[0]: 130.995193 124.158813
[0]: 128.393341 131.248230
[0]: 126.683708 105.238052
[0]: 133.299973 117.011108
[0]: 123.546150 130.063766
[0]: 132.389023 116.268654
[0]: 195.849442 155.970764
[0]: 129.317215 124.307205
[0]: 131.518188 141.321823
[0]: 126.137138 127.129501
[0]: 130.838013 105.662453
[0]: 129.554764 105.882210
[0]: 129.411697 112.333275
[0]: 127.550453 126.447815
[0]: 131.013351 147.295670
[0]: 126.548904 128.576889
[0]: 124.682434 112.386185
[0]: 131.105637 138.924698
[0]: 194.986938 185.904358
[0]: 127.068993 143.981277
[0]: 115.633499 146.401062
[0]: 131.165741 127.767845
[0]: 131.786392 137.356873
