[19]: 1970  1 28 12 11 ISAAC       7.0   6.0   78   92 1999  8 27  6 15 FLORENCE    7.1   5.2  125  119
[18]: 1975  9 11  6 10 ALBERTO     7.2   5.5   37  230 1964  6 25 12  9 ISAAC       7.1   5.8  132  283
[17]: 1962  1 15  0 20 OSCAR       7.2   4.7   94  108 1964  6 25 12  9 ISAAC       7.1   5.8  132  283
[16]: 1975  9 11  6 10 ALBERTO     7.2   5.5   37  230 1996  3 18 12 24 SANDY       7.0   6.2   30  707
[15]: 1970  1 28 12 11 ISAAC       7.0   6.0   78   92 2004  1 24 18 16 LESLIE      7.2   5.0   27  621
[13]: 2003 10 15 18  7 GORDON      7.0   5.5   96  195 1977  3 26 18 22 TONY        7.3   5.1   89   15
[12]: 2004  1 24 18 16 LESLIE      7.2   5.0   27  621 1975  9 11  6 10 ALBERTO     7.2   5.5   37  230
[11]: 1996  3 18 12 24 SANDY       7.0   6.2   30  707 2003 10 15 18  7 GORDON      7.0   5.5   96  195
[10]: 1999  8 27  6 15 FLORENCE    7.1   5.2  125  119 1980  6 16  6  8 WILLIAM     7.3   5.2   34  549
[8]: 2003 10 15 18  7 GORDON      7.0   5.5   96  195 1970  1 28 12 11 ISAAC       7.0   6.0   78   92
[7]: 1962  1 15  0 20 OSCAR       7.2   4.7   94  108 1975  9 11  6 10 ALBERTO     7.2   5.5   37  230
[6]: 1999  8 27  6 15 FLORENCE    7.1   5.2  125  119 1990 11 26  6 15 TONY        7.2   5.6  132  735
[5]: 1964  6 25 12  9 ISAAC       7.1   5.8  132  283 2003 10 15 18  7 GORDON      7.0   5.5   96  195
[4]: 1990 11 26  6 15 TONY        7.2   5.6  132  735 1970  1 28 12 11 ISAAC       7.0   6.0   78   92
[3]: 1980  6 16  6  8 WILLIAM     7.3   5.2   34  549 1962  1 15  0 20 OSCAR       7.2   4.7   94  108
[2]: 1964  6 25 12  9 ISAAC       7.1   5.8  132  283 1999  8 27  6 15 FLORENCE    7.1   5.2  125  119
