[4]: 133.608810 132.432159
[4]: 126.463547 126.836334
[4]: 116.060097 117.904129
[4]: 172.730026 173.930054
[4]: 127.020798 124.594322
[4]: 126.115295 126.765602
[4]: 122.770996 122.387993
[4]: 127.506645 126.389420
[4]: 113.008934 111.252876
[4]: 122.946152 123.659187
[4]: 134.673645 133.923080
[4]: 128.932541 128.397034
[4]: 129.051010 127.930695
[4]: 122.465363 122.162163
[4]: 124.388107 123.592026
[4]: 133.228683 132.753708
[4]: 120.226868 118.670052
[4]: 67.766487 67.263580
[4]: 125.458405 125.855522
[4]: 130.914841 131.628586
[4]: 129.527908 130.921097
[4]: 113.255104 113.843704
[4]: 116.095604 117.078583
[4]: 121.853157 123.219727
[4]: 127.628265 128.845459
[4]: 135.891983 137.093811
[4]: 134.535187 133.075012
[4]: 118.493591 118.086906
[4]: 131.513763 129.906662
[4]: 72.620277 74.227898
[4]: 135.506805 133.324158
[4]: 138.222595 140.945679
[4]: 132.172775 131.868683
[4]: 129.314804 128.115768
[3]: 126.548004 129.667557
[3]: 129.295044 129.926086
[3]: 127.085045 127.448074
[3]: 60.649635 60.540619
[3]: 131.414047 131.771637
[3]: 127.307411 126.479179
[3]: 134.791565 135.141663
[3]: 129.747513 130.633560
[3]: 134.996796 135.352875
[3]: 126.685707 125.978561
[3]: 117.178940 119.108917
[3]: 125.997108 127.657806
[3]: 127.046318 128.203644
[3]: 132.420776 132.660767
[3]: 129.163284 129.234131
[3]: 131.455597 131.750046
[3]: 132.999603 132.714172
[3]: 158.935608 155.685638
[3]: 123.295204 124.603302
[3]: 123.013298 122.442459
[3]: 126.110245 124.990410
[3]: 138.731873 136.959061
[3]: 131.835464 132.554504
[3]: 130.358658 128.384995
[3]: 130.385101 129.326920
[3]: 121.268913 120.673088
[3]: 126.791176 128.321609
[3]: 129.105164 128.891006
[3]: 125.647369 125.635117
[3]: 65.599953 64.354279
[3]: 128.384872 128.957504
[3]: 121.346214 117.774368
[3]: 125.560753 124.986511
[3]: 121.628120 121.671371
[2]: 126.549088 127.894775
[2]: 136.449722 136.264862
[2]: 137.243515 137.254089
[2]: 111.533775 113.327965
[2]: 138.743866 139.689117
[2]: 127.098579 126.364342
[2]: 129.172638 130.981094
[2]: 128.384232 128.233978
[2]: 142.013565 143.741364
[2]: 137.686874 136.178146
[2]: 114.512817 114.198883
[2]: 128.034134 130.096924
[2]: 123.154617 122.856323
[2]: 139.870300 141.394409
[2]: 132.164291 131.694214
[2]: 126.236603 125.654327
[2]: 133.882690 135.343277
[2]: 66.581154 68.268845
[2]: 130.505035 129.859833
[2]: 117.923721 117.726288
[2]: 131.299545 129.149658
[2]: 144.524887 144.983566
[2]: 143.348755 140.783249
[2]: 138.129852 136.607025
[2]: 124.306450 122.202629
[2]: 116.807999 115.770721
[2]: 125.636879 127.232552
[2]: 139.480270 141.488953
[2]: 115.802841 117.123810
[2]: 185.395355 187.028641
[2]: 114.250336 115.487915
[2]: 118.114769 115.701958
[2]: 126.070877 126.823853
[2]: 120.487976 119.795769
[1]: 126.648689 124.435265
[1]: 126.948570 126.022057
[1]: 137.830612 136.218262
[1]: 196.272568 195.582352
[1]: 127.698410 128.496063
[1]: 127.558121 127.885963
[1]: 126.308823 126.182396
[1]: 126.157486 126.707695
[1]: 137.589172 139.348587
[1]: 128.561081 128.695145
[1]: 120.246033 120.969055
[1]: 130.567230 129.116302
[1]: 128.626205 129.162750
[1]: 133.711411 133.181931
[1]: 132.802368 133.151993
[1]: 118.142235 118.258011
[1]: 133.963120 134.611816
[1]: 190.483200 191.817841
[1]: 133.585129 132.786499
[1]: 123.361732 122.490532
[1]: 126.454559 125.744560
[1]: 136.617020 135.743011
[1]: 139.773193 140.021667
[1]: 134.005051 134.113419
[1]: 129.195694 129.365189
[1]: 119.168068 119.186768
[1]: 121.847260 122.164551
[1]: 136.011673 136.165558
[1]: 126.101616 127.482735
[1]: 132.966934 131.550781
[1]: 118.714439 119.676590
[1]: 115.889824 117.413986
[1]: 125.404526 126.122925
[1]: 128.818390 130.843796
[0]: 126.032784 124.891190
[0]: 117.407417 117.632103
[0]: 117.771896 117.247887
[0]: 93.195320 91.521843
[0]: 114.973068 115.437042
[0]: 129.178192 129.795883
[0]: 123.356827 121.578682
[0]: 124.055069 123.861870
[0]: 106.082344 103.972305
[0]: 119.456116 121.032570
[0]: 153.412750 151.454742
[0]: 125.992432 124.158813
[0]: 131.620468 131.248230
[0]: 106.039581 105.238052
[0]: 116.014542 117.011108
[0]: 129.413605 130.063766
[0]: 116.476593 116.268654
[0]: 155.832993 155.970764
[0]: 124.544395 124.307205
[0]: 140.416534 141.321823
[0]: 124.270088 127.129501
[0]: 103.704529 105.662453
[0]: 105.045944 105.882210
[0]: 109.971344 112.333275
[0]: 124.536827 126.447815
[0]: 147.001205 147.295670
[0]: 130.757355 128.576889
[0]: 113.895287 112.386185
[0]: 140.240234 138.924698
[0]: 186.455338 185.904358
[0]: 144.820602 143.981277
[0]: 144.637848 146.401062
[0]: 128.401474 127.767845
[0]: 137.665802 137.356873
