[4]: 108.828316 132.432159
[4]: 131.458038 126.836334
[4]: 123.019981 117.904129
[4]: 200.863846 173.930054
[4]: 129.966782 124.594322
[4]: 127.925926 126.765602
[4]: 124.636559 122.387993
[4]: 128.295227 126.389420
[4]: 126.055244 111.252876
[4]: 130.229324 123.659187
[4]: 128.982864 133.923080
[4]: 129.913040 128.397034
[4]: 124.435471 127.930695
[4]: 128.937378 122.162163
[4]: 125.417534 123.592026
[4]: 130.669067 132.753708
[4]: 126.379341 118.670052
[4]: 60.942711 67.263580
[4]: 125.540016 125.855522
[4]: 129.948303 131.628586
[4]: 130.531937 130.921097
[4]: 127.121414 113.843704
[4]: 128.097610 117.078583
[4]: 126.160675 123.219727
[4]: 126.926636 128.845459
[4]: 124.909851 137.093811
[4]: 129.170532 133.075012
[4]: 127.289101 118.086906
[4]: 125.404121 129.906662
[4]: 128.945023 74.227898
[4]: 125.678299 133.324158
[4]: 161.350388 140.945679
[4]: 126.793144 131.868683
[4]: 125.152054 128.115768
[3]: 170.450943 129.667557
[3]: 126.279037 129.926086
[3]: 124.925438 127.448074
[3]: 85.993469 60.540619
[3]: 128.899582 131.771637
[3]: 126.979713 126.479179
[3]: 128.288132 135.141663
[3]: 127.999428 130.633560
[3]: 127.085312 135.352875
[3]: 125.240578 125.978561
[3]: 126.242943 119.108917
[3]: 128.596283 127.657806
[3]: 127.645889 128.203644
[3]: 127.129601 132.660767
[3]: 126.995262 129.234131
[3]: 129.662338 131.750046
[3]: 126.642883 132.714172
[3]: 127.320961 155.685638
[3]: 126.471809 124.603302
[3]: 126.793022 122.442459
[3]: 126.446594 124.990410
[3]: 127.373886 136.959061
[3]: 127.052353 132.554504
[3]: 126.648575 128.384995
[3]: 127.910080 129.326920
[3]: 125.631935 120.673088
[3]: 128.917831 128.321609
[3]: 127.034813 128.891006
[3]: 128.560638 125.635117
[3]: 63.181568 64.354279
[3]: 128.736252 128.957504
[3]: 84.205696 117.774368
[3]: 127.871681 124.986511
[3]: 126.063232 121.671371
[2]: 168.623062 127.894775
[2]: 128.713257 136.264862
[2]: 128.743500 137.254089
[2]: 81.978729 113.327965
[2]: 127.529144 139.689117
[2]: 128.229401 126.364342
[2]: 126.946510 130.981094
[2]: 127.556244 128.233978
[2]: 126.706024 143.741364
[2]: 128.804092 136.178146
[2]: 127.689369 114.198883
[2]: 127.998337 130.096924
[2]: 128.497635 122.856323
[2]: 127.848366 141.394409
[2]: 127.581551 131.694214
[2]: 126.433952 125.654327
[2]: 128.752274 135.343277
[2]: 129.060730 68.268845
[2]: 128.703079 129.859833
[2]: 126.759254 117.726288
[2]: 129.231964 129.149658
[2]: 127.818581 144.983566
[2]: 127.968613 140.783249
[2]: 127.591797 136.607025
[2]: 126.116463 122.202629
[2]: 129.298904 115.770721
[2]: 126.648300 127.232552
[2]: 127.708969 141.488953
[2]: 126.792122 117.123810
[2]: 191.530624 187.028641
[2]: 127.580139 115.487915
[2]: 86.395134 115.701958
[2]: 127.111465 126.823853
[2]: 127.999298 119.795769
[1]: 95.965233 124.435265
[1]: 124.622360 126.022057
[1]: 133.035309 136.218262
[1]: 202.973007 195.582352
[1]: 127.846176 128.496063
[1]: 127.151680 127.885963
[1]: 127.804077 126.182396
[1]: 125.514923 126.707695
[1]: 128.780838 139.348587
[1]: 125.242668 128.695145
[1]: 125.631393 120.969055
[1]: 126.218445 129.116302
[1]: 130.503311 129.162750
[1]: 126.498032 133.181931
[1]: 128.428223 133.151993
[1]: 123.556488 118.258011
[1]: 131.100281 134.611816
[1]: 192.745087 191.817841
[1]: 129.951553 132.786499
[1]: 122.589111 122.490532
[1]: 124.330803 125.744560
[1]: 127.000359 135.743011
[1]: 128.881210 140.021667
[1]: 128.996246 134.113419
[1]: 127.244995 129.365189
[1]: 126.966393 119.186768
[1]: 125.703613 122.164551
[1]: 128.966125 136.165558
[1]: 128.768143 127.482735
[1]: 126.944313 131.550781
[1]: 128.790665 119.676590
[1]: 146.266800 117.413986
[1]: 129.586975 126.122925
[1]: 131.368423 130.843796
[0]: 45.293945 124.891190
[0]: 125.910072 117.632103
[0]: 127.706734 117.247887
[0]: 92.380135 91.521843
[0]: 126.209343 115.437042
[0]: 126.486847 129.795883
[0]: 129.333298 121.578682
[0]: 126.052170 123.861870
[0]: 127.157402 103.972305
[0]: 126.362778 121.032570
[0]: 130.222275 151.454742
[0]: 126.342934 124.158813
[0]: 128.008057 131.248230
[0]: 125.330574 105.238052
[0]: 126.933884 117.011108
[0]: 127.539917 130.063766
[0]: 125.216263 116.268654
[0]: 129.253113 155.970764
[0]: 126.828873 124.307205
[0]: 128.872879 141.321823
[0]: 126.992287 127.129501
[0]: 130.378311 105.662453
[0]: 125.815041 105.882210
[0]: 126.269218 112.333275
[0]: 128.646973 126.447815
[0]: 132.895554 147.295670
[0]: 129.095947 128.576889
[0]: 127.365730 112.386185
[0]: 129.052399 138.924698
[0]: 126.946022 185.904358
[0]: 129.713882 143.981277
[0]: 208.663528 146.401062
[0]: 125.766502 127.767845
[0]: 126.644821 137.356873
