[4]: 137.201736 132.432159
[4]: 125.485794 126.836334
[4]: 117.848434 117.904129
[4]: 175.233154 173.930054
[4]: 125.654213 124.594322
[4]: 126.421135 126.765602
[4]: 124.130112 122.387993
[4]: 124.583694 126.389420
[4]: 109.493629 111.252876
[4]: 124.797470 123.659187
[4]: 135.573639 133.923080
[4]: 133.782745 128.397034
[4]: 127.691414 127.930695
[4]: 124.368423 122.162163
[4]: 119.770317 123.592026
[4]: 132.715393 132.753708
[4]: 118.102806 118.670052
[4]: 68.375938 67.263580
[4]: 127.675743 125.855522
[4]: 127.854134 131.628586
[4]: 128.527023 130.921097
[4]: 109.228966 113.843704
[4]: 114.614326 117.078583
[4]: 125.099251 123.219727
[4]: 129.686508 128.845459
[4]: 131.268295 137.093811
[4]: 132.287766 133.075012
[4]: 117.225487 118.086906
[4]: 129.092133 129.906662
[4]: 75.521805 74.227898
[4]: 134.029449 133.324158
[4]: 134.484131 140.945679
[4]: 129.559952 131.868683
[4]: 123.626595 128.115768
[3]: 123.341209 129.667557
[3]: 129.737442 129.926086
[3]: 125.907784 127.448074
[3]: 61.772686 60.540619
[3]: 129.777985 131.771637
[3]: 126.050438 126.479179
[3]: 134.008881 135.141663
[3]: 129.933899 130.633560
[3]: 136.536560 135.352875
[3]: 125.108749 125.978561
[3]: 119.519485 119.108917
[3]: 122.964066 127.657806
[3]: 128.425003 128.203644
[3]: 131.460938 132.660767
[3]: 130.938339 129.234131
[3]: 132.260056 131.750046
[3]: 132.203766 132.714172
[3]: 157.015976 155.685638
[3]: 122.706345 124.603302
[3]: 123.883614 122.442459
[3]: 126.976768 124.990410
[3]: 141.314316 136.959061
[3]: 132.069061 132.554504
[3]: 128.785934 128.384995
[3]: 128.195114 129.326920
[3]: 123.911285 120.673088
[3]: 126.879402 128.321609
[3]: 129.601425 128.891006
[3]: 127.627144 125.635117
[3]: 63.281570 64.354279
[3]: 129.589722 128.957504
[3]: 124.934982 117.774368
[3]: 126.392036 124.986511
[3]: 125.332008 121.671371
[2]: 124.230232 127.894775
[2]: 136.004211 136.264862
[2]: 137.204498 137.254089
[2]: 112.371368 113.327965
[2]: 140.449463 139.689117
[2]: 129.803833 126.364342
[2]: 127.536377 130.981094
[2]: 130.206848 128.233978
[2]: 145.521240 143.741364
[2]: 137.699036 136.178146
[2]: 111.797523 114.198883
[2]: 122.811607 130.096924
[2]: 122.097115 122.856323
[2]: 139.075745 141.394409
[2]: 133.134506 131.694214
[2]: 125.141457 125.654327
[2]: 139.863403 135.343277
[2]: 67.258965 68.268845
[2]: 128.524002 129.859833
[2]: 124.314072 117.726288
[2]: 132.832809 129.149658
[2]: 152.248444 144.983566
[2]: 145.547623 140.783249
[2]: 133.810883 136.607025
[2]: 121.258476 122.202629
[2]: 121.894066 115.770721
[2]: 129.849640 127.232552
[2]: 143.142105 141.488953
[2]: 117.551910 117.123810
[2]: 183.033981 187.028641
[2]: 114.329041 115.487915
[2]: 123.423729 115.701958
[2]: 128.342239 126.823853
[2]: 127.014244 119.795769
[1]: 126.112267 124.435265
[1]: 127.944328 126.022057
[1]: 138.047043 136.218262
[1]: 195.230545 195.582352
[1]: 127.522522 128.496063
[1]: 127.296524 127.885963
[1]: 126.107491 126.182396
[1]: 126.481789 126.707695
[1]: 139.989914 139.348587
[1]: 127.780548 128.695145
[1]: 121.939171 120.969055
[1]: 127.012009 129.116302
[1]: 128.792557 129.162750
[1]: 133.617386 133.181931
[1]: 134.405014 133.151993
[1]: 118.781937 118.258011
[1]: 135.575806 134.611816
[1]: 191.685150 191.817841
[1]: 131.820358 132.786499
[1]: 124.937859 122.490532
[1]: 126.819283 125.744560
[1]: 137.764374 135.743011
[1]: 139.021484 140.021667
[1]: 132.322098 134.113419
[1]: 127.004234 129.365189
[1]: 123.171478 119.186768
[1]: 123.216522 122.164551
[1]: 136.067917 136.165558
[1]: 127.598602 127.482735
[1]: 134.773239 131.550781
[1]: 121.170250 119.676590
[1]: 117.517136 117.413986
[1]: 126.031029 126.122925
[1]: 132.121506 130.843796
[0]: 128.723419 124.891190
[0]: 117.588127 117.632103
[0]: 117.064224 117.247887
[0]: 88.925766 91.521843
[0]: 116.927818 115.437042
[0]: 127.638672 129.795883
[0]: 124.739418 121.578682
[0]: 124.768410 123.861870
[0]: 102.088516 103.972305
[0]: 120.286156 121.032570
[0]: 150.567352 151.454742
[0]: 133.538864 124.158813
[0]: 132.385193 131.248230
[0]: 106.270416 105.238052
[0]: 116.347130 117.011108
[0]: 129.592316 130.063766
[0]: 111.628838 116.268654
[0]: 152.886597 155.970764
[0]: 126.872917 124.307205
[0]: 134.057648 141.321823
[0]: 122.493370 127.129501
[0]: 96.118446 105.662453
[0]: 105.195930 105.882210
[0]: 114.857094 112.333275
[0]: 130.291199 126.447815
[0]: 139.066620 147.295670
[0]: 127.132645 128.576889
[0]: 111.006241 112.386185
[0]: 136.881897 138.924698
[0]: 187.327026 185.904358
[0]: 142.010437 143.981277
[0]: 137.193100 146.401062
[0]: 127.217995 127.767845
[0]: 128.986572 137.356873
