[4]: 92.808159 132.432159
[4]: 132.503952 126.836334
[4]: 127.662285 117.904129
[4]: 182.239929 173.930054
[4]: 140.232376 124.594322
[4]: 126.441551 126.765602
[4]: 125.259399 122.387993
[4]: 135.339401 126.389420
[4]: 132.161697 111.252876
[4]: 130.137787 123.659187
[4]: 125.440659 133.923080
[4]: 124.434975 128.397034
[4]: 122.973328 127.930695
[4]: 143.050674 122.162163
[4]: 126.891365 123.592026
[4]: 125.794205 132.753708
[4]: 131.114059 118.670052
[4]: 59.627701 67.263580
[4]: 132.885056 125.855522
[4]: 128.537735 131.628586
[4]: 135.390793 130.921097
[4]: 136.061874 113.843704
[4]: 132.195312 117.078583
[4]: 136.901413 123.219727
[4]: 126.145172 128.845459
[4]: 117.181793 137.093811
[4]: 126.390076 133.075012
[4]: 130.437820 118.086906
[4]: 122.763176 129.906662
[4]: 126.123657 74.227898
[4]: 124.192192 133.324158
[4]: 165.567612 140.945679
[4]: 131.708862 131.868683
[4]: 118.278534 128.115768
[3]: 170.844315 129.667557
[3]: 126.388977 129.926086
[3]: 124.850746 127.448074
[3]: 87.064827 60.540619
[3]: 129.374008 131.771637
[3]: 127.133774 126.479179
[3]: 128.455475 135.141663
[3]: 128.500641 130.633560
[3]: 127.111862 135.352875
[3]: 125.200722 125.978561
[3]: 126.127602 119.108917
[3]: 128.707214 127.657806
[3]: 127.681831 128.203644
[3]: 127.692429 132.660767
[3]: 126.992805 129.234131
[3]: 129.486893 131.750046
[3]: 126.983421 132.714172
[3]: 127.345093 155.685638
[3]: 126.544395 124.603302
[3]: 126.495247 122.442459
[3]: 126.238754 124.990410
[3]: 127.562386 136.959061
[3]: 127.372398 132.554504
[3]: 127.118286 128.384995
[3]: 127.809944 129.326920
[3]: 125.331596 120.673088
[3]: 128.696228 128.321609
[3]: 127.102737 128.891006
[3]: 128.915771 125.635117
[3]: 63.325237 64.354279
[3]: 129.082687 128.957504
[3]: 83.527824 117.774368
[3]: 128.462997 124.986511
[3]: 125.219292 121.671371
[2]: 169.224915 127.894775
[2]: 129.297714 136.264862
[2]: 129.537842 137.254089
[2]: 83.565750 113.327965
[2]: 128.815781 139.689117
[2]: 128.064316 126.364342
[2]: 126.883888 130.981094
[2]: 128.096741 128.233978
[2]: 127.251015 143.741364
[2]: 129.121140 136.178146
[2]: 126.927528 114.198883
[2]: 127.496544 130.096924
[2]: 128.433792 122.856323
[2]: 129.209778 141.394409
[2]: 127.953423 131.694214
[2]: 125.983559 125.654327
[2]: 129.780106 135.343277
[2]: 129.154724 68.268845
[2]: 129.828506 129.859833
[2]: 127.006004 117.726288
[2]: 129.648010 129.149658
[2]: 128.168427 144.983566
[2]: 128.731964 140.783249
[2]: 128.534500 136.607025
[2]: 125.858711 122.202629
[2]: 128.003326 115.770721
[2]: 126.417877 127.232552
[2]: 128.081802 141.488953
[2]: 125.760078 117.123810
[2]: 192.072479 187.028641
[2]: 126.662361 115.487915
[2]: 85.410179 115.701958
[2]: 127.395432 126.823853
[2]: 127.835159 119.795769
[1]: 87.740730 124.435265
[1]: 128.927505 126.022057
[1]: 136.069153 136.218262
[1]: 181.213165 195.582352
[1]: 140.103958 128.496063
[1]: 123.932739 127.885963
[1]: 126.536613 126.182396
[1]: 132.528748 126.707695
[1]: 129.062195 139.348587
[1]: 125.846046 128.695145
[1]: 117.415565 120.969055
[1]: 123.946213 129.116302
[1]: 133.227890 129.162750
[1]: 139.471527 133.181931
[1]: 131.410507 133.151993
[1]: 120.161095 118.258011
[1]: 139.724365 134.611816
[1]: 194.743622 191.817841
[1]: 138.849213 132.786499
[1]: 124.804649 122.490532
[1]: 125.283043 125.744560
[1]: 129.232056 135.743011
[1]: 136.525757 140.021667
[1]: 137.668869 134.113419
[1]: 125.084976 129.365189
[1]: 117.100075 119.186768
[1]: 120.770294 122.164551
[1]: 135.086700 136.165558
[1]: 125.830864 127.482735
[1]: 124.310974 131.550781
[1]: 126.215240 119.676590
[1]: 161.465836 117.413986
[1]: 130.086334 126.122925
[1]: 122.387817 130.843796
[0]: 78.110275 124.891190
[0]: 118.448090 117.632103
[0]: 117.373100 117.247887
[0]: 137.664871 91.521843
[0]: 96.364929 115.437042
[0]: 132.194733 129.795883
[0]: 129.806458 121.578682
[0]: 107.502525 123.861870
[0]: 118.495857 103.972305
[0]: 125.354492 121.032570
[0]: 145.570419 151.454742
[0]: 136.385483 124.158813
[0]: 126.622482 131.248230
[0]: 89.730179 105.238052
[0]: 121.030342 117.011108
[0]: 138.447021 130.063766
[0]: 107.154167 116.268654
[0]: 129.039383 155.970764
[0]: 105.467995 124.307205
[0]: 127.873589 141.321823
[0]: 119.672188 127.129501
[0]: 115.863693 105.662453
[0]: 110.080261 105.882210
[0]: 100.687141 112.333275
[0]: 132.654221 126.447815
[0]: 156.384827 147.295670
[0]: 138.962341 128.576889
[0]: 115.572136 112.386185
[0]: 136.772568 138.924698
[0]: 133.889404 185.904358
[0]: 135.423447 143.981277
[0]: 182.834213 146.401062
[0]: 117.871864 127.767845
[0]: 147.426041 137.356873
