[4]: 132.432159 134.362244
[4]: 126.836334 126.570549
[4]: 117.904129 116.600410
[4]: 173.930054 173.543243
[4]: 124.594322 127.089905
[4]: 126.765602 126.194061
[4]: 122.387993 123.441948
[4]: 126.389420 127.383980
[4]: 111.252876 111.758240
[4]: 123.659187 123.857224
[4]: 133.923080 135.185699
[4]: 128.397034 130.212936
[4]: 127.930695 127.966957
[4]: 122.162163 122.280617
[4]: 123.592026 123.241280
[4]: 132.753708 133.478577
[4]: 118.670052 119.941231
[4]: 67.263580 68.093887
[4]: 125.855522 126.469582
[4]: 131.628586 129.584335
[4]: 130.921097 129.107178
[4]: 113.843704 111.403091
[4]: 117.078583 115.301559
[4]: 123.219727 120.928734
[4]: 128.845459 128.078995
[4]: 137.093811 135.807449
[4]: 133.075012 134.010269
[4]: 118.086906 118.330383
[4]: 129.906662 131.082733
[4]: 74.227898 73.445137
[4]: 133.324158 135.650101
[4]: 140.945679 138.286514
[4]: 131.868683 131.368683
[4]: 128.115768 128.226715
[3]: 129.667557 126.547020
[3]: 129.926086 129.641769
[3]: 127.448074 126.422226
[3]: 60.540619 60.894405
[3]: 131.771637 130.636612
[3]: 126.479179 127.262001
[3]: 135.141663 133.975571
[3]: 130.633560 129.232971
[3]: 135.352875 135.465393
[3]: 125.978561 124.978539
[3]: 119.108917 118.174667
[3]: 127.657806 125.611099
[3]: 128.203644 128.407562
[3]: 132.660767 132.698746
[3]: 129.234131 129.980331
[3]: 131.750046 131.312958
[3]: 132.714172 132.254196
[3]: 155.685638 157.200180
[3]: 124.603302 122.596504
[3]: 122.442459 124.200111
[3]: 124.990410 126.564194
[3]: 136.959061 139.768280
[3]: 132.554504 132.190430
[3]: 128.384995 130.000000
[3]: 129.326920 129.575043
[3]: 120.673088 121.424332
[3]: 128.321609 127.542419
[3]: 128.891006 128.483734
[3]: 125.635117 126.769920
[3]: 64.354279 64.403030
[3]: 128.957504 127.849838
[3]: 117.774368 121.501831
[3]: 124.986511 125.625847
[3]: 121.671371 122.503944
[2]: 127.894775 126.459862
[2]: 136.264862 135.330643
[2]: 137.254089 137.312866
[2]: 113.327965 112.083138
[2]: 139.689117 138.180939
[2]: 126.364342 127.272964
[2]: 130.981094 128.281448
[2]: 128.233978 127.548073
[2]: 143.741364 142.062424
[2]: 136.178146 137.641129
[2]: 114.198883 114.986275
[2]: 130.096924 126.795097
[2]: 122.856323 123.046089
[2]: 141.394409 140.538162
[2]: 131.694214 133.403137
[2]: 125.654327 125.652550
[2]: 135.343277 133.975327
[2]: 68.268845 66.336426
[2]: 129.859833 129.290497
[2]: 117.726288 119.979378
[2]: 129.149658 131.735916
[2]: 144.983566 146.693558
[2]: 140.783249 143.969543
[2]: 136.607025 138.688721
[2]: 122.202629 123.958038
[2]: 115.770721 117.634460
[2]: 127.232552 126.074883
[2]: 141.488953 139.422974
[2]: 117.123810 115.804535
[2]: 187.028641 185.041565
[2]: 115.487915 113.973267
[2]: 115.701958 119.692291
[2]: 126.823853 126.884499
[2]: 119.795769 121.620422
[1]: 124.435265 125.967392
[1]: 126.022057 127.088394
[1]: 136.218262 137.086914
[1]: 195.582352 196.046570
[1]: 128.496063 127.638008
[1]: 127.885963 127.361443
[1]: 126.182396 126.325165
[1]: 126.707695 126.218208
[1]: 139.348587 137.953735
[1]: 128.695145 128.734985
[1]: 120.969055 120.405525
[1]: 129.116302 129.779999
[1]: 129.162750 128.730774
[1]: 133.181931 133.814011
[1]: 133.151993 132.953354
[1]: 118.258011 117.115700
[1]: 134.611816 134.380249
[1]: 191.817841 190.513336
[1]: 132.786499 133.440079
[1]: 122.490532 123.304802
[1]: 125.744560 126.795288
[1]: 135.743011 137.558197
[1]: 140.021667 140.458969
[1]: 134.113419 134.539627
[1]: 129.365189 129.313934
[1]: 119.186768 119.052032
[1]: 122.164551 122.092445
[1]: 136.165558 136.310104
[1]: 127.482735 126.238335
[1]: 131.550781 132.669052
[1]: 119.676590 118.651428
[1]: 117.413986 115.946251
[1]: 126.122925 125.381027
[1]: 130.843796 129.345459
[0]: 124.891190 126.124733
[0]: 117.632103 118.017090
[0]: 117.247887 118.665787
[0]: 91.521843 92.686119
[0]: 115.437042 116.490730
[0]: 129.795883 129.149597
[0]: 121.578682 124.441521
[0]: 123.861870 125.597862
[0]: 103.972305 106.502434
[0]: 121.032570 120.228279
[0]: 151.454742 150.973938
[0]: 124.158813 127.271935
[0]: 131.248230 131.285355
[0]: 105.238052 105.213409
[0]: 117.011108 114.917130
[0]: 130.063766 131.047073
[0]: 116.268654 117.065872
[0]: 155.970764 157.095428
[0]: 124.307205 125.724220
[0]: 141.321823 138.333359
[0]: 127.129501 123.418114
[0]: 105.662453 101.237930
[0]: 105.882210 104.177528
[0]: 112.333275 110.255020
[0]: 126.447815 125.206665
[0]: 147.295670 146.082779
[0]: 128.576889 129.774368
[0]: 112.386185 114.527466
[0]: 138.924698 139.270142
[0]: 185.904358 186.907654
[0]: 143.981277 145.537292
[0]: 146.401062 142.585983
[0]: 127.767845 128.371216
[0]: 137.356873 136.043320
