[4]: 135.148529 132.432159
[4]: 124.050728 126.836334
[4]: 117.046844 117.904129
[4]: 175.625031 173.930054
[4]: 122.834114 124.594322
[4]: 126.282478 126.765602
[4]: 124.978920 122.387993
[4]: 126.302452 126.389420
[4]: 111.453987 111.252876
[4]: 125.568916 123.659187
[4]: 137.029556 133.923080
[4]: 132.808029 128.397034
[4]: 126.033920 127.930695
[4]: 123.370293 122.162163
[4]: 120.455338 123.592026
[4]: 131.484894 132.753708
[4]: 118.143616 118.670052
[4]: 68.067604 67.263580
[4]: 129.683365 125.855522
[4]: 131.087189 131.628586
[4]: 128.928741 130.921097
[4]: 113.501701 113.843704
[4]: 112.909485 117.078583
[4]: 125.677422 123.219727
[4]: 129.020447 128.845459
[4]: 133.607590 137.093811
[4]: 129.670761 133.075012
[4]: 119.734406 118.086906
[4]: 131.510422 129.906662
[4]: 75.441154 74.227898
[4]: 133.723785 133.324158
[4]: 138.290558 140.945679
[4]: 130.478561 131.868683
[4]: 121.893082 128.115768
[3]: 124.992920 129.667557
[3]: 129.509918 129.926086
[3]: 126.214912 127.448074
[3]: 61.660076 60.540619
[3]: 131.439789 131.771637
[3]: 126.960068 126.479179
[3]: 135.633530 135.141663
[3]: 129.243484 130.633560
[3]: 134.627151 135.352875
[3]: 124.669571 125.978561
[3]: 119.414261 119.108917
[3]: 125.342728 127.657806
[3]: 128.910645 128.203644
[3]: 131.580368 132.660767
[3]: 130.872971 129.234131
[3]: 131.326996 131.750046
[3]: 131.963806 132.714172
[3]: 157.445389 155.685638
[3]: 122.800735 124.603302
[3]: 122.521446 122.442459
[3]: 126.868996 124.990410
[3]: 138.083206 136.959061
[3]: 133.746552 132.554504
[3]: 128.330353 128.384995
[3]: 129.361725 129.326920
[3]: 121.870628 120.673088
[3]: 129.083206 128.321609
[3]: 127.999535 128.891006
[3]: 126.969719 125.635117
[3]: 63.325680 64.354279
[3]: 129.883316 128.957504
[3]: 122.002724 117.774368
[3]: 125.629951 124.986511
[3]: 125.062424 121.671371
[2]: 126.638138 127.894775
[2]: 137.393631 136.264862
[2]: 139.061859 137.254089
[2]: 111.521439 113.327965
[2]: 142.865112 139.689117
[2]: 128.691711 126.364342
[2]: 128.442612 130.981094
[2]: 128.080505 128.233978
[2]: 144.646988 143.741364
[2]: 136.274597 136.178146
[2]: 110.377701 114.198883
[2]: 125.776482 130.096924
[2]: 123.569130 122.856323
[2]: 139.805435 141.394409
[2]: 133.157730 131.694214
[2]: 127.105927 125.654327
[2]: 139.067810 135.343277
[2]: 67.706749 68.268845
[2]: 126.151131 129.859833
[2]: 120.791283 117.726288
[2]: 131.700958 129.149658
[2]: 146.320755 144.983566
[2]: 146.408676 140.783249
[2]: 134.058472 136.607025
[2]: 122.432159 122.202629
[2]: 117.890617 115.770721
[2]: 131.434891 127.232552
[2]: 141.368622 141.488953
[2]: 114.684708 117.123810
[2]: 183.126358 187.028641
[2]: 113.759514 115.487915
[2]: 119.656883 115.701958
[2]: 127.266792 126.823853
[2]: 127.602913 119.795769
[1]: 126.391930 124.435265
[1]: 129.569244 126.022057
[1]: 137.078568 136.218262
[1]: 195.342010 195.582352
[1]: 129.825836 128.496063
[1]: 127.187950 127.885963
[1]: 125.640350 126.182396
[1]: 126.579651 126.707695
[1]: 138.378754 139.348587
[1]: 127.171700 128.695145
[1]: 120.516022 120.969055
[1]: 128.403793 129.116302
[1]: 130.441925 129.162750
[1]: 133.186264 133.181931
[1]: 134.148285 133.151993
[1]: 119.661995 118.258011
[1]: 134.870972 134.611816
[1]: 191.607925 191.817841
[1]: 130.331543 132.786499
[1]: 122.915573 122.490532
[1]: 126.465340 125.744560
[1]: 135.458099 135.743011
[1]: 140.416504 140.021667
[1]: 132.310043 134.113419
[1]: 128.389236 129.365189
[1]: 122.172935 119.186768
[1]: 123.763290 122.164551
[1]: 134.117386 136.165558
[1]: 126.218224 127.482735
[1]: 134.766144 131.550781
[1]: 121.058693 119.676590
[1]: 115.095673 117.413986
[1]: 126.054001 126.122925
[1]: 133.063324 130.843796
[0]: 126.288269 124.891190
[0]: 115.972374 117.632103
[0]: 116.553825 117.247887
[0]: 89.480080 91.521843
[0]: 112.838226 115.437042
[0]: 128.081146 129.795883
[0]: 121.540314 121.578682
[0]: 125.787628 123.861870
[0]: 104.493591 103.972305
[0]: 122.026672 121.032570
[0]: 152.480591 151.454742
[0]: 127.325706 124.158813
[0]: 130.295410 131.248230
[0]: 106.707085 105.238052
[0]: 115.817055 117.011108
[0]: 128.899841 130.063766
[0]: 113.290421 116.268654
[0]: 152.792877 155.970764
[0]: 128.790115 124.307205
[0]: 138.148270 141.321823
[0]: 123.718956 127.129501
[0]: 103.566994 105.662453
[0]: 102.434128 105.882210
[0]: 114.358231 112.333275
[0]: 126.981926 126.447815
[0]: 144.299637 147.295670
[0]: 125.219772 128.576889
[0]: 113.909386 112.386185
[0]: 139.718185 138.924698
[0]: 187.310043 185.904358
[0]: 142.931671 143.981277
[0]: 143.134583 146.401062
[0]: 128.185181 127.767845
[0]: 129.496689 137.356873
