[4]: 132.432159 155.080887
[4]: 126.836334 122.961807
[4]: 117.904129 127.967300
[4]: 173.930054 157.007736
[4]: 124.594322 128.870026
[4]: 126.765602 122.424522
[4]: 122.387993 130.242889
[4]: 126.389420 119.643585
[4]: 111.252876 118.619003
[4]: 123.659187 121.957748
[4]: 133.923080 135.362656
[4]: 128.397034 130.951218
[4]: 127.930695 128.067886
[4]: 122.162163 138.219208
[4]: 123.592026 125.138924
[4]: 132.753708 150.926559
[4]: 118.670052 126.662079
[4]: 67.263580 61.931438
[4]: 125.855522 129.039536
[4]: 131.628586 136.380615
[4]: 130.921097 128.771988
[4]: 113.843704 104.454819
[4]: 117.078583 121.831001
[4]: 123.219727 124.176064
[4]: 128.845459 127.057961
[4]: 137.093811 118.909340
[4]: 133.075012 149.594345
[4]: 118.086906 125.618629
[4]: 129.906662 120.207184
[4]: 74.227898 95.652985
[4]: 133.324158 134.400009
[4]: 140.945679 133.776352
[4]: 131.868683 121.364609
[4]: 128.115768 121.954140
[3]: 129.667557 124.831917
[3]: 129.926086 137.100204
[3]: 127.448074 122.576080
[3]: 60.540619 96.307297
[3]: 131.771637 136.519669
[3]: 126.479179 137.799911
[3]: 135.141663 147.092789
[3]: 130.633560 129.564697
[3]: 135.352875 123.517029
[3]: 125.978561 132.210556
[3]: 119.108917 92.964951
[3]: 127.657806 119.101524
[3]: 128.203644 127.397858
[3]: 132.660767 121.885857
[3]: 129.234131 129.282471
[3]: 131.750046 158.492538
[3]: 132.714172 133.690308
[3]: 155.685638 166.634064
[3]: 124.603302 107.210060
[3]: 122.442459 111.083298
[3]: 124.990410 130.857651
[3]: 136.959061 151.392578
[3]: 132.554504 128.540207
[3]: 128.384995 136.980042
[3]: 129.326920 153.890228
[3]: 120.673088 131.187057
[3]: 128.321609 120.381691
[3]: 128.891006 123.578148
[3]: 125.635117 117.227959
[3]: 64.354279 85.488991
[3]: 128.957504 136.441727
[3]: 117.774368 125.900703
[3]: 124.986511 108.771217
[3]: 121.671371 137.385574
[2]: 127.894775 109.448082
[2]: 136.264862 131.853607
[2]: 137.254089 128.548004
[2]: 113.327965 107.105278
[2]: 139.689117 136.718567
[2]: 126.364342 131.769684
[2]: 130.981094 115.123123
[2]: 128.233978 147.301285
[2]: 143.741364 140.742157
[2]: 136.178146 138.147446
[2]: 114.198883 103.935043
[2]: 130.096924 116.615356
[2]: 122.856323 125.704964
[2]: 141.394409 124.844162
[2]: 131.694214 124.568802
[2]: 125.654327 97.302803
[2]: 135.343277 122.392159
[2]: 68.268845 76.052963
[2]: 129.859833 128.197678
[2]: 117.726288 120.848961
[2]: 129.149658 135.836960
[2]: 144.983566 155.422165
[2]: 140.783249 136.903366
[2]: 136.607025 136.766953
[2]: 122.202629 113.266243
[2]: 115.770721 141.181046
[2]: 127.232552 114.667839
[2]: 141.488953 125.803596
[2]: 117.123810 123.238243
[2]: 187.028641 166.788086
[2]: 115.487915 114.740562
[2]: 115.701958 114.052963
[2]: 126.823853 142.292160
[2]: 119.795769 126.557678
[1]: 124.435265 140.996506
[1]: 126.022057 123.077118
[1]: 136.218262 128.263123
[1]: 195.582352 167.656097
[1]: 128.496063 120.809929
[1]: 127.885963 119.663582
[1]: 126.182396 121.922234
[1]: 126.707695 119.384773
[1]: 139.348587 149.434341
[1]: 128.695145 136.502441
[1]: 120.969055 141.137085
[1]: 129.116302 139.535843
[1]: 129.162750 124.531609
[1]: 133.181931 131.747437
[1]: 133.151993 150.417679
[1]: 118.258011 102.708679
[1]: 134.611816 142.251740
[1]: 191.817841 180.369492
[1]: 132.786499 138.730377
[1]: 122.490532 145.956284
[1]: 125.744560 127.222168
[1]: 135.743011 140.387207
[1]: 140.021667 138.611816
[1]: 134.113419 126.463760
[1]: 129.365189 121.067039
[1]: 119.186768 101.242485
[1]: 122.164551 115.227615
[1]: 136.165558 137.813339
[1]: 127.482735 137.987244
[1]: 131.550781 126.955551
[1]: 119.676590 122.802452
[1]: 117.413986 124.114090
[1]: 126.122925 150.653671
[1]: 130.843796 107.142372
[0]: 124.891190 107.131653
[0]: 117.632103 122.786743
[0]: 117.247887 129.414932
[0]: 91.521843 106.961525
[0]: 115.437042 117.888641
[0]: 129.795883 125.943993
[0]: 121.578682 122.633736
[0]: 123.861870 120.528488
[0]: 103.972305 103.626724
[0]: 121.032570 107.383469
[0]: 151.454742 163.694794
[0]: 124.158813 133.320862
[0]: 131.248230 133.539093
[0]: 105.238052 118.688354
[0]: 117.011108 106.283936
[0]: 130.063766 127.842422
[0]: 116.268654 113.811363
[0]: 155.970764 160.742569
[0]: 124.307205 134.084457
[0]: 141.321823 119.271133
[0]: 127.129501 114.974892
[0]: 105.662453 89.003502
[0]: 105.882210 112.513168
[0]: 112.333275 111.613594
[0]: 126.447815 121.679550
[0]: 147.295670 146.495468
[0]: 128.576889 137.728943
[0]: 112.386185 125.519524
[0]: 138.924698 140.182434
[0]: 185.904358 164.046951
[0]: 143.981277 131.667068
[0]: 146.401062 138.449905
[0]: 127.767845 114.352165
[0]: 137.356873 144.688919
