[4]: 132.101028 132.432159
[4]: 128.433685 126.836334
[4]: 124.060860 117.904129
[4]: 179.620026 173.930054
[4]: 130.310349 124.594322
[4]: 126.686745 126.765602
[4]: 123.434448 122.387993
[4]: 128.556732 126.389420
[4]: 122.702423 111.252876
[4]: 127.488350 123.659187
[4]: 129.249588 133.923080
[4]: 128.886673 128.397034
[4]: 127.485725 127.930695
[4]: 129.313736 122.162163
[4]: 127.140541 123.592026
[4]: 130.736450 132.753708
[4]: 124.714058 118.670052
[4]: 80.911407 67.263580
[4]: 128.334457 125.855522
[4]: 126.353668 131.628586
[4]: 129.682312 130.921097
[4]: 122.044701 113.843704
[4]: 125.327835 117.078583
[4]: 127.971214 123.219727
[4]: 127.452271 128.845459
[4]: 129.605591 137.093811
[4]: 131.741928 133.075012
[4]: 125.951576 118.086906
[4]: 127.181671 129.906662
[4]: 95.812897 74.227898
[4]: 127.248489 133.324158
[4]: 131.076538 140.945679
[4]: 131.380402 131.868683
[4]: 173188234019340288.000000 128.115768
[3]: 127.901779 129.667557
[3]: 127.471359 129.926086
[3]: 127.379921 127.448074
[3]: 127.525314 60.540619
[3]: 128.181427 131.771637
[3]: 127.423538 126.479179
[3]: 127.356049 135.141663
[3]: 127.222542 130.633560
[3]: 127.118706 135.352875
[3]: 127.188004 125.978561
[3]: 127.549744 119.108917
[3]: 127.940575 127.657806
[3]: 127.842880 128.203644
[3]: 127.267906 132.660767
[3]: 127.105331 129.234131
[3]: 127.644928 131.750046
[3]: 127.718880 132.714172
[3]: 127.781891 155.685638
[3]: 127.534515 124.603302
[3]: 126.893906 122.442459
[3]: 127.576462 124.990410
[3]: 127.796494 136.959061
[3]: 127.622307 132.554504
[3]: 127.162994 128.384995
[3]: 127.269859 129.326920
[3]: 127.681412 120.673088
[3]: 127.846275 128.321609
[3]: 127.641411 128.891006
[3]: 127.656830 125.635117
[3]: 127.495361 64.354279
[3]: 128.044312 128.957504
[3]: 127.318626 117.774368
[3]: 127.497551 124.986511
[3]: 58144137676849152.000000 121.671371
[2]: 126.580170 127.894775
[2]: 136.502609 136.264862
[2]: 138.630829 137.254089
[2]: 128.717239 113.327965
[2]: 136.467178 139.689117
[2]: 125.668938 126.364342
[2]: 128.234390 130.981094
[2]: 127.524666 128.233978
[2]: 141.447876 143.741364
[2]: 137.848648 136.178146
[2]: 112.252419 114.198883
[2]: 128.855087 130.096924
[2]: 123.664413 122.856323
[2]: 141.449524 141.394409
[2]: 133.687668 131.694214
[2]: 122.898865 125.654327
[2]: 134.423523 135.343277
[2]: 85.552956 68.268845
[2]: 131.563477 129.859833
[2]: 118.466606 117.726288
[2]: 131.240829 129.149658
[2]: 148.057800 144.983566
[2]: 144.391220 140.783249
[2]: 139.020844 136.607025
[2]: 125.095398 122.202629
[2]: 114.142235 115.770721
[2]: 123.960999 127.232552
[2]: 139.904541 141.488953
[2]: 115.874588 117.123810
[2]: 185.573608 187.028641
[2]: 114.324684 115.487915
[2]: 114.768608 115.701958
[2]: 127.504143 126.823853
[2]: 231583519908823040.000000 119.795769
[1]: 126.969711 124.435265
[1]: 127.250565 126.022057
[1]: 137.929764 136.218262
[1]: 195.719299 195.582352
[1]: 126.944092 128.496063
[1]: 127.083626 127.885963
[1]: 126.385193 126.182396
[1]: 125.537491 126.707695
[1]: 137.333649 139.348587
[1]: 128.144821 128.695145
[1]: 119.825897 120.969055
[1]: 130.682007 129.116302
[1]: 128.517395 129.162750
[1]: 133.652878 133.181931
[1]: 133.206573 133.151993
[1]: 117.406990 118.258011
[1]: 133.574326 134.611816
[1]: 190.750916 191.817841
[1]: 134.018448 132.786499
[1]: 123.275017 122.490532
[1]: 126.020866 125.744560
[1]: 136.959198 135.743011
[1]: 139.840698 140.021667
[1]: 133.537109 134.113419
[1]: 128.181351 129.365189
[1]: 119.322899 119.186768
[1]: 121.205246 122.164551
[1]: 135.274704 136.165558
[1]: 126.020401 127.482735
[1]: 134.532593 131.550781
[1]: 118.823715 119.676590
[1]: 115.499413 117.413986
[1]: 126.389709 126.122925
[1]: 282956362470653952.000000 130.843796
[0]: 127.800186 124.891190
[0]: 123.592278 117.632103
[0]: 125.113045 117.247887
[0]: 140.919571 91.521843
[0]: 123.786209 115.437042
[0]: 128.543884 129.795883
[0]: 123.664055 121.578682
[0]: 125.768501 123.861870
[0]: 118.457047 103.972305
[0]: 125.297958 121.032570
[0]: 140.242142 151.454742
[0]: 128.711151 124.158813
[0]: 129.174820 131.248230
[0]: 119.242104 105.238052
[0]: 123.153671 117.011108
[0]: 126.905327 130.063766
[0]: 122.499077 116.268654
[0]: 124.124474 155.970764
[0]: 128.488251 124.307205
[0]: 131.879883 141.321823
[0]: 127.212326 127.129501
[0]: 115.574226 105.662453
[0]: 119.975388 105.882210
[0]: 120.627243 112.333275
[0]: 124.776688 126.447815
[0]: 135.355560 147.295670
[0]: 129.743469 128.576889
[0]: 122.817223 112.386185
[0]: 132.296906 138.924698
[0]: 178.514969 185.904358
[0]: 131.813980 143.981277
[0]: 134.668457 146.401062
[0]: 127.938606 127.767845
[0]: 115718015365939200.000000 137.356873
