[4]: 133.424973 132.432159
[4]: 128.950851 126.836334
[4]: 123.379601 117.904129
[4]: 138.495819 173.930054
[4]: 127.880974 124.594322
[4]: 126.953857 126.765602
[4]: 127.871788 122.387993
[4]: 128.779251 126.389420
[4]: 124.960243 111.252876
[4]: 126.439278 123.659187
[4]: 121.892464 133.923080
[4]: 127.714981 128.397034
[4]: 127.015831 127.930695
[4]: 127.467033 122.162163
[4]: 130.877853 123.592026
[4]: 129.323639 132.753708
[4]: 122.843895 118.670052
[4]: 67.921249 67.263580
[4]: 126.820663 125.855522
[4]: 128.858582 131.628586
[4]: 126.738083 130.921097
[4]: 128.163254 113.843704
[4]: 125.970703 117.078583
[4]: 126.233963 123.219727
[4]: 128.804642 128.845459
[4]: 128.581207 137.093811
[4]: 131.548798 133.075012
[4]: 124.529900 118.086906
[4]: 127.276276 129.906662
[4]: 58.598827 74.227898
[4]: 128.272064 133.324158
[4]: 128.829849 140.945679
[4]: 128.759399 131.868683
[4]: 127.286552 128.115768
[3]: 128.628799 129.667557
[3]: 126.595200 129.926086
[3]: 128.218430 127.448074
[3]: 58.854443 60.540619
[3]: 130.920425 131.771637
[3]: 129.397903 126.479179
[3]: 127.457306 135.141663
[3]: 129.727859 130.633560
[3]: 128.348282 135.352875
[3]: 124.185921 125.978561
[3]: 126.955742 119.108917
[3]: 126.999168 127.657806
[3]: 126.725616 128.203644
[3]: 125.314682 132.660767
[3]: 125.774353 129.234131
[3]: 128.939194 131.750046
[3]: 127.984352 132.714172
[3]: 189.078491 155.685638
[3]: 126.191734 124.603302
[3]: 130.101166 122.442459
[3]: 126.973816 124.990410
[3]: 129.703583 136.959061
[3]: 126.242767 132.554504
[3]: 129.522446 128.384995
[3]: 129.289200 129.326920
[3]: 129.473083 120.673088
[3]: 124.938492 128.321609
[3]: 126.793892 128.891006
[3]: 129.026443 125.635117
[3]: 116.695602 64.354279
[3]: 130.447144 128.957504
[3]: 125.996040 117.774368
[3]: 127.439354 124.986511
[3]: 126.433929 121.671371
[2]: 122.628899 127.894775
[2]: 128.422913 136.264862
[2]: 127.435944 137.254089
[2]: 115.043358 113.327965
[2]: 127.737488 139.689117
[2]: 127.260796 126.364342
[2]: 126.537857 130.981094
[2]: 126.175278 128.233978
[2]: 126.786636 143.741364
[2]: 133.034210 136.178146
[2]: 132.575119 114.198883
[2]: 128.355835 130.096924
[2]: 129.749374 122.856323
[2]: 127.337212 141.394409
[2]: 122.852882 131.694214
[2]: 128.454453 125.654327
[2]: 129.692474 135.343277
[2]: 69.360100 68.268845
[2]: 127.181831 129.859833
[2]: 124.181000 117.726288
[2]: 131.515030 129.149658
[2]: 124.706848 144.983566
[2]: 128.245911 140.783249
[2]: 125.433846 136.607025
[2]: 122.812325 122.202629
[2]: 126.390617 115.770721
[2]: 126.688286 127.232552
[2]: 127.874756 141.488953
[2]: 126.559158 117.123810
[2]: 196.404800 187.028641
[2]: 128.333908 115.487915
[2]: 130.512939 115.701958
[2]: 126.194611 126.823853
[2]: 124.853775 119.795769
[1]: 126.931305 124.435265
[1]: 125.889542 126.022057
[1]: 130.531174 136.218262
[1]: 198.720627 195.582352
[1]: 126.161736 128.496063
[1]: 126.064293 127.885963
[1]: 127.563416 126.182396
[1]: 124.170090 126.707695
[1]: 128.400192 139.348587
[1]: 125.037163 128.695145
[1]: 128.773453 120.969055
[1]: 128.700867 129.116302
[1]: 127.872971 129.162750
[1]: 128.975327 133.181931
[1]: 128.957977 133.151993
[1]: 123.805435 118.258011
[1]: 130.385559 134.611816
[1]: 185.868759 191.817841
[1]: 129.979080 132.786499
[1]: 124.412239 122.490532
[1]: 125.026932 125.744560
[1]: 128.637619 135.743011
[1]: 130.061249 140.021667
[1]: 127.474586 134.113419
[1]: 128.205246 129.365189
[1]: 126.266815 119.186768
[1]: 128.217026 122.164551
[1]: 131.419556 136.165558
[1]: 127.772354 127.482735
[1]: 138.162582 131.550781
[1]: 125.082489 119.676590
[1]: 123.873161 117.413986
[1]: 127.603302 126.122925
[1]: 131.145615 130.843796
[0]: 0.042729 124.891190
[0]: 0.040484 117.632103
[0]: 0.040142 117.247887
[0]: 0.032516 91.521843
[0]: 0.040300 115.437042
[0]: 0.043431 129.795883
[0]: 0.040923 121.578682
[0]: 0.042216 123.861870
[0]: 0.036397 103.972305
[0]: 0.039168 121.032570
[0]: 0.052715 151.454742
[0]: 0.043472 124.158813
[0]: 0.044238 131.248230
[0]: 0.036182 105.238052
[0]: 0.038037 117.011108
[0]: 0.044492 130.063766
[0]: 0.038373 116.268654
[0]: 0.052329 155.970764
[0]: 0.042078 124.307205
[0]: 0.047486 141.321823
[0]: 0.041258 127.129501
[0]: 0.032955 105.662453
[0]: 0.036257 105.882210
[0]: 0.036570 112.333275
[0]: 0.041705 126.447815
[0]: 0.049292 147.295670
[0]: 0.046627 128.576889
[0]: 0.040918 112.386185
[0]: 0.049485 138.924698
[0]: 0.062532 185.904358
[0]: 0.048722 143.981277
[0]: 0.048505 146.401062
[0]: 0.041353 127.767845
[0]: 0.047978 137.356873
