[4]: 133.155640 132.432159
[4]: 126.748123 126.836334
[4]: 117.818977 117.904129
[4]: 173.594391 173.930054
[4]: 124.810913 124.594322
[4]: 127.032188 126.765602
[4]: 122.014313 122.387993
[4]: 126.566307 126.389420
[4]: 111.347328 111.252876
[4]: 123.574692 123.659187
[4]: 133.766464 133.923080
[4]: 128.832504 128.397034
[4]: 128.193909 127.930695
[4]: 122.288177 122.162163
[4]: 124.343063 123.592026
[4]: 133.201660 132.753708
[4]: 118.651718 118.670052
[4]: 67.297195 67.263580
[4]: 125.268646 125.855522
[4]: 132.017715 131.628586
[4]: 130.505096 130.921097
[4]: 113.800003 113.843704
[4]: 117.221191 117.078583
[4]: 123.404030 123.219727
[4]: 128.618195 128.845459
[4]: 137.341476 137.093811
[4]: 133.603958 133.075012
[4]: 118.124001 118.086906
[4]: 130.693008 129.906662
[4]: 74.117516 74.227898
[4]: 133.292999 133.324158
[4]: 139.894104 140.945679
[4]: 132.106522 131.868683
[4]: 128.063583 128.115768
[3]: 128.889008 129.667557
[3]: 130.224579 129.926086
[3]: 127.150810 127.448074
[3]: 60.728359 60.540619
[3]: 132.073380 131.771637
[3]: 126.992432 126.479179
[3]: 135.410110 135.141663
[3]: 130.524704 130.633560
[3]: 135.178284 135.352875
[3]: 125.826714 125.978561
[3]: 118.204514 119.108917
[3]: 126.838966 127.657806
[3]: 127.942551 128.203644
[3]: 132.481232 132.660767
[3]: 128.597458 129.234131
[3]: 131.799316 131.750046
[3]: 133.060577 132.714172
[3]: 156.528992 155.685638
[3]: 124.552414 124.603302
[3]: 122.806335 122.442459
[3]: 124.897743 124.990410
[3]: 137.121384 136.959061
[3]: 132.151505 132.554504
[3]: 128.645386 128.384995
[3]: 129.144485 129.326920
[3]: 120.756226 120.673088
[3]: 128.067993 128.321609
[3]: 128.953949 128.891006
[3]: 125.678558 125.635117
[3]: 64.280228 64.354279
[3]: 129.288116 128.957504
[3]: 119.202408 117.774368
[3]: 124.992119 124.986511
[3]: 122.279678 121.671371
[2]: 126.990341 127.894775
[2]: 136.754913 136.264862
[2]: 137.297699 137.254089
[2]: 112.577675 113.327965
[2]: 139.770233 139.689117
[2]: 125.718346 126.364342
[2]: 130.800659 130.981094
[2]: 128.120865 128.233978
[2]: 143.521072 143.741364
[2]: 136.591568 136.178146
[2]: 114.599472 114.198883
[2]: 129.838257 130.096924
[2]: 122.879929 122.856323
[2]: 141.239578 141.394409
[2]: 131.870667 131.694214
[2]: 125.259781 125.654327
[2]: 134.714752 135.343277
[2]: 68.140823 68.268845
[2]: 130.454819 129.859833
[2]: 116.972694 117.726288
[2]: 130.230087 129.149658
[2]: 144.729202 144.983566
[2]: 141.072327 140.783249
[2]: 137.349670 136.607025
[2]: 122.541031 122.202629
[2]: 115.296425 115.770721
[2]: 126.937172 127.232552
[2]: 141.237823 141.488953
[2]: 116.945236 117.123810
[2]: 186.644501 187.028641
[2]: 115.544388 115.487915
[2]: 116.233833 115.701958
[2]: 126.591171 126.823853
[2]: 119.419205 119.795769
[1]: 124.744675 124.435265
[1]: 125.707253 126.022057
[1]: 136.258514 136.218262
[1]: 195.766769 195.582352
[1]: 128.139877 128.496063
[1]: 127.758987 127.885963
[1]: 126.540375 126.182396
[1]: 127.341217 126.707695
[1]: 139.334763 139.348587
[1]: 129.105331 128.695145
[1]: 121.139565 120.969055
[1]: 129.382843 129.116302
[1]: 128.787308 129.162750
[1]: 133.185150 133.181931
[1]: 133.148911 133.151993
[1]: 117.879417 118.258011
[1]: 134.663834 134.611816
[1]: 191.458221 191.817841
[1]: 132.985138 132.786499
[1]: 122.891785 122.490532
[1]: 125.831963 125.744560
[1]: 135.900803 135.743011
[1]: 139.764587 140.021667
[1]: 133.682983 134.113419
[1]: 129.377319 129.365189
[1]: 119.039368 119.186768
[1]: 121.494942 122.164551
[1]: 135.923752 136.165558
[1]: 126.840904 127.482735
[1]: 131.976501 131.550781
[1]: 119.467400 119.676590
[1]: 117.649605 117.413986
[1]: 126.072510 126.122925
[1]: 130.054688 130.843796
[0]: 125.579735 124.891190
[0]: 117.205933 117.632103
[0]: 117.561470 117.247887
[0]: 91.795784 91.521843
[0]: 115.161263 115.437042
[0]: 129.782837 129.795883
[0]: 121.500687 121.578682
[0]: 123.211594 123.861870
[0]: 104.287468 103.972305
[0]: 120.388885 121.032570
[0]: 152.045868 151.454742
[0]: 124.556244 124.158813
[0]: 131.641800 131.248230
[0]: 105.415298 105.238052
[0]: 116.683388 117.011108
[0]: 130.381180 130.063766
[0]: 116.515259 116.268654
[0]: 155.655518 155.970764
[0]: 124.123459 124.307205
[0]: 140.893524 141.321823
[0]: 126.416412 127.129501
[0]: 105.613083 105.662453
[0]: 106.098511 105.882210
[0]: 111.485252 112.333275
[0]: 126.504974 126.447815
[0]: 147.639053 147.295670
[0]: 129.336426 128.576889
[0]: 112.789093 112.386185
[0]: 138.940506 138.924698
[0]: 186.335312 185.904358
[0]: 143.863678 143.981277
[0]: 145.159286 146.401062
[0]: 127.796555 127.767845
[0]: 138.024857 137.356873
