[19]: 2000 10 11  0 20 OSCAR       7.1   4.6   65  547 18  0 20 ISAAC       7.0   6.5   30   85
[18]: 2000 10 11  0 20 OSCAR       7.1   4.6   65  547 10 18 10 PATTY       7.4   5.5   93  228
[17]: 1994  7  1 18 28 RAFAEL      7.0   5.1   47  135 20 18  7 LESLIE      7.4   4.2   27  298
[16]: 1989  9  9  6 13 CHRIS       7.0   4.6   21  602 28  0  6 FLORENCE    7.1   5.4   48  753
[15]: 1985  9 28  0  6 FLORENCE    7.1   5.4   48  753 18  0 27 VALERIE     7.3   5.2   66  431
[14]: 1978 12  1  6  4 ALBERTO     7.1   4.7   21  674 28  0 28 PATTY       7.0   6.2   37  236
[13]: 1994  7  1 18 28 RAFAEL      7.0   5.1   47  135 14  0 16 MICHAEL     7.0   6.4   23  493
[12]: 1994  7  1 18 28 RAFAEL      7.0   5.1   47  135 21 18 10 DEBBY       7.1   5.7   77  178
[11]: 1952  3 21 18 10 DEBBY       7.1   5.7   77  178  7 12 25 SANDY       7.4   5.1   15  258
[10]: 1995  5 22  6 14 ERNESTO     7.1   4.9   53  190 22  6 25 GORDON      7.2   5.9   21  869
[9]: 1989  9  9  6 13 CHRIS       7.0   4.6   21  602  1  0 10 HELENE      7.4   6.2  138  475
[8]: 1978 12  1  6  4 ALBERTO     7.1   4.7   21  674 10  0  9 ALBERTO     7.5   6.0  115  292
[7]: 1978 12  1  6  4 ALBERTO     7.1   4.7   21  674 25  0 25 GORDON      7.3   6.0   74  683
[6]: 1989  9  9  6 13 CHRIS       7.0   4.6   21  602 15 18 25 BERYL       7.0   4.2  101   90
[5]: 1999  8 15 18 25 BERYL       7.0   4.2  101   90  8 12  1 ALBERTO     7.1   4.5  121  234
[4]: 1983  5  8 12  1 ALBERTO     7.1   4.5  121  234  9  6  7 PATTY       7.0   4.3   52  385
[3]: 1987  5  9  6  7 PATTY       7.0   4.3   52  385 28  0  1 PATTY       7.1   6.1   94  198
[2]: 1995  5 22  6 14 ERNESTO     7.1   4.9   53  190 21  0  1 OSCAR       7.4   5.1  110  629
[1]: 2000 10 11  0 20 OSCAR       7.1   4.6   65  547 12 18 25 CHRIS       7.6   5.4  153  547
[0]: 1995  5 22  6 14 ERNESTO     7.1   4.9   53  190      7.1   4.6   65  547
