[4]: 133.776428 132.432159
[4]: 126.877991 126.836334
[4]: 116.657104 117.904129
[4]: 173.334656 173.930054
[4]: 126.790131 124.594322
[4]: 126.329506 126.765602
[4]: 122.040245 122.387993
[4]: 127.342262 126.389420
[4]: 112.584534 111.252876
[4]: 122.825226 123.659187
[4]: 134.852554 133.923080
[4]: 128.893829 128.397034
[4]: 128.499603 127.930695
[4]: 122.924416 122.162163
[4]: 124.700203 123.592026
[4]: 133.663055 132.753708
[4]: 119.774841 118.670052
[4]: 67.562355 67.263580
[4]: 125.841782 125.855522
[4]: 130.941452 131.628586
[4]: 129.740051 130.921097
[4]: 113.516319 113.843704
[4]: 116.363495 117.078583
[4]: 122.435112 123.219727
[4]: 127.248299 128.845459
[4]: 136.416977 137.093811
[4]: 134.867142 133.075012
[4]: 118.470131 118.086906
[4]: 131.048172 129.906662
[4]: 73.239426 74.227898
[4]: 134.985825 133.324158
[4]: 138.671448 140.945679
[4]: 132.097290 131.868683
[4]: 129.071152 128.115768
[3]: 127.420212 129.667557
[3]: 129.367386 129.926086
[3]: 127.341942 127.448074
[3]: 60.671791 60.540619
[3]: 131.385330 131.771637
[3]: 127.214905 126.479179
[3]: 135.013184 135.141663
[3]: 129.467422 130.633560
[3]: 134.808044 135.352875
[3]: 126.262741 125.978561
[3]: 117.288879 119.108917
[3]: 126.262741 127.657806
[3]: 127.382912 128.203644
[3]: 132.054626 132.660767
[3]: 128.728836 129.234131
[3]: 131.613571 131.750046
[3]: 133.049393 132.714172
[3]: 158.015289 155.685638
[3]: 123.683731 124.603302
[3]: 122.821846 122.442459
[3]: 125.951775 124.990410
[3]: 137.563248 136.959061
[3]: 131.656967 132.554504
[3]: 129.762863 128.384995
[3]: 130.193832 129.326920
[3]: 120.801323 120.673088
[3]: 126.910027 128.321609
[3]: 129.109955 128.891006
[3]: 125.392273 125.635117
[3]: 65.128128 64.354279
[3]: 128.708939 128.957504
[3]: 120.470467 117.774368
[3]: 125.402885 124.986511
[3]: 121.833557 121.671371
[2]: 126.613571 127.894775
[2]: 136.230560 136.264862
[2]: 136.910782 137.254089
[2]: 111.210854 113.327965
[2]: 139.226578 139.689117
[2]: 127.282593 126.364342
[2]: 129.197510 130.981094
[2]: 128.314285 128.233978
[2]: 142.289032 143.741364
[2]: 138.020493 136.178146
[2]: 114.364738 114.198883
[2]: 128.421707 130.096924
[2]: 122.960831 122.856323
[2]: 139.800674 141.394409
[2]: 132.020660 131.694214
[2]: 125.813141 125.654327
[2]: 134.485336 135.343277
[2]: 67.286171 68.268845
[2]: 130.736786 129.859833
[2]: 117.988716 117.726288
[2]: 131.514099 129.149658
[2]: 144.733536 144.983566
[2]: 142.762222 140.783249
[2]: 138.028839 136.607025
[2]: 124.369904 122.202629
[2]: 115.889015 115.770721
[2]: 125.520454 127.232552
[2]: 140.041397 141.488953
[2]: 115.996109 117.123810
[2]: 185.735046 187.028641
[2]: 114.405579 115.487915
[2]: 117.908554 115.701958
[2]: 126.040199 126.823853
[2]: 120.401604 119.795769
[1]: 125.618309 124.435265
[1]: 126.567993 126.022057
[1]: 137.024307 136.218262
[1]: 196.100098 195.582352
[1]: 127.275688 128.496063
[1]: 127.746292 127.885963
[1]: 126.950607 126.182396
[1]: 127.007614 126.707695
[1]: 137.959457 139.348587
[1]: 128.904175 128.695145
[1]: 120.418884 120.969055
[1]: 130.270645 129.116302
[1]: 128.792038 129.162750
[1]: 133.471542 133.181931
[1]: 132.801666 133.151993
[1]: 117.957909 118.258011
[1]: 133.816956 134.611816
[1]: 190.642075 191.817841
[1]: 132.822235 132.786499
[1]: 123.537781 122.490532
[1]: 126.071991 125.744560
[1]: 137.086197 135.743011
[1]: 140.172241 140.021667
[1]: 134.020035 134.113419
[1]: 129.726639 129.365189
[1]: 119.572105 119.186768
[1]: 121.437912 122.164551
[1]: 135.739151 136.165558
[1]: 126.578629 127.482735
[1]: 132.762527 131.550781
[1]: 118.513237 119.676590
[1]: 116.400635 117.413986
[1]: 125.499420 126.122925
[1]: 128.964981 130.843796
[0]: 125.974052 124.891190
[0]: 117.519875 117.632103
[0]: 118.040695 117.247887
[0]: 93.111565 91.521843
[0]: 115.175186 115.437042
[0]: 128.639191 129.795883
[0]: 123.132599 121.578682
[0]: 123.665916 123.861870
[0]: 105.941544 103.972305
[0]: 119.297356 121.032570
[0]: 153.164062 151.454742
[0]: 125.648071 124.158813
[0]: 131.880600 131.248230
[0]: 106.218468 105.238052
[0]: 116.270882 117.011108
[0]: 129.453491 130.063766
[0]: 116.361412 116.268654
[0]: 155.772141 155.970764
[0]: 124.285629 124.307205
[0]: 140.377960 141.321823
[0]: 124.414261 127.129501
[0]: 103.852486 105.662453
[0]: 105.054230 105.882210
[0]: 110.031471 112.333275
[0]: 124.482285 126.447815
[0]: 147.576431 147.295670
[0]: 130.878952 128.576889
[0]: 113.552895 112.386185
[0]: 140.319336 138.924698
[0]: 186.394089 185.904358
[0]: 145.137939 143.981277
[0]: 144.863174 146.401062
[0]: 128.606171 127.767845
[0]: 137.666000 137.356873
