[4]: 133.755020 132.432159
[4]: 126.479637 126.836334
[4]: 116.623077 117.904129
[4]: 172.783768 173.930054
[4]: 126.537216 124.594322
[4]: 126.256165 126.765602
[4]: 122.318001 122.387993
[4]: 127.921310 126.389420
[4]: 113.430328 111.252876
[4]: 123.361794 123.659187
[4]: 134.927689 133.923080
[4]: 128.701935 128.397034
[4]: 129.242218 127.930695
[4]: 122.876801 122.162163
[4]: 125.080582 123.592026
[4]: 134.247421 132.753708
[4]: 120.208664 118.670052
[4]: 67.451202 67.263580
[4]: 125.315712 125.855522
[4]: 130.824570 131.628586
[4]: 130.026154 130.921097
[4]: 113.496178 113.843704
[4]: 117.155334 117.078583
[4]: 122.007721 123.219727
[4]: 127.806305 128.845459
[4]: 137.072311 137.093811
[4]: 135.471359 133.075012
[4]: 118.312172 118.086906
[4]: 130.670975 129.906662
[4]: 73.064438 74.227898
[4]: 134.045532 133.324158
[4]: 138.919739 140.945679
[4]: 132.138245 131.868683
[4]: 129.884293 128.115768
[3]: 126.944229 129.667557
[3]: 129.116058 129.926086
[3]: 127.302086 127.448074
[3]: 61.030186 60.540619
[3]: 131.982056 131.771637
[3]: 127.514076 126.479179
[3]: 135.140869 135.141663
[3]: 129.790970 130.633560
[3]: 134.574051 135.352875
[3]: 126.081665 125.978561
[3]: 117.235474 119.108917
[3]: 126.272285 127.657806
[3]: 127.044456 128.203644
[3]: 132.026672 132.660767
[3]: 128.812180 129.234131
[3]: 130.461197 131.750046
[3]: 132.941345 132.714172
[3]: 158.884796 155.685638
[3]: 124.087280 124.603302
[3]: 124.107712 122.442459
[3]: 125.962402 124.990410
[3]: 137.785904 136.959061
[3]: 131.804703 132.554504
[3]: 130.456665 128.384995
[3]: 130.297089 129.326920
[3]: 121.209503 120.673088
[3]: 126.055687 128.321609
[3]: 129.613449 128.891006
[3]: 125.403404 125.635117
[3]: 65.141098 64.354279
[3]: 129.402313 128.957504
[3]: 121.309105 117.774368
[3]: 125.654007 124.986511
[3]: 121.596992 121.671371
[2]: 126.701881 127.894775
[2]: 136.929276 136.264862
[2]: 136.687927 137.254089
[2]: 111.291901 113.327965
[2]: 138.509964 139.689117
[2]: 126.835510 126.364342
[2]: 128.857834 130.981094
[2]: 128.343002 128.233978
[2]: 141.579575 143.741364
[2]: 137.934143 136.178146
[2]: 113.935654 114.198883
[2]: 128.400970 130.096924
[2]: 122.425133 122.856323
[2]: 140.114731 141.394409
[2]: 131.554459 131.694214
[2]: 125.490669 125.654327
[2]: 133.853134 135.343277
[2]: 67.208580 68.268845
[2]: 130.597275 129.859833
[2]: 117.478790 117.726288
[2]: 130.986282 129.149658
[2]: 145.350266 144.983566
[2]: 142.118317 140.783249
[2]: 138.170395 136.607025
[2]: 123.628769 122.202629
[2]: 115.447777 115.770721
[2]: 125.167999 127.232552
[2]: 140.307449 141.488953
[2]: 116.585075 117.123810
[2]: 185.712799 187.028641
[2]: 115.625099 115.487915
[2]: 116.731705 115.701958
[2]: 126.142960 126.823853
[2]: 118.941956 119.795769
[1]: 126.132484 124.435265
[1]: 126.943001 126.022057
[1]: 137.371414 136.218262
[1]: 196.499695 195.582352
[1]: 127.102150 128.496063
[1]: 127.350128 127.885963
[1]: 126.830864 126.182396
[1]: 125.831413 126.707695
[1]: 137.848724 139.348587
[1]: 128.615723 128.695145
[1]: 120.321739 120.969055
[1]: 130.539688 129.116302
[1]: 128.636703 129.162750
[1]: 133.517227 133.181931
[1]: 132.693771 133.151993
[1]: 118.369698 118.258011
[1]: 134.108383 134.611816
[1]: 190.569092 191.817841
[1]: 133.400345 132.786499
[1]: 122.982376 122.490532
[1]: 125.676231 125.744560
[1]: 136.786179 135.743011
[1]: 139.629608 140.021667
[1]: 133.839523 134.113419
[1]: 128.708054 129.365189
[1]: 118.949547 119.186768
[1]: 121.505455 122.164551
[1]: 135.227936 136.165558
[1]: 126.354805 127.482735
[1]: 133.217484 131.550781
[1]: 118.556770 119.676590
[1]: 116.271675 117.413986
[1]: 125.872658 126.122925
[1]: 128.986893 130.843796
[0]: 125.810898 124.891190
[0]: 117.113098 117.632103
[0]: 118.142883 117.247887
[0]: 92.842056 91.521843
[0]: 115.825188 115.437042
[0]: 129.315033 129.795883
[0]: 123.228699 121.578682
[0]: 123.950592 123.861870
[0]: 106.393875 103.972305
[0]: 119.413063 121.032570
[0]: 153.545273 151.454742
[0]: 125.583748 124.158813
[0]: 132.167328 131.248230
[0]: 106.047943 105.238052
[0]: 116.462646 117.011108
[0]: 129.886124 130.063766
[0]: 116.487175 116.268654
[0]: 155.467804 155.970764
[0]: 123.982094 124.307205
[0]: 140.155014 141.321823
[0]: 125.097351 127.129501
[0]: 103.525993 105.662453
[0]: 105.541489 105.882210
[0]: 109.909019 112.333275
[0]: 125.686180 126.447815
[0]: 147.406876 147.295670
[0]: 131.380615 128.576889
[0]: 113.611809 112.386185
[0]: 140.239548 138.924698
[0]: 186.619217 185.904358
[0]: 143.867447 143.981277
[0]: 144.896454 146.401062
[0]: 127.716988 127.767845
[0]: 138.545700 137.356873
