[19]: 1980  1 25  0 25 JOYCE       7.0   0.1   64  108 1979  7  8  0 19 SANDY       7.4   5.3   56  583
[18]: 1950  2  6  6  8 TONY        7.3   0.2   90  769 1984  9 20  0 22 CHRIS       8.8   0.7   85  128
[17]: 1980  1 25  0 25 JOYCE       7.0   0.1   64  108 1988  4 10 18 10 PATTY       7.4   5.5   93  228
[12]: 1971  1 26 12 27 WILLIAM     7.1   1.0   21  894 1995  1 14  0 16 MICHAEL     7.0   6.4   23  493
[10]: 1954  7 28 12 14 MICHAEL     7.1   0.3   25  842 1950  2  7 12 25 SANDY       7.4   5.1   15  258
[9]: 1950  2  6  6  8 TONY        7.3   0.2   90  769 1988  7 22  6 25 GORDON      7.2   5.9   21  869
[8]: 1971  1 26 12 27 WILLIAM     7.1   1.0   21  894 1950  2  6  6  8 TONY        7.3   0.2   90  769
[7]: 1954  7 28 12 14 MICHAEL     7.1   0.3   25  842 1968  2 23  0 28 FLORENCE    7.1   3.8   92  430
[2]: 1980  1 25  0 25 JOYCE       7.0   0.1   64  108 2004 12 28  0  1 PATTY       7.1   6.1   94  198
[1]: 1971  1 26 12 27 WILLIAM     7.1   1.0   21  894 1964  2 21  0  1 OSCAR       7.4   5.1  110  629
[0]: 1954  7 28 12 14 MICHAEL     7.1   0.3   25  842 1950  2  6  6  8 TONY        7.3   0.2   90  769
