[4]: 133.502335 132.432159
[4]: 126.422600 126.836334
[4]: 116.638687 117.904129
[4]: 172.985107 173.930054
[4]: 126.440971 124.594322
[4]: 126.279594 126.765602
[4]: 122.233665 122.387993
[4]: 128.071182 126.389420
[4]: 112.894768 111.252876
[4]: 123.116158 123.659187
[4]: 134.771561 133.923080
[4]: 128.758011 128.397034
[4]: 129.199860 127.930695
[4]: 122.926994 122.162163
[4]: 125.169296 123.592026
[4]: 134.170242 132.753708
[4]: 120.049095 118.670052
[4]: 67.399475 67.263580
[4]: 125.353470 125.855522
[4]: 130.891830 131.628586
[4]: 129.887955 130.921097
[4]: 113.432816 113.843704
[4]: 117.093040 117.078583
[4]: 121.981155 123.219727
[4]: 127.696732 128.845459
[4]: 136.881302 137.093811
[4]: 135.432266 133.075012
[4]: 118.165176 118.086906
[4]: 130.779953 129.906662
[4]: 73.101669 74.227898
[4]: 134.205399 133.324158
[4]: 139.173645 140.945679
[4]: 132.079102 131.868683
[4]: 129.755798 128.115768
[3]: 127.305069 129.667557
[3]: 129.239471 129.926086
[3]: 127.537987 127.448074
[3]: 60.790329 60.540619
[3]: 132.003113 131.771637
[3]: 127.555847 126.479179
[3]: 135.024017 135.141663
[3]: 129.718643 130.633560
[3]: 134.505539 135.352875
[3]: 126.493607 125.978561
[3]: 117.674805 119.108917
[3]: 126.595161 127.657806
[3]: 127.363647 128.203644
[3]: 132.147354 132.660767
[3]: 128.788696 129.234131
[3]: 130.753510 131.750046
[3]: 132.966309 132.714172
[3]: 158.290176 155.685638
[3]: 123.963417 124.603302
[3]: 124.087601 122.442459
[3]: 125.841499 124.990410
[3]: 137.726761 136.959061
[3]: 131.878235 132.554504
[3]: 130.479095 128.384995
[3]: 130.032532 129.326920
[3]: 121.106865 120.673088
[3]: 126.407333 128.321609
[3]: 129.472855 128.891006
[3]: 125.415520 125.635117
[3]: 64.921532 64.354279
[3]: 129.056091 128.957504
[3]: 121.054756 117.774368
[3]: 125.486740 124.986511
[3]: 121.880341 121.671371
[2]: 126.569702 127.894775
[2]: 136.989014 136.264862
[2]: 136.970367 137.254089
[2]: 111.676834 113.327965
[2]: 138.914124 139.689117
[2]: 126.399796 126.364342
[2]: 129.100769 130.981094
[2]: 128.017517 128.233978
[2]: 141.889435 143.741364
[2]: 137.826355 136.178146
[2]: 114.137405 114.198883
[2]: 128.361801 130.096924
[2]: 122.443604 122.856323
[2]: 140.294968 141.394409
[2]: 131.473557 131.694214
[2]: 125.414688 125.654327
[2]: 133.931656 135.343277
[2]: 67.409195 68.268845
[2]: 130.798950 129.859833
[2]: 117.156685 117.726288
[2]: 131.128723 129.149658
[2]: 145.078217 144.983566
[2]: 142.104263 140.783249
[2]: 138.230362 136.607025
[2]: 123.860443 122.202629
[2]: 115.474747 115.770721
[2]: 125.338379 127.232552
[2]: 140.672058 141.488953
[2]: 116.574715 117.123810
[2]: 185.722321 187.028641
[2]: 115.228455 115.487915
[2]: 117.056793 115.701958
[2]: 126.064041 126.823853
[2]: 119.514496 119.795769
[1]: 126.041115 124.435265
[1]: 126.802681 126.022057
[1]: 136.989410 136.218262
[1]: 196.461685 195.582352
[1]: 127.273949 128.496063
[1]: 127.663605 127.885963
[1]: 126.701912 126.182396
[1]: 126.431396 126.707695
[1]: 138.258377 139.348587
[1]: 128.705582 128.695145
[1]: 120.558945 120.969055
[1]: 130.213440 129.116302
[1]: 128.680115 129.162750
[1]: 133.462082 133.181931
[1]: 132.601700 133.151993
[1]: 118.274567 118.258011
[1]: 133.987457 134.611816
[1]: 190.614395 191.817841
[1]: 133.151840 132.786499
[1]: 122.984818 122.490532
[1]: 125.719978 125.744560
[1]: 136.589935 135.743011
[1]: 139.807358 140.021667
[1]: 133.674667 134.113419
[1]: 129.087997 129.365189
[1]: 119.450706 119.186768
[1]: 121.544930 122.164551
[1]: 135.314362 136.165558
[1]: 126.687042 127.482735
[1]: 132.746063 131.550781
[1]: 118.309921 119.676590
[1]: 116.235168 117.413986
[1]: 125.721931 126.122925
[1]: 129.240616 130.843796
[0]: 125.974518 124.891190
[0]: 117.147919 117.632103
[0]: 117.926552 117.247887
[0]: 92.785843 91.521843
[0]: 115.302963 115.437042
[0]: 129.355728 129.795883
[0]: 123.313515 121.578682
[0]: 123.572800 123.861870
[0]: 106.221878 103.972305
[0]: 119.232864 121.032570
[0]: 152.736084 151.454742
[0]: 125.576660 124.158813
[0]: 131.792877 131.248230
[0]: 105.747490 105.238052
[0]: 116.590218 117.011108
[0]: 129.881943 130.063766
[0]: 116.658684 116.268654
[0]: 155.450455 155.970764
[0]: 124.120209 124.307205
[0]: 140.444183 141.321823
[0]: 125.199486 127.129501
[0]: 104.133934 105.662453
[0]: 105.325096 105.882210
[0]: 110.034409 112.333275
[0]: 125.437584 126.447815
[0]: 147.161560 147.295670
[0]: 130.853546 128.576889
[0]: 113.404892 112.386185
[0]: 139.743546 138.924698
[0]: 186.759506 185.904358
[0]: 144.785583 143.981277
[0]: 144.628479 146.401062
[0]: 128.245468 127.767845
[0]: 137.461426 137.356873
