[4]: 135.557312 132.432159
[4]: 127.055923 126.836334
[4]: 114.734161 117.904129
[4]: 174.653793 173.930054
[4]: 126.904610 124.594322
[4]: 127.269081 126.765602
[4]: 121.913467 122.387993
[4]: 128.457809 126.389420
[4]: 114.238396 111.252876
[4]: 123.957367 123.659187
[4]: 136.397369 133.923080
[4]: 128.039627 128.397034
[4]: 127.826782 127.930695
[4]: 122.469269 122.162163
[4]: 123.914818 123.592026
[4]: 134.471573 132.753708
[4]: 119.082657 118.670052
[4]: 68.383766 67.263580
[4]: 125.831207 125.855522
[4]: 130.077911 131.628586
[4]: 128.936569 130.921097
[4]: 114.695328 113.843704
[4]: 117.099426 117.078583
[4]: 123.928818 123.219727
[4]: 126.802734 128.845459
[4]: 137.657990 137.093811
[4]: 134.169815 133.075012
[4]: 119.440559 118.086906
[4]: 131.755676 129.906662
[4]: 72.983467 74.227898
[4]: 135.489044 133.324158
[4]: 136.486984 140.945679
[4]: 132.023499 131.868683
[4]: 129.218063 128.115768
[3]: 126.265358 129.667557
[3]: 128.800842 129.926086
[3]: 129.355453 127.448074
[3]: 61.234879 60.540619
[3]: 131.972977 131.771637
[3]: 126.143997 126.479179
[3]: 135.956985 135.141663
[3]: 129.349976 130.633560
[3]: 133.663589 135.352875
[3]: 125.001335 125.978561
[3]: 116.510338 119.108917
[3]: 127.831947 127.657806
[3]: 128.529541 128.203644
[3]: 131.464432 132.660767
[3]: 129.264801 129.234131
[3]: 130.802811 131.750046
[3]: 133.201187 132.714172
[3]: 159.090179 155.685638
[3]: 124.524757 124.603302
[3]: 123.670639 122.442459
[3]: 127.594170 124.990410
[3]: 136.627472 136.959061
[3]: 132.762772 132.554504
[3]: 128.414444 128.384995
[3]: 132.136871 129.326920
[3]: 120.125664 120.673088
[3]: 127.461922 128.321609
[3]: 128.007523 128.891006
[3]: 125.500862 125.635117
[3]: 64.832420 64.354279
[3]: 129.250702 128.957504
[3]: 122.438736 117.774368
[3]: 125.419693 124.986511
[3]: 121.795280 121.671371
[2]: 125.013824 127.894775
[2]: 134.655853 136.264862
[2]: 140.089996 137.254089
[2]: 109.686623 113.327965
[2]: 138.217392 139.689117
[2]: 126.286682 126.364342
[2]: 129.823212 130.981094
[2]: 126.131790 128.233978
[2]: 143.081604 143.741364
[2]: 137.064651 136.178146
[2]: 112.462914 114.198883
[2]: 128.230576 130.096924
[2]: 124.767342 122.856323
[2]: 140.757599 141.394409
[2]: 131.880600 131.694214
[2]: 125.573692 125.654327
[2]: 134.884277 135.343277
[2]: 66.627800 68.268845
[2]: 130.153366 129.859833
[2]: 119.259354 117.726288
[2]: 131.394180 129.149658
[2]: 144.684937 144.983566
[2]: 142.496796 140.783249
[2]: 136.946930 136.607025
[2]: 124.384033 122.202629
[2]: 115.589195 115.770721
[2]: 126.759674 127.232552
[2]: 139.572571 141.488953
[2]: 115.724266 117.123810
[2]: 184.160400 187.028641
[2]: 112.564339 115.487915
[2]: 119.737770 115.701958
[2]: 127.292839 126.823853
[2]: 119.737450 119.795769
[1]: 126.794586 124.435265
[1]: 127.720398 126.022057
[1]: 138.671661 136.218262
[1]: 195.693466 195.582352
[1]: 127.522659 128.496063
[1]: 127.345261 127.885963
[1]: 126.488129 126.182396
[1]: 125.560295 126.707695
[1]: 137.248337 139.348587
[1]: 128.405869 128.695145
[1]: 119.863266 120.969055
[1]: 129.996735 129.116302
[1]: 129.013962 129.162750
[1]: 134.312119 133.181931
[1]: 132.990845 133.151993
[1]: 117.365982 118.258011
[1]: 134.600113 134.611816
[1]: 190.506439 191.817841
[1]: 133.439850 132.786499
[1]: 123.058510 122.490532
[1]: 126.541595 125.744560
[1]: 136.251129 135.743011
[1]: 139.439941 140.021667
[1]: 132.978577 134.113419
[1]: 128.951340 129.365189
[1]: 118.387009 119.186768
[1]: 121.638138 122.164551
[1]: 135.656601 136.165558
[1]: 125.837730 127.482735
[1]: 135.153885 131.550781
[1]: 119.294121 119.676590
[1]: 115.349373 117.413986
[1]: 125.622223 126.122925
[1]: 128.546722 130.843796
[0]: 125.721336 124.891190
[0]: 118.508682 117.632103
[0]: 112.854980 117.247887
[0]: 92.900986 91.521843
[0]: 115.412399 115.437042
[0]: 130.289520 129.795883
[0]: 122.169472 121.578682
[0]: 126.563744 123.861870
[0]: 105.660713 103.972305
[0]: 121.158531 121.032570
[0]: 154.643433 151.454742
[0]: 125.376228 124.158813
[0]: 129.110901 131.248230
[0]: 105.681747 105.238052
[0]: 116.603851 117.011108
[0]: 130.360062 130.063766
[0]: 115.823769 116.268654
[0]: 154.138687 155.970764
[0]: 123.352203 124.307205
[0]: 139.363571 141.321823
[0]: 123.142624 127.129501
[0]: 104.937584 105.662453
[0]: 104.453102 105.882210
[0]: 112.418213 112.333275
[0]: 123.697647 126.447815
[0]: 148.320389 147.295670
[0]: 129.432495 128.576889
[0]: 114.511330 112.386185
[0]: 140.349289 138.924698
[0]: 185.754684 185.904358
[0]: 144.882080 143.981277
[0]: 144.031631 146.401062
[0]: 127.157845 127.767845
[0]: 138.562714 137.356873
