[4]: 133.113571 132.432159
[4]: 126.664764 126.836334
[4]: 117.697472 117.904129
[4]: 174.195221 173.930054
[4]: 124.512947 124.594322
[4]: 126.573769 126.765602
[4]: 122.156334 122.387993
[4]: 126.571472 126.389420
[4]: 111.619705 111.252876
[4]: 123.667931 123.659187
[4]: 133.954071 133.923080
[4]: 128.787201 128.397034
[4]: 128.135345 127.930695
[4]: 121.948204 122.162163
[4]: 123.536629 123.592026
[4]: 132.682907 132.753708
[4]: 118.722183 118.670052
[4]: 67.520393 67.263580
[4]: 125.741188 125.855522
[4]: 131.665710 131.628586
[4]: 130.860214 130.921097
[4]: 113.668327 113.843704
[4]: 117.199570 117.078583
[4]: 123.165833 123.219727
[4]: 128.900696 128.845459
[4]: 136.920731 137.093811
[4]: 133.468674 133.075012
[4]: 118.236717 118.086906
[4]: 129.941711 129.906662
[4]: 74.285103 74.227898
[4]: 133.521103 133.324158
[4]: 140.806915 140.945679
[4]: 132.060028 131.868683
[4]: 128.008316 128.115768
[3]: 129.237289 129.667557
[3]: 130.000397 129.926086
[3]: 127.389610 127.448074
[3]: 60.591465 60.540619
[3]: 131.392960 131.771637
[3]: 126.997429 126.479179
[3]: 135.363678 135.141663
[3]: 130.686157 130.633560
[3]: 135.074371 135.352875
[3]: 125.784599 125.978561
[3]: 119.002960 119.108917
[3]: 127.468887 127.657806
[3]: 127.531731 128.203644
[3]: 132.841599 132.660767
[3]: 129.018997 129.234131
[3]: 131.661942 131.750046
[3]: 132.424805 132.714172
[3]: 155.480576 155.685638
[3]: 124.416634 124.603302
[3]: 122.557899 122.442459
[3]: 125.128342 124.990410
[3]: 136.986053 136.959061
[3]: 132.246170 132.554504
[3]: 128.994003 128.384995
[3]: 129.172256 129.326920
[3]: 120.982010 120.673088
[3]: 128.314850 128.321609
[3]: 129.078186 128.891006
[3]: 125.858971 125.635117
[3]: 64.118919 64.354279
[3]: 129.098282 128.957504
[3]: 117.932480 117.774368
[3]: 124.932404 124.986511
[3]: 122.109337 121.671371
[2]: 127.637993 127.894775
[2]: 136.568054 136.264862
[2]: 137.585342 137.254089
[2]: 113.102432 113.327965
[2]: 139.713425 139.689117
[2]: 126.647789 126.364342
[2]: 131.164871 130.981094
[2]: 127.700676 128.233978
[2]: 143.148544 143.741364
[2]: 136.158737 136.178146
[2]: 114.689842 114.198883
[2]: 129.413773 130.096924
[2]: 122.609398 122.856323
[2]: 141.408447 141.394409
[2]: 131.995453 131.694214
[2]: 125.352531 125.654327
[2]: 135.007324 135.343277
[2]: 68.154205 68.268845
[2]: 130.039032 129.859833
[2]: 117.647789 117.726288
[2]: 129.923782 129.149658
[2]: 145.094147 144.983566
[2]: 140.835205 140.783249
[2]: 136.932938 136.607025
[2]: 121.950775 122.202629
[2]: 115.933174 115.770721
[2]: 126.456787 127.232552
[2]: 141.122574 141.488953
[2]: 117.249939 117.123810
[2]: 186.983917 187.028641
[2]: 115.553482 115.487915
[2]: 116.284271 115.701958
[2]: 126.344643 126.823853
[2]: 119.853363 119.795769
[1]: 124.158142 124.435265
[1]: 126.273239 126.022057
[1]: 136.360413 136.218262
[1]: 195.500473 195.582352
[1]: 128.867752 128.496063
[1]: 127.775032 127.885963
[1]: 126.239471 126.182396
[1]: 126.816986 126.707695
[1]: 139.264587 139.348587
[1]: 128.798340 128.695145
[1]: 120.890053 120.969055
[1]: 128.681931 129.116302
[1]: 129.005539 129.162750
[1]: 133.388260 133.181931
[1]: 133.306061 133.151993
[1]: 118.534386 118.258011
[1]: 135.061752 134.611816
[1]: 191.776901 191.817841
[1]: 132.996185 132.786499
[1]: 122.396057 122.490532
[1]: 125.297569 125.744560
[1]: 136.007324 135.743011
[1]: 139.918594 140.021667
[1]: 133.686676 134.113419
[1]: 129.424042 129.365189
[1]: 119.052872 119.186768
[1]: 121.854568 122.164551
[1]: 136.030807 136.165558
[1]: 127.296631 127.482735
[1]: 131.895432 131.550781
[1]: 119.500076 119.676590
[1]: 117.412354 117.413986
[1]: 126.252029 126.122925
[1]: 130.705780 130.843796
[0]: 125.186729 124.891190
[0]: 117.076202 117.632103
[0]: 116.982666 117.247887
[0]: 91.445549 91.521843
[0]: 115.437653 115.437042
[0]: 129.262848 129.795883
[0]: 121.291512 121.578682
[0]: 124.042480 123.861870
[0]: 104.509399 103.972305
[0]: 121.111473 121.032570
[0]: 151.212479 151.454742
[0]: 125.139877 124.158813
[0]: 132.227921 131.248230
[0]: 104.919846 105.238052
[0]: 116.771049 117.011108
[0]: 130.255219 130.063766
[0]: 116.348495 116.268654
[0]: 156.375092 155.970764
[0]: 124.204582 124.307205
[0]: 141.412933 141.321823
[0]: 126.694839 127.129501
[0]: 105.306618 105.662453
[0]: 106.053375 105.882210
[0]: 111.771133 112.333275
[0]: 126.766495 126.447815
[0]: 147.205444 147.295670
[0]: 129.328415 128.576889
[0]: 112.491806 112.386185
[0]: 138.770966 138.924698
[0]: 186.055176 185.904358
[0]: 143.808807 143.981277
[0]: 145.836182 146.401062
[0]: 127.993217 127.767845
[0]: 137.140732 137.356873
