[4]: 133.608047 132.432159
[4]: 125.698059 126.836334
[4]: 116.469536 117.904129
[4]: 173.281738 173.930054
[4]: 128.488327 124.594322
[4]: 126.993080 126.765602
[4]: 122.629196 122.387993
[4]: 128.994888 126.389420
[4]: 114.838455 111.252876
[4]: 123.288574 123.659187
[4]: 135.455002 133.923080
[4]: 128.138596 128.397034
[4]: 128.689331 127.930695
[4]: 121.893166 122.162163
[4]: 123.463089 123.592026
[4]: 135.128922 132.753708
[4]: 120.199905 118.670052
[4]: 68.563324 67.263580
[4]: 125.733513 125.855522
[4]: 129.564575 131.628586
[4]: 129.049606 130.921097
[4]: 112.709846 113.843704
[4]: 117.126404 117.078583
[4]: 122.394073 123.219727
[4]: 127.192833 128.845459
[4]: 136.413727 137.093811
[4]: 136.037735 133.075012
[4]: 119.360428 118.086906
[4]: 131.141968 129.906662
[4]: 72.022484 74.227898
[4]: 133.975952 133.324158
[4]: 137.870605 140.945679
[4]: 131.268845 131.868683
[4]: 131.182693 128.115768
[3]: 126.546440 129.667557
[3]: 129.282944 129.926086
[3]: 128.031845 127.448074
[3]: 61.013035 60.540619
[3]: 130.728775 131.771637
[3]: 127.619186 126.479179
[3]: 134.913208 135.141663
[3]: 128.700363 130.633560
[3]: 134.749695 135.352875
[3]: 126.013031 125.978561
[3]: 117.078674 119.108917
[3]: 126.249138 127.657806
[3]: 127.117470 128.203644
[3]: 132.438416 132.660767
[3]: 128.868088 129.234131
[3]: 131.164841 131.750046
[3]: 133.528259 132.714172
[3]: 159.905716 155.685638
[3]: 123.800964 124.603302
[3]: 124.008194 122.442459
[3]: 126.969795 124.990410
[3]: 138.832031 136.959061
[3]: 131.717300 132.554504
[3]: 130.387833 128.384995
[3]: 130.696060 129.326920
[3]: 121.496094 120.673088
[3]: 126.249298 128.321609
[3]: 129.001251 128.891006
[3]: 125.548859 125.635117
[3]: 65.773651 64.354279
[3]: 129.873093 128.957504
[3]: 122.086327 117.774368
[3]: 125.945908 124.986511
[3]: 120.908676 121.671371
[2]: 126.359772 127.894775
[2]: 136.722336 136.264862
[2]: 136.743668 137.254089
[2]: 110.500000 113.327965
[2]: 136.435654 139.689117
[2]: 125.614830 126.364342
[2]: 128.295105 130.981094
[2]: 127.273369 128.233978
[2]: 140.655670 143.741364
[2]: 137.467834 136.178146
[2]: 113.978661 114.198883
[2]: 128.959869 130.096924
[2]: 124.386688 122.856323
[2]: 141.092377 141.394409
[2]: 133.967590 131.694214
[2]: 124.821228 125.654327
[2]: 134.316055 135.343277
[2]: 65.974915 68.268845
[2]: 130.161804 129.859833
[2]: 120.097626 117.726288
[2]: 130.838516 129.149658
[2]: 145.846558 144.983566
[2]: 141.546112 140.783249
[2]: 138.698990 136.607025
[2]: 124.912964 122.202629
[2]: 116.744705 115.770721
[2]: 124.339706 127.232552
[2]: 138.975159 141.488953
[2]: 115.596909 117.123810
[2]: 184.842804 187.028641
[2]: 115.738731 115.487915
[2]: 117.990204 115.701958
[2]: 127.297661 126.823853
[2]: 117.816612 119.795769
[1]: 126.634789 124.435265
[1]: 127.864204 126.022057
[1]: 137.944458 136.218262
[1]: 195.751938 195.582352
[1]: 127.148148 128.496063
[1]: 127.513359 127.885963
[1]: 126.653046 126.182396
[1]: 125.253807 126.707695
[1]: 137.392944 139.348587
[1]: 128.528671 128.695145
[1]: 119.687691 120.969055
[1]: 130.727859 129.116302
[1]: 128.510330 129.162750
[1]: 133.905762 133.181931
[1]: 133.069992 133.151993
[1]: 117.391159 118.258011
[1]: 133.986710 134.611816
[1]: 190.388901 191.817841
[1]: 134.144348 132.786499
[1]: 122.606201 122.490532
[1]: 126.598274 125.744560
[1]: 136.898224 135.743011
[1]: 139.744171 140.021667
[1]: 133.578705 134.113419
[1]: 128.509094 129.365189
[1]: 118.529755 119.186768
[1]: 121.407936 122.164551
[1]: 135.362106 136.165558
[1]: 125.920837 127.482735
[1]: 134.943909 131.550781
[1]: 119.013596 119.676590
[1]: 115.750542 117.413986
[1]: 126.156464 126.122925
[1]: 128.156540 130.843796
[0]: 126.207069 124.891190
[0]: 116.906906 117.632103
[0]: 116.706596 117.247887
[0]: 93.346451 91.521843
[0]: 117.182281 115.437042
[0]: 129.549454 129.795883
[0]: 123.937851 121.578682
[0]: 125.768394 123.861870
[0]: 105.986824 103.972305
[0]: 120.107048 121.032570
[0]: 154.005371 151.454742
[0]: 125.381294 124.158813
[0]: 130.732513 131.248230
[0]: 104.998444 105.238052
[0]: 115.039352 117.011108
[0]: 129.997833 130.063766
[0]: 115.383980 116.268654
[0]: 154.829071 155.970764
[0]: 123.431999 124.307205
[0]: 139.335358 141.321823
[0]: 124.166512 127.129501
[0]: 102.373924 105.662453
[0]: 105.967239 105.882210
[0]: 109.125076 112.333275
[0]: 124.732773 126.447815
[0]: 147.037018 147.295670
[0]: 131.587845 128.576889
[0]: 114.311256 112.386185
[0]: 141.219040 138.924698
[0]: 186.471008 185.904358
[0]: 142.943314 143.981277
[0]: 144.554916 146.401062
[0]: 126.776199 127.767845
[0]: 140.076187 137.356873
