[4]: 135.450851 132.432159
[4]: 124.794052 126.836334
[4]: 116.158035 117.904129
[4]: 174.611588 173.930054
[4]: 126.196747 124.594322
[4]: 126.938278 126.765602
[4]: 121.411026 122.387993
[4]: 126.894569 126.389420
[4]: 108.885994 111.252876
[4]: 124.697105 123.659187
[4]: 135.006744 133.923080
[4]: 131.771362 128.397034
[4]: 126.847443 127.930695
[4]: 122.775406 122.162163
[4]: 120.727409 123.592026
[4]: 131.815781 132.753708
[4]: 117.116142 118.670052
[4]: 67.912338 67.263580
[4]: 127.867516 125.855522
[4]: 130.429749 131.628586
[4]: 129.208328 130.921097
[4]: 111.490601 113.843704
[4]: 115.688454 117.078583
[4]: 123.602066 123.219727
[4]: 129.808884 128.845459
[4]: 133.538361 137.093811
[4]: 132.466873 133.075012
[4]: 116.709244 118.086906
[4]: 129.581039 129.906662
[4]: 75.695435 74.227898
[4]: 135.777069 133.324158
[4]: 136.752396 140.945679
[4]: 129.932648 131.868683
[4]: 124.637047 128.115768
[3]: 125.289558 129.667557
[3]: 129.785049 129.926086
[3]: 126.928192 127.448074
[3]: 61.431847 60.540619
[3]: 128.937759 131.771637
[3]: 127.461380 126.479179
[3]: 134.709824 135.141663
[3]: 128.911880 130.633560
[3]: 136.460297 135.352875
[3]: 124.133820 125.978561
[3]: 119.540955 119.108917
[3]: 124.090065 127.657806
[3]: 129.557190 128.203644
[3]: 131.814651 132.660767
[3]: 131.536606 129.234131
[3]: 131.875732 131.750046
[3]: 132.239670 132.714172
[3]: 156.179367 155.685638
[3]: 123.160477 124.603302
[3]: 123.395325 122.442459
[3]: 127.092087 124.990410
[3]: 139.613998 136.959061
[3]: 132.305725 132.554504
[3]: 128.941711 128.384995
[3]: 128.658997 129.326920
[3]: 123.301521 120.673088
[3]: 127.038857 128.321609
[3]: 129.532639 128.891006
[3]: 127.913429 125.635117
[3]: 63.175007 64.354279
[3]: 128.869522 128.957504
[3]: 122.850014 117.774368
[3]: 126.389412 124.986511
[3]: 124.729332 121.671371
[2]: 125.103302 127.894775
[2]: 136.260834 136.264862
[2]: 140.879532 137.254089
[2]: 112.338547 113.327965
[2]: 139.746628 139.689117
[2]: 128.463348 126.364342
[2]: 131.179337 130.981094
[2]: 127.019974 128.233978
[2]: 146.117264 143.741364
[2]: 135.249283 136.178146
[2]: 113.069298 114.198883
[2]: 126.661934 130.096924
[2]: 124.115654 122.856323
[2]: 140.568100 141.394409
[2]: 132.517319 131.694214
[2]: 126.140282 125.654327
[2]: 138.591034 135.343277
[2]: 67.434395 68.268845
[2]: 127.265480 129.859833
[2]: 119.664825 117.726288
[2]: 130.459732 129.149658
[2]: 146.942413 144.983566
[2]: 142.993744 140.783249
[2]: 135.915466 136.607025
[2]: 120.723694 122.202629
[2]: 120.263634 115.770721
[2]: 128.261871 127.232552
[2]: 144.745102 141.488953
[2]: 117.425652 117.123810
[2]: 183.901917 187.028641
[2]: 112.059830 115.487915
[2]: 121.792511 115.701958
[2]: 127.565689 126.823853
[2]: 125.461662 119.795769
[1]: 124.219391 124.435265
[1]: 127.380981 126.022057
[1]: 137.621506 136.218262
[1]: 195.767059 195.582352
[1]: 127.089615 128.496063
[1]: 127.623817 127.885963
[1]: 127.197418 126.182396
[1]: 126.782776 126.707695
[1]: 139.501541 139.348587
[1]: 128.256622 128.695145
[1]: 121.297241 120.969055
[1]: 127.837257 129.116302
[1]: 128.399704 129.162750
[1]: 133.977020 133.181931
[1]: 134.042953 133.151993
[1]: 118.644714 118.258011
[1]: 136.694946 134.611816
[1]: 191.280060 191.817841
[1]: 132.734406 132.786499
[1]: 123.381981 122.490532
[1]: 127.170410 125.744560
[1]: 136.278442 135.743011
[1]: 138.832535 140.021667
[1]: 133.791824 134.113419
[1]: 128.940338 129.365189
[1]: 121.650520 119.186768
[1]: 122.272095 122.164551
[1]: 136.164215 136.165558
[1]: 127.681549 127.482735
[1]: 133.043961 131.550781
[1]: 119.926170 119.676590
[1]: 118.683876 117.413986
[1]: 126.157326 126.122925
[1]: 131.365585 130.843796
[0]: 129.700607 124.891190
[0]: 118.496178 117.632103
[0]: 114.198677 117.247887
[0]: 90.101318 91.521843
[0]: 118.316147 115.437042
[0]: 126.570854 129.795883
[0]: 121.743752 121.578682
[0]: 126.415138 123.861870
[0]: 102.432846 103.972305
[0]: 123.439804 121.032570
[0]: 150.785858 151.454742
[0]: 129.533646 124.158813
[0]: 130.400528 131.248230
[0]: 105.406464 105.238052
[0]: 115.611588 117.011108
[0]: 130.054916 130.063766
[0]: 112.588814 116.268654
[0]: 155.377151 155.970764
[0]: 126.524704 124.307205
[0]: 138.577637 141.321823
[0]: 123.706192 127.129501
[0]: 102.459480 105.662453
[0]: 106.452782 105.882210
[0]: 112.314941 112.333275
[0]: 128.142212 126.447815
[0]: 140.824783 147.295670
[0]: 129.478561 128.576889
[0]: 109.602646 112.386185
[0]: 136.223175 138.924698
[0]: 188.132675 185.904358
[0]: 144.896286 143.981277
[0]: 137.550400 146.401062
[0]: 127.500473 127.767845
[0]: 131.096420 137.356873
