[4]: 132.432159 133.529617
[4]: 126.836334 126.333336
[4]: 117.904129 116.883430
[4]: 173.930054 172.803711
[4]: 124.594322 126.348122
[4]: 126.765602 126.294266
[4]: 122.387993 122.150497
[4]: 126.389420 127.846817
[4]: 111.252876 113.151131
[4]: 123.659187 123.047531
[4]: 133.923080 134.705338
[4]: 128.397034 128.887390
[4]: 127.930695 128.999283
[4]: 122.162163 122.818428
[4]: 123.592026 125.236694
[4]: 132.753708 134.381653
[4]: 118.670052 120.025467
[4]: 67.263580 67.297668
[4]: 125.855522 125.360458
[4]: 131.628586 130.772400
[4]: 130.921097 129.948441
[4]: 113.843704 113.688332
[4]: 117.078583 117.061844
[4]: 123.219727 122.021828
[4]: 128.845459 127.673073
[4]: 137.093811 136.982925
[4]: 133.075012 135.425629
[4]: 118.086906 117.993912
[4]: 129.906662 130.849579
[4]: 74.227898 73.093796
[4]: 133.324158 134.373108
[4]: 140.945679 139.257263
[4]: 131.868683 131.935394
[4]: 128.115768 129.869507
[3]: 129.667557 126.976295
[3]: 129.926086 129.136673
[3]: 127.448074 127.268593
[3]: 60.540619 60.827068
[3]: 131.771637 132.190704
[3]: 126.479179 127.477783
[3]: 135.141663 135.080154
[3]: 130.633560 129.812408
[3]: 135.352875 134.411041
[3]: 125.978561 126.227821
[3]: 119.108917 117.248558
[3]: 127.657806 126.395447
[3]: 128.203644 127.333931
[3]: 132.660767 132.133713
[3]: 129.234131 128.731247
[3]: 131.750046 130.476135
[3]: 132.714172 133.057770
[3]: 155.685638 158.544830
[3]: 124.603302 123.998207
[3]: 122.442459 124.097458
[3]: 124.990410 125.703964
[3]: 136.959061 137.696793
[3]: 132.554504 131.833069
[3]: 128.384995 130.656403
[3]: 129.326920 130.175735
[3]: 120.673088 120.860207
[3]: 128.321609 126.153595
[3]: 128.891006 129.606964
[3]: 125.635117 125.395447
[3]: 64.354279 65.203339
[3]: 128.957504 129.040543
[3]: 117.774368 121.282318
[3]: 124.986511 125.775063
[3]: 121.671371 121.612114
[2]: 127.894775 126.679626
[2]: 136.264862 137.136642
[2]: 137.254089 136.777634
[2]: 113.327965 111.703964
[2]: 139.689117 138.592941
[2]: 126.364342 126.570198
[2]: 130.981094 129.169998
[2]: 128.233978 128.029526
[2]: 143.741364 141.765182
[2]: 136.178146 138.021866
[2]: 114.198883 114.107513
[2]: 130.096924 128.404099
[2]: 122.856323 122.334503
[2]: 141.394409 140.422379
[2]: 131.694214 131.518631
[2]: 125.654327 125.240639
[2]: 135.343277 133.856171
[2]: 68.268845 67.224838
[2]: 129.859833 130.704926
[2]: 117.726288 117.410484
[2]: 129.149658 131.051483
[2]: 144.983566 145.000793
[2]: 140.783249 141.899200
[2]: 136.607025 138.162186
[2]: 122.202629 123.792404
[2]: 115.770721 115.454468
[2]: 127.232552 125.306885
[2]: 141.488953 140.549133
[2]: 117.123810 116.393486
[2]: 187.028641 185.756088
[2]: 115.487915 115.507782
[2]: 115.701958 116.669411
[2]: 126.823853 126.257240
[2]: 119.795769 118.858566
[1]: 124.435265 126.340508
[1]: 126.022057 126.704338
[1]: 136.218262 137.162445
[1]: 195.582352 196.419937
[1]: 128.496063 127.228043
[1]: 127.885963 127.748253
[1]: 126.182396 126.725632
[1]: 126.707695 126.353722
[1]: 139.348587 138.064819
[1]: 128.695145 128.622025
[1]: 120.969055 120.613319
[1]: 129.116302 130.332504
[1]: 129.162750 128.582626
[1]: 133.181931 133.518570
[1]: 133.151993 132.623734
[1]: 118.258011 118.438988
[1]: 134.611816 134.060776
[1]: 191.817841 190.590775
[1]: 132.786499 133.140060
[1]: 122.490532 123.136017
[1]: 125.744560 125.886444
[1]: 135.743011 136.768616
[1]: 140.021667 139.618759
[1]: 134.113419 133.587128
[1]: 129.365189 128.936661
[1]: 119.186768 119.428879
[1]: 122.164551 121.652885
[1]: 136.165558 135.169601
[1]: 127.482735 126.486633
[1]: 131.550781 132.787430
[1]: 119.676590 118.469688
[1]: 117.413986 116.068939
[1]: 126.122925 125.792557
[1]: 130.843796 129.124435
[0]: 124.891190 125.847946
[0]: 117.632103 117.311760
[0]: 117.247887 117.972153
[0]: 91.521843 92.692368
[0]: 115.437042 115.595840
[0]: 129.795883 129.151016
[0]: 121.578682 123.242134
[0]: 123.861870 123.780556
[0]: 103.972305 106.382072
[0]: 121.032570 119.493637
[0]: 151.454742 153.276260
[0]: 124.158813 125.470520
[0]: 131.248230 132.261124
[0]: 105.238052 105.660652
[0]: 117.011108 116.488228
[0]: 130.063766 129.971542
[0]: 116.268654 116.572029
[0]: 155.970764 155.362900
[0]: 124.307205 124.182655
[0]: 141.321823 140.130142
[0]: 127.129501 125.189362
[0]: 105.662453 103.765945
[0]: 105.882210 105.816231
[0]: 112.333275 109.949799
[0]: 126.447815 125.529655
[0]: 147.295670 147.385681
[0]: 128.576889 131.058365
[0]: 112.386185 113.734230
[0]: 138.924698 140.103668
[0]: 185.904358 186.703629
[0]: 143.981277 144.156693
[0]: 146.401062 144.906738
[0]: 127.767845 127.794312
[0]: 137.356873 138.465439
