[4]: 132.209839 132.432159
[4]: 126.568748 126.836334
[4]: 118.186859 117.904129
[4]: 174.507721 173.930054
[4]: 124.231636 124.594322
[4]: 126.854027 126.765602
[4]: 122.332596 122.387993
[4]: 126.126472 126.389420
[4]: 111.346619 111.252876
[4]: 123.904984 123.659187
[4]: 134.195343 133.923080
[4]: 128.826843 128.397034
[4]: 127.286316 127.930695
[4]: 122.344398 122.162163
[4]: 123.152626 123.592026
[4]: 132.002213 132.753708
[4]: 118.164200 118.670052
[4]: 67.151360 67.263580
[4]: 125.979874 125.855522
[4]: 131.847366 131.628586
[4]: 130.968460 130.921097
[4]: 113.805611 113.843704
[4]: 117.450035 117.078583
[4]: 123.755287 123.219727
[4]: 128.809174 128.845459
[4]: 136.558762 137.093811
[4]: 132.618988 133.075012
[4]: 117.841904 118.086906
[4]: 129.602737 129.906662
[4]: 74.890640 74.227898
[4]: 133.414688 133.324158
[4]: 141.713531 140.945679
[4]: 131.983597 131.868683
[4]: 127.796654 128.115768
[3]: 129.885620 129.667557
[3]: 129.951675 129.926086
[3]: 126.869308 127.448074
[3]: 60.723709 60.540619
[3]: 131.542892 131.771637
[3]: 126.266144 126.479179
[3]: 135.163635 135.141663
[3]: 130.775711 130.633560
[3]: 135.346390 135.352875
[3]: 125.756340 125.978561
[3]: 119.400887 119.108917
[3]: 127.649933 127.657806
[3]: 128.223053 128.203644
[3]: 132.456161 132.660767
[3]: 129.186737 129.234131
[3]: 132.191193 131.750046
[3]: 132.756348 132.714172
[3]: 155.492783 155.685638
[3]: 124.574516 124.603302
[3]: 122.414627 122.442459
[3]: 125.252556 124.990410
[3]: 136.947617 136.959061
[3]: 132.455780 132.554504
[3]: 128.325165 128.384995
[3]: 129.391052 129.326920
[3]: 120.733467 120.673088
[3]: 128.421112 128.321609
[3]: 129.045990 128.891006
[3]: 125.934891 125.635117
[3]: 63.945038 64.354279
[3]: 129.024597 128.957504
[3]: 117.494186 117.774368
[3]: 124.750488 124.986511
[3]: 121.745567 121.671371
[2]: 128.597977 127.894775
[2]: 135.974991 136.264862
[2]: 137.127045 137.254089
[2]: 112.777359 113.327965
[2]: 140.007568 139.689117
[2]: 126.535370 126.364342
[2]: 131.693085 130.981094
[2]: 128.706070 128.233978
[2]: 144.174133 143.741364
[2]: 136.057510 136.178146
[2]: 113.347458 114.198883
[2]: 129.724869 130.096924
[2]: 123.884819 122.856323
[2]: 140.662659 141.394409
[2]: 131.827866 131.694214
[2]: 126.187508 125.654327
[2]: 136.106735 135.343277
[2]: 68.682175 68.268845
[2]: 129.771393 129.859833
[2]: 117.526764 117.726288
[2]: 129.004700 129.149658
[2]: 145.320297 144.983566
[2]: 141.073044 140.783249
[2]: 135.631271 136.607025
[2]: 121.980644 122.202629
[2]: 116.450691 115.770721
[2]: 128.113510 127.232552
[2]: 142.086578 141.488953
[2]: 117.443207 117.123810
[2]: 186.750839 187.028641
[2]: 115.044365 115.487915
[2]: 114.579178 115.701958
[2]: 127.220245 126.823853
[2]: 120.352242 119.795769
[1]: 123.993683 124.435265
[1]: 126.045166 126.022057
[1]: 136.629486 136.218262
[1]: 195.626602 195.582352
[1]: 129.261627 128.496063
[1]: 128.007721 127.885963
[1]: 125.917938 126.182396
[1]: 126.324028 126.707695
[1]: 139.253357 139.348587
[1]: 128.604141 128.695145
[1]: 121.320358 120.969055
[1]: 129.107559 129.116302
[1]: 129.561234 129.162750
[1]: 133.622314 133.181931
[1]: 133.429337 133.151993
[1]: 118.478859 118.258011
[1]: 134.929337 134.611816
[1]: 191.960526 191.817841
[1]: 132.718246 132.786499
[1]: 122.515129 122.490532
[1]: 125.563652 125.744560
[1]: 135.656631 135.743011
[1]: 139.554688 140.021667
[1]: 133.965912 134.113419
[1]: 129.529800 129.365189
[1]: 119.398361 119.186768
[1]: 122.249687 122.164551
[1]: 136.005386 136.165558
[1]: 127.609207 127.482735
[1]: 131.646255 131.550781
[1]: 120.486504 119.676590
[1]: 117.520355 117.413986
[1]: 125.890404 126.122925
[1]: 130.700943 130.843796
[0]: 124.618057 124.891190
[0]: 118.166267 117.632103
[0]: 117.258759 117.247887
[0]: 91.183876 91.521843
[0]: 114.886131 115.437042
[0]: 129.618134 129.795883
[0]: 121.147545 121.578682
[0]: 123.906906 123.861870
[0]: 103.521454 103.972305
[0]: 121.226624 121.032570
[0]: 151.372116 151.454742
[0]: 124.108994 124.158813
[0]: 130.391525 131.248230
[0]: 105.559242 105.238052
[0]: 117.091469 117.011108
[0]: 129.575821 130.063766
[0]: 115.606255 116.268654
[0]: 155.933319 155.970764
[0]: 124.371178 124.307205
[0]: 141.306458 141.321823
[0]: 127.135155 127.129501
[0]: 105.448540 105.662453
[0]: 105.791077 105.882210
[0]: 113.023079 112.333275
[0]: 126.486237 126.447815
[0]: 146.842972 147.295670
[0]: 127.914940 128.576889
[0]: 112.006073 112.386185
[0]: 138.456406 138.924698
[0]: 185.687119 185.904358
[0]: 143.411606 143.981277
[0]: 146.957596 146.401062
[0]: 127.725166 127.767845
[0]: 137.186264 137.356873
