[19]: 1999  8 27  6 15 FLORENCE    7.1   5.2  125  119 1977  5 27  0  1 OSCAR       7.2   6.2   70  417
[18]: 1990 11 26  6 15 TONY        7.2   5.6  132  735 1993  9  8 18  4 JOYCE       7.5   5.3   22  464
[17]: 1990 11 26  6 15 TONY        7.2   5.6  132  735 1950  1  3 12 20 MICHAEL     7.3   4.8  155  176
[16]: 1976  8  7  6 14 BERYL       7.2   4.6   90   20 1982 11  9 18 10 GORDON      8.2   6.4   77  238
[15]: 1978 12 14  0  5 JOYCE       7.1   4.3   43  618 1950  1  3 12 20 MICHAEL     7.3   4.8  155  176
[14]: 1999  8 27  6 15 FLORENCE    7.1   5.2  125  119 1993 12  1 18 17 BERYL       7.4   5.8   65  644
[13]: 2003 10 15 18  7 GORDON      7.0   5.5   96  195 1993  2 16  6 22 PATTY       7.4   5.5   85  461
[12]: 1964  6 25 12  9 ISAAC       7.1   5.8  132  283 1993  2 16  6 22 PATTY       7.4   5.5   85  461
[11]: 1970  1 28 12 11 ISAAC       7.0   6.0   78   92 1976  6  3 12  8 JOYCE       7.3   6.0   77  627
[10]: 1962  1 15  0 20 OSCAR       7.2   4.7   94  108 1977  5 27  0  1 OSCAR       7.2   6.2   70  417
[9]: 1975  9 11  6 10 ALBERTO     7.2   5.5   37  230 1993  9  8 18  4 JOYCE       7.5   5.3   22  464
[8]: 1975  9 11  6 10 ALBERTO     7.2   5.5   37  230 1954 10 12 12  6 LESLIE      7.3   5.6   61  515
[7]: 2003 10 15 18  7 GORDON      7.0   5.5   96  195 1950  4 14 18  3 SANDY       7.5   4.4  131  257
[6]: 1964  6 25 12  9 ISAAC       7.1   5.8  132  283 1999  8 27  6 15 FLORENCE    7.1   5.2  125  119
[5]: 1978 12 14  0  5 JOYCE       7.1   4.3   43  618 1954 10 12 12  6 LESLIE      7.3   5.6   61  515
[4]: 1962  1 15  0 20 OSCAR       7.2   4.7   94  108 1999  8 27  6 15 FLORENCE    7.1   5.2  125  119
[3]: 2004  1 24 18 16 LESLIE      7.2   5.0   27  621 1972 12 16  0 22 HELENE      7.8   5.2  147  334
[2]: 1970  1 28 12 11 ISAAC       7.0   6.0   78   92 1972 12 16  0 22 HELENE      7.8   5.2  147  334
[1]: 2004  1 24 18 16 LESLIE      7.2   5.0   27  621 1966  4  5  6 25 KIRK        7.5   5.7   40  586
[0]: 1976  8  7  6 14 BERYL       7.2   4.6   90   20 1993 12  1 18 17 BERYL       7.4   5.8   65  644
