[4]: 108.653847 132.432159
[4]: 131.561905 126.836334
[4]: 123.204834 117.904129
[4]: 200.888885 173.930054
[4]: 130.041214 124.594322
[4]: 128.133942 126.765602
[4]: 124.374931 122.387993
[4]: 128.379196 126.389420
[4]: 126.051430 111.252876
[4]: 130.218689 123.659187
[4]: 129.332748 133.923080
[4]: 130.171783 128.397034
[4]: 125.007553 127.930695
[4]: 129.173126 122.162163
[4]: 125.619469 123.592026
[4]: 131.032333 132.753708
[4]: 126.135727 118.670052
[4]: 60.904957 67.263580
[4]: 125.524872 125.855522
[4]: 129.312927 131.628586
[4]: 130.535172 130.921097
[4]: 127.239655 113.843704
[4]: 127.477440 117.078583
[4]: 126.026115 123.219727
[4]: 126.608101 128.845459
[4]: 124.722954 137.093811
[4]: 128.974945 133.075012
[4]: 127.481522 118.086906
[4]: 126.036949 129.906662
[4]: 129.327774 74.227898
[4]: 125.968910 133.324158
[4]: 161.104721 140.945679
[4]: 126.720734 131.868683
[4]: 125.140434 128.115768
[3]: 170.496262 129.667557
[3]: 126.283577 129.926086
[3]: 124.766205 127.448074
[3]: 86.073967 60.540619
[3]: 128.836334 131.771637
[3]: 126.882843 126.479179
[3]: 128.289398 135.141663
[3]: 128.057465 130.633560
[3]: 127.135712 135.352875
[3]: 125.320877 125.978561
[3]: 126.324783 119.108917
[3]: 128.655258 127.657806
[3]: 127.672722 128.203644
[3]: 127.067757 132.660767
[3]: 127.089897 129.234131
[3]: 129.712585 131.750046
[3]: 126.599075 132.714172
[3]: 127.244484 155.685638
[3]: 126.448334 124.603302
[3]: 126.860710 122.442459
[3]: 126.310707 124.990410
[3]: 127.357025 136.959061
[3]: 127.012985 132.554504
[3]: 126.828140 128.384995
[3]: 127.937485 129.326920
[3]: 125.695183 120.673088
[3]: 128.904785 128.321609
[3]: 127.047920 128.891006
[3]: 128.568176 125.635117
[3]: 63.205322 64.354279
[3]: 128.785904 128.957504
[3]: 84.170708 117.774368
[3]: 127.873123 124.986511
[3]: 126.049782 121.671371
[2]: 168.563004 127.894775
[2]: 128.699203 136.264862
[2]: 128.885330 137.254089
[2]: 81.874756 113.327965
[2]: 127.568520 139.689117
[2]: 128.299057 126.364342
[2]: 126.951225 130.981094
[2]: 127.492180 128.233978
[2]: 126.662033 143.741364
[2]: 128.720673 136.178146
[2]: 127.608765 114.198883
[2]: 127.950455 130.096924
[2]: 128.452576 122.856323
[2]: 127.922256 141.394409
[2]: 127.474365 131.694214
[2]: 126.365852 125.654327
[2]: 128.795410 135.343277
[2]: 129.140564 68.268845
[2]: 128.745026 129.859833
[2]: 126.680679 117.726288
[2]: 129.344315 129.149658
[2]: 127.834892 144.983566
[2]: 128.035629 140.783249
[2]: 127.404182 136.607025
[2]: 126.115822 122.202629
[2]: 129.245865 115.770721
[2]: 126.668503 127.232552
[2]: 127.687607 141.488953
[2]: 126.767464 117.123810
[2]: 191.542374 187.028641
[2]: 127.545120 115.487915
[2]: 86.438919 115.701958
[2]: 127.122871 126.823853
[2]: 128.005890 119.795769
[1]: 96.226212 124.435265
[1]: 124.522919 126.022057
[1]: 132.953903 136.218262
[1]: 202.947998 195.582352
[1]: 127.830254 128.496063
[1]: 126.987495 127.885963
[1]: 127.996338 126.182396
[1]: 125.470291 126.707695
[1]: 128.868042 139.348587
[1]: 125.197174 128.695145
[1]: 125.474228 120.969055
[1]: 126.069153 129.116302
[1]: 130.071472 129.162750
[1]: 126.324486 133.181931
[1]: 128.318954 133.151993
[1]: 123.169212 118.258011
[1]: 131.210571 134.611816
[1]: 192.821503 191.817841
[1]: 129.808456 132.786499
[1]: 123.045204 122.490532
[1]: 124.363892 125.744560
[1]: 126.889130 135.743011
[1]: 129.294464 140.021667
[1]: 129.203705 134.113419
[1]: 127.423477 129.365189
[1]: 127.142677 119.186768
[1]: 125.894753 122.164551
[1]: 128.766647 136.165558
[1]: 128.283218 127.482735
[1]: 126.776558 131.550781
[1]: 128.542923 119.676590
[1]: 146.508179 117.413986
[1]: 129.649246 126.122925
[1]: 131.394806 130.843796
[0]: 45.244953 124.891190
[0]: 125.924248 117.632103
[0]: 127.603989 117.247887
[0]: 92.364258 91.521843
[0]: 126.176460 115.437042
[0]: 126.479248 129.795883
[0]: 129.411316 121.578682
[0]: 126.013153 123.861870
[0]: 127.038673 103.972305
[0]: 126.443184 121.032570
[0]: 129.974594 151.454742
[0]: 126.183258 124.158813
[0]: 127.856773 131.248230
[0]: 125.229980 105.238052
[0]: 126.836243 117.011108
[0]: 127.599792 130.063766
[0]: 125.387955 116.268654
[0]: 129.155594 155.970764
[0]: 126.997162 124.307205
[0]: 129.126892 141.321823
[0]: 126.992401 127.129501
[0]: 130.370148 105.662453
[0]: 126.033340 105.882210
[0]: 126.190857 112.333275
[0]: 128.778290 126.447815
[0]: 132.894653 147.295670
[0]: 129.090149 128.576889
[0]: 127.387390 112.386185
[0]: 128.888184 138.924698
[0]: 126.695168 185.904358
[0]: 129.629852 143.981277
[0]: 208.630875 146.401062
[0]: 125.755386 127.767845
[0]: 126.636993 137.356873
