[4]: 133.593781 132.432159
[4]: 125.566338 126.836334
[4]: 116.316399 117.904129
[4]: 172.392761 173.930054
[4]: 127.266457 124.594322
[4]: 127.094612 126.765602
[4]: 122.743767 122.387993
[4]: 128.322845 126.389420
[4]: 115.021942 111.252876
[4]: 123.316711 123.659187
[4]: 136.058746 133.923080
[4]: 128.393555 128.397034
[4]: 128.994965 127.930695
[4]: 122.167679 122.162163
[4]: 124.272751 123.592026
[4]: 135.089584 132.753708
[4]: 121.309631 118.670052
[4]: 68.289185 67.263580
[4]: 125.209908 125.855522
[4]: 129.555328 131.628586
[4]: 129.562714 130.921097
[4]: 112.847031 113.843704
[4]: 116.898071 117.078583
[4]: 122.725601 123.219727
[4]: 127.965080 128.845459
[4]: 136.944550 137.093811
[4]: 135.789307 133.075012
[4]: 119.225090 118.086906
[4]: 130.880768 129.906662
[4]: 71.611717 74.227898
[4]: 133.814789 133.324158
[4]: 138.647903 140.945679
[4]: 131.878174 131.868683
[4]: 131.637985 128.115768
[3]: 126.681175 129.667557
[3]: 129.474945 129.926086
[3]: 128.016907 127.448074
[3]: 60.911995 60.540619
[3]: 131.534378 131.771637
[3]: 127.432663 126.479179
[3]: 135.115646 135.141663
[3]: 129.256805 130.633560
[3]: 134.375900 135.352875
[3]: 126.292435 125.978561
[3]: 116.458191 119.108917
[3]: 126.496399 127.657806
[3]: 127.127861 128.203644
[3]: 132.602875 132.660767
[3]: 128.708664 129.234131
[3]: 130.648529 131.750046
[3]: 133.257202 132.714172
[3]: 159.658707 155.685638
[3]: 123.677261 124.603302
[3]: 124.103584 122.442459
[3]: 126.514717 124.990410
[3]: 138.685791 136.959061
[3]: 131.637878 132.554504
[3]: 130.486298 128.384995
[3]: 130.501251 129.326920
[3]: 121.225105 120.673088
[3]: 126.146965 128.321609
[3]: 129.367676 128.891006
[3]: 125.485748 125.635117
[3]: 65.918259 64.354279
[3]: 129.437592 128.957504
[3]: 121.196991 117.774368
[3]: 125.491547 124.986511
[3]: 120.517227 121.671371
[2]: 126.871391 127.894775
[2]: 136.755707 136.264862
[2]: 136.413971 137.254089
[2]: 111.932289 113.327965
[2]: 137.183792 139.689117
[2]: 125.945847 126.364342
[2]: 128.203217 130.981094
[2]: 128.577301 128.233978
[2]: 140.330719 143.741364
[2]: 137.877655 136.178146
[2]: 113.754440 114.198883
[2]: 128.154770 130.096924
[2]: 122.938950 122.856323
[2]: 140.401993 141.394409
[2]: 132.197433 131.694214
[2]: 125.410637 125.654327
[2]: 132.655487 135.343277
[2]: 66.168015 68.268845
[2]: 131.395569 129.859833
[2]: 119.266808 117.726288
[2]: 131.189346 129.149658
[2]: 145.724228 144.983566
[2]: 142.302094 140.783249
[2]: 137.429276 136.607025
[2]: 123.669998 122.202629
[2]: 115.823265 115.770721
[2]: 124.767365 127.232552
[2]: 138.977249 141.488953
[2]: 116.403740 117.123810
[2]: 185.443787 187.028641
[2]: 116.379242 115.487915
[2]: 117.077705 115.701958
[2]: 126.708138 126.823853
[2]: 117.774818 119.795769
[1]: 126.742973 124.435265
[1]: 127.703728 126.022057
[1]: 137.715256 136.218262
[1]: 195.900574 195.582352
[1]: 127.211243 128.496063
[1]: 127.138283 127.885963
[1]: 126.412750 126.182396
[1]: 125.385345 126.707695
[1]: 137.436035 139.348587
[1]: 128.487732 128.695145
[1]: 120.011681 120.969055
[1]: 130.951492 129.116302
[1]: 128.453552 129.162750
[1]: 133.642609 133.181931
[1]: 133.018524 133.151993
[1]: 117.833450 118.258011
[1]: 133.764069 134.611816
[1]: 190.680756 191.817841
[1]: 133.764389 132.786499
[1]: 123.135635 122.490532
[1]: 126.108543 125.744560
[1]: 137.000229 135.743011
[1]: 139.628830 140.021667
[1]: 133.471924 134.113419
[1]: 128.541077 129.365189
[1]: 118.680763 119.186768
[1]: 121.173012 122.164551
[1]: 135.399445 136.165558
[1]: 126.163513 127.482735
[1]: 134.220276 131.550781
[1]: 118.820137 119.676590
[1]: 115.669312 117.413986
[1]: 126.097252 126.122925
[1]: 128.868027 130.843796
[0]: 125.400764 124.891190
[0]: 116.963837 117.632103
[0]: 117.504761 117.247887
[0]: 92.814415 91.521843
[0]: 116.737587 115.437042
[0]: 129.704712 129.795883
[0]: 123.979149 121.578682
[0]: 124.327309 123.861870
[0]: 106.525696 103.972305
[0]: 119.327736 121.032570
[0]: 153.874985 151.454742
[0]: 125.458733 124.158813
[0]: 132.038162 131.248230
[0]: 105.568092 105.238052
[0]: 116.322632 117.011108
[0]: 129.476288 130.063766
[0]: 116.545593 116.268654
[0]: 155.345734 155.970764
[0]: 123.218552 124.307205
[0]: 139.548187 141.321823
[0]: 124.253418 127.129501
[0]: 102.419792 105.662453
[0]: 105.622856 105.882210
[0]: 110.159370 112.333275
[0]: 125.449821 126.447815
[0]: 147.566269 147.295670
[0]: 131.760773 128.576889
[0]: 114.002510 112.386185
[0]: 140.447922 138.924698
[0]: 186.312592 185.904358
[0]: 143.135056 143.981277
[0]: 145.739136 146.401062
[0]: 127.312508 127.767845
[0]: 139.292877 137.356873
