[4]: 89.172028 132.432159
[4]: 128.779999 126.836334
[4]: 126.324837 117.904129
[4]: 174.529541 173.930054
[4]: 130.140503 124.594322
[4]: 128.815308 126.765602
[4]: 127.253311 122.387993
[4]: 128.677078 126.389420
[4]: 129.281570 111.252876
[4]: 129.695724 123.659187
[4]: 127.504341 133.923080
[4]: 129.782349 128.397034
[4]: 126.694305 127.930695
[4]: 130.402985 122.162163
[4]: 126.658859 123.592026
[4]: 131.600922 132.753708
[4]: 126.277580 118.670052
[4]: 61.160427 67.263580
[4]: 125.086334 125.855522
[4]: 126.796799 131.628586
[4]: 130.090469 130.921097
[4]: 129.393173 113.843704
[4]: 129.082916 117.078583
[4]: 130.353241 123.219727
[4]: 127.850746 128.845459
[4]: 126.177368 137.093811
[4]: 126.665764 133.075012
[4]: 128.362854 118.086906
[4]: 124.680641 129.906662
[4]: 125.114304 74.227898
[4]: 126.940994 133.324158
[4]: 170.395584 140.945679
[4]: 129.323135 131.868683
[4]: 122.506050 128.115768
[3]: 170.893631 129.667557
[3]: 127.692505 129.926086
[3]: 127.433800 127.448074
[3]: 88.314674 60.540619
[3]: 129.333817 131.771637
[3]: 128.423004 126.479179
[3]: 129.596359 135.141663
[3]: 127.313301 130.633560
[3]: 127.580116 135.352875
[3]: 125.785164 125.978561
[3]: 124.395302 119.108917
[3]: 127.631020 127.657806
[3]: 127.599548 128.203644
[3]: 127.810760 132.660767
[3]: 126.774872 129.234131
[3]: 131.260437 131.750046
[3]: 127.716064 132.714172
[3]: 126.185905 155.685638
[3]: 126.883553 124.603302
[3]: 126.321709 122.442459
[3]: 127.049736 124.990410
[3]: 127.848610 136.959061
[3]: 126.926476 132.554504
[3]: 127.489632 128.384995
[3]: 130.056778 129.326920
[3]: 124.199974 120.673088
[3]: 128.122757 128.321609
[3]: 128.089111 128.891006
[3]: 127.849915 125.635117
[3]: 58.717373 64.354279
[3]: 130.443008 128.957504
[3]: 82.326134 117.774368
[3]: 128.019424 124.986511
[3]: 125.774292 121.671371
[2]: 166.519745 127.894775
[2]: 129.832123 136.264862
[2]: 130.071442 137.254089
[2]: 93.467926 113.327965
[2]: 129.948746 139.689117
[2]: 127.329979 126.364342
[2]: 132.032120 130.981094
[2]: 137.275085 128.233978
[2]: 138.445709 143.741364
[2]: 133.828888 136.178146
[2]: 117.438248 114.198883
[2]: 133.938049 130.096924
[2]: 132.311005 122.856323
[2]: 137.881760 141.394409
[2]: 133.687042 131.694214
[2]: 128.190903 125.654327
[2]: 133.590469 135.343277
[2]: 124.983620 68.268845
[2]: 127.190331 129.859833
[2]: 118.749496 117.726288
[2]: 129.294708 129.149658
[2]: 133.892715 144.983566
[2]: 134.305405 140.783249
[2]: 141.714386 136.607025
[2]: 128.654617 122.202629
[2]: 121.512451 115.770721
[2]: 120.915657 127.232552
[2]: 128.005356 141.488953
[2]: 121.976402 117.123810
[2]: 187.101608 187.028641
[2]: 121.106239 115.487915
[2]: 73.073395 115.701958
[2]: 137.479355 126.823853
[2]: 116.176064 119.795769
[1]: 83.091934 124.435265
[1]: 128.171677 126.022057
[1]: 132.378479 136.218262
[1]: 177.191132 195.582352
[1]: 128.482025 128.496063
[1]: 126.329880 127.885963
[1]: 131.008499 126.182396
[1]: 130.229141 126.707695
[1]: 133.288025 139.348587
[1]: 129.668350 128.695145
[1]: 119.999405 120.969055
[1]: 127.879143 129.116302
[1]: 130.595123 129.162750
[1]: 130.660721 133.181931
[1]: 131.150955 133.151993
[1]: 124.548225 118.258011
[1]: 133.681732 134.611816
[1]: 191.306580 191.817841
[1]: 129.645706 132.786499
[1]: 121.347488 122.490532
[1]: 124.885506 125.744560
[1]: 130.824402 135.743011
[1]: 131.020111 140.021667
[1]: 134.605774 134.113419
[1]: 130.684982 129.365189
[1]: 123.564644 119.186768
[1]: 124.248077 122.164551
[1]: 129.230774 136.165558
[1]: 127.234909 127.482735
[1]: 118.894821 131.550781
[1]: 125.904434 119.676590
[1]: 161.646072 117.413986
[1]: 131.189789 126.122925
[1]: 125.447189 130.843796
[0]: 137.080841 124.891190
[0]: 120.656860 117.632103
[0]: 117.536736 117.247887
[0]: 85.384239 91.521843
[0]: 120.315430 115.437042
[0]: 125.447937 129.795883
[0]: 111.857384 121.578682
[0]: 106.069489 123.861870
[0]: 97.615532 103.972305
[0]: 112.278412 121.032570
[0]: 158.310440 151.454742
[0]: 117.184174 124.158813
[0]: 119.575226 131.248230
[0]: 101.347000 105.238052
[0]: 112.909164 117.011108
[0]: 119.661293 130.063766
[0]: 112.647781 116.268654
[0]: 142.962418 155.970764
[0]: 129.700470 124.307205
[0]: 147.862717 141.321823
[0]: 126.115929 127.129501
[0]: 111.983879 105.662453
[0]: 111.808449 105.882210
[0]: 89.762344 112.333275
[0]: 114.797203 126.447815
[0]: 150.490067 147.295670
[0]: 144.524124 128.576889
[0]: 122.839897 112.386185
[0]: 140.703537 138.924698
[0]: 168.748276 185.904358
[0]: 139.047241 143.981277
[0]: 152.309647 146.401062
[0]: 104.123878 127.767845
[0]: 156.568192 137.356873
