[4]: 133.522491 132.432159
[4]: 126.235130 126.836334
[4]: 116.904137 117.904129
[4]: 172.769760 173.930054
[4]: 126.427963 124.594322
[4]: 126.095314 126.765602
[4]: 122.368393 122.387993
[4]: 127.655197 126.389420
[4]: 113.347168 111.252876
[4]: 123.297226 123.659187
[4]: 134.812210 133.923080
[4]: 128.816956 128.397034
[4]: 129.003235 127.930695
[4]: 122.576218 122.162163
[4]: 125.083084 123.592026
[4]: 134.125061 132.753708
[4]: 120.183052 118.670052
[4]: 67.209404 67.263580
[4]: 125.550339 125.855522
[4]: 130.617569 131.628586
[4]: 129.836990 130.921097
[4]: 113.612671 113.843704
[4]: 117.196777 117.078583
[4]: 121.825943 123.219727
[4]: 127.963547 128.845459
[4]: 136.704987 137.093811
[4]: 135.450211 133.075012
[4]: 118.153381 118.086906
[4]: 130.681793 129.906662
[4]: 73.160408 74.227898
[4]: 134.261566 133.324158
[4]: 139.178558 140.945679
[4]: 132.080948 131.868683
[4]: 129.851196 128.115768
[3]: 126.845810 129.667557
[3]: 129.219696 129.926086
[3]: 127.023239 127.448074
[3]: 60.879505 60.540619
[3]: 131.935898 131.771637
[3]: 127.451332 126.479179
[3]: 135.038208 135.141663
[3]: 129.843781 130.633560
[3]: 134.510223 135.352875
[3]: 126.215179 125.978561
[3]: 117.246765 119.108917
[3]: 126.074562 127.657806
[3]: 127.322960 128.203644
[3]: 132.433090 132.660767
[3]: 128.817032 129.234131
[3]: 130.544617 131.750046
[3]: 132.934952 132.714172
[3]: 158.802444 155.685638
[3]: 123.845421 124.603302
[3]: 124.169243 122.442459
[3]: 125.936752 124.990410
[3]: 137.844803 136.959061
[3]: 131.636093 132.554504
[3]: 130.735138 128.384995
[3]: 130.136169 129.326920
[3]: 121.290596 120.673088
[3]: 126.301201 128.321609
[3]: 129.691315 128.891006
[3]: 125.612617 125.635117
[3]: 65.279053 64.354279
[3]: 129.158249 128.957504
[3]: 121.136871 117.774368
[3]: 125.653877 124.986511
[3]: 121.351273 121.671371
[2]: 126.855316 127.894775
[2]: 136.881897 136.264862
[2]: 136.850693 137.254089
[2]: 111.423187 113.327965
[2]: 138.813660 139.689117
[2]: 126.830978 126.364342
[2]: 128.936554 130.981094
[2]: 128.388718 128.233978
[2]: 141.701538 143.741364
[2]: 137.817337 136.178146
[2]: 114.037743 114.198883
[2]: 128.488388 130.096924
[2]: 122.433647 122.856323
[2]: 140.100555 141.394409
[2]: 131.623886 131.694214
[2]: 125.548721 125.654327
[2]: 133.806717 135.343277
[2]: 67.276756 68.268845
[2]: 130.675690 129.859833
[2]: 117.539299 117.726288
[2]: 131.075180 129.149658
[2]: 145.249863 144.983566
[2]: 142.257446 140.783249
[2]: 138.285538 136.607025
[2]: 123.774879 122.202629
[2]: 115.464607 115.770721
[2]: 124.986595 127.232552
[2]: 140.368134 141.488953
[2]: 116.491020 117.123810
[2]: 185.794357 187.028641
[2]: 115.573936 115.487915
[2]: 116.823082 115.701958
[2]: 126.149712 126.823853
[2]: 119.164230 119.795769
[1]: 126.399178 124.435265
[1]: 126.817711 126.022057
[1]: 137.219604 136.218262
[1]: 196.441238 195.582352
[1]: 127.238571 128.496063
[1]: 127.704445 127.885963
[1]: 126.680504 126.182396
[1]: 126.129898 126.707695
[1]: 137.957550 139.348587
[1]: 128.579758 128.695145
[1]: 120.400734 120.969055
[1]: 130.551697 129.116302
[1]: 128.576416 129.162750
[1]: 133.439285 133.181931
[1]: 132.635025 133.151993
[1]: 118.508087 118.258011
[1]: 134.055267 134.611816
[1]: 190.561417 191.817841
[1]: 133.231735 132.786499
[1]: 123.166588 122.490532
[1]: 125.973022 125.744560
[1]: 136.663254 135.743011
[1]: 139.710037 140.021667
[1]: 133.524094 134.113419
[1]: 128.748672 129.365189
[1]: 119.280396 119.186768
[1]: 121.561020 122.164551
[1]: 135.232269 136.165558
[1]: 126.391014 127.482735
[1]: 132.902359 131.550781
[1]: 118.531250 119.676590
[1]: 116.055191 117.413986
[1]: 125.815140 126.122925
[1]: 129.085129 130.843796
[0]: 125.726334 124.891190
[0]: 117.456367 117.632103
[0]: 118.084328 117.247887
[0]: 92.754501 91.521843
[0]: 115.517097 115.437042
[0]: 129.171249 129.795883
[0]: 123.358948 121.578682
[0]: 123.807045 123.861870
[0]: 106.238174 103.972305
[0]: 119.494446 121.032570
[0]: 153.507538 151.454742
[0]: 125.560081 124.158813
[0]: 132.176331 131.248230
[0]: 105.994743 105.238052
[0]: 116.417610 117.011108
[0]: 129.754929 130.063766
[0]: 116.592216 116.268654
[0]: 155.393570 155.970764
[0]: 124.071495 124.307205
[0]: 140.065811 141.321823
[0]: 124.919800 127.129501
[0]: 103.518478 105.662453
[0]: 105.379105 105.882210
[0]: 109.989578 112.333275
[0]: 125.480576 126.447815
[0]: 147.384872 147.295670
[0]: 131.302780 128.576889
[0]: 113.586784 112.386185
[0]: 140.067444 138.924698
[0]: 186.611420 185.904358
[0]: 144.028595 143.981277
[0]: 145.008530 146.401062
[0]: 127.849167 127.767845
[0]: 138.504608 137.356873
