[4]: 132.991516 132.432159
[4]: 126.765480 126.836334
[4]: 117.719658 117.904129
[4]: 173.927460 173.930054
[4]: 124.468086 124.594322
[4]: 126.630775 126.765602
[4]: 122.371361 122.387993
[4]: 126.366211 126.389420
[4]: 111.382462 111.252876
[4]: 123.799492 123.659187
[4]: 133.907166 133.923080
[4]: 128.429642 128.397034
[4]: 127.957581 127.930695
[4]: 122.121941 122.162163
[4]: 123.538574 123.592026
[4]: 132.531357 132.753708
[4]: 118.520576 118.670052
[4]: 67.154129 67.263580
[4]: 125.834694 125.855522
[4]: 131.881638 131.628586
[4]: 130.693176 130.921097
[4]: 113.777931 113.843704
[4]: 117.119797 117.078583
[4]: 123.008324 123.219727
[4]: 128.760330 128.845459
[4]: 136.967651 137.093811
[4]: 133.220566 133.075012
[4]: 118.287247 118.086906
[4]: 129.992233 129.906662
[4]: 74.314117 74.227898
[4]: 133.082458 133.324158
[4]: 140.849365 140.945679
[4]: 131.883057 131.868683
[4]: 127.800522 128.115768
[3]: 129.127029 129.667557
[3]: 129.830887 129.926086
[3]: 127.247429 127.448074
[3]: 60.625702 60.540619
[3]: 131.633804 131.771637
[3]: 126.888481 126.479179
[3]: 135.180954 135.141663
[3]: 130.938904 130.633560
[3]: 135.242126 135.352875
[3]: 125.618690 125.978561
[3]: 119.067413 119.108917
[3]: 127.682045 127.657806
[3]: 127.870323 128.203644
[3]: 132.829178 132.660767
[3]: 128.957764 129.234131
[3]: 131.866425 131.750046
[3]: 132.628891 132.714172
[3]: 155.713135 155.685638
[3]: 124.195763 124.603302
[3]: 122.576530 122.442459
[3]: 125.210800 124.990410
[3]: 137.163422 136.959061
[3]: 132.356293 132.554504
[3]: 128.863464 128.384995
[3]: 129.275711 129.326920
[3]: 120.833153 120.673088
[3]: 128.220383 128.321609
[3]: 128.821457 128.891006
[3]: 125.720467 125.635117
[3]: 64.260521 64.354279
[3]: 129.011063 128.957504
[3]: 117.923004 117.774368
[3]: 124.910225 124.986511
[3]: 122.141914 121.671371
[2]: 127.728523 127.894775
[2]: 136.505264 136.264862
[2]: 137.556091 137.254089
[2]: 113.349640 113.327965
[2]: 139.567963 139.689117
[2]: 126.534821 126.364342
[2]: 131.088852 130.981094
[2]: 128.187805 128.233978
[2]: 143.554504 143.741364
[2]: 136.265900 136.178146
[2]: 114.251236 114.198883
[2]: 129.994186 130.096924
[2]: 122.847809 122.856323
[2]: 141.501907 141.394409
[2]: 131.850113 131.694214
[2]: 125.211792 125.654327
[2]: 135.361908 135.343277
[2]: 68.386612 68.268845
[2]: 129.943985 129.859833
[2]: 117.727966 117.726288
[2]: 129.628525 129.149658
[2]: 144.924866 144.983566
[2]: 140.860962 140.783249
[2]: 136.620804 136.607025
[2]: 122.147095 122.202629
[2]: 115.852829 115.770721
[2]: 126.678329 127.232552
[2]: 141.363831 141.488953
[2]: 117.153549 117.123810
[2]: 186.985504 187.028641
[2]: 115.659363 115.487915
[2]: 115.924065 115.701958
[2]: 126.478485 126.823853
[2]: 119.613464 119.795769
[1]: 124.279053 124.435265
[1]: 126.301201 126.022057
[1]: 136.458893 136.218262
[1]: 195.616516 195.582352
[1]: 128.948608 128.496063
[1]: 127.732956 127.885963
[1]: 126.150291 126.182396
[1]: 126.732178 126.707695
[1]: 139.254715 139.348587
[1]: 128.787079 128.695145
[1]: 121.021057 120.969055
[1]: 128.804169 129.116302
[1]: 129.105682 129.162750
[1]: 133.111755 133.181931
[1]: 133.310638 133.151993
[1]: 118.560364 118.258011
[1]: 134.882004 134.611816
[1]: 191.832947 191.817841
[1]: 133.038208 132.786499
[1]: 122.150520 122.490532
[1]: 125.386520 125.744560
[1]: 135.712448 135.743011
[1]: 140.002655 140.021667
[1]: 134.179932 134.113419
[1]: 129.366318 129.365189
[1]: 119.408127 119.186768
[1]: 122.149818 122.164551
[1]: 136.070740 136.165558
[1]: 127.532135 127.482735
[1]: 131.496796 131.550781
[1]: 120.000549 119.676590
[1]: 117.506783 117.413986
[1]: 126.379425 126.122925
[1]: 130.845337 130.843796
[0]: 125.223145 124.891190
[0]: 117.221779 117.632103
[0]: 117.059235 117.247887
[0]: 91.406570 91.521843
[0]: 115.324913 115.437042
[0]: 129.482147 129.795883
[0]: 121.456558 121.578682
[0]: 123.566467 123.861870
[0]: 104.210564 103.972305
[0]: 121.063339 121.032570
[0]: 151.453400 151.454742
[0]: 124.542755 124.158813
[0]: 131.668747 131.248230
[0]: 105.011383 105.238052
[0]: 117.014206 117.011108
[0]: 130.316788 130.063766
[0]: 116.184799 116.268654
[0]: 156.065048 155.970764
[0]: 124.408203 124.307205
[0]: 141.303085 141.321823
[0]: 127.009071 127.129501
[0]: 105.555679 105.662453
[0]: 105.952835 105.882210
[0]: 111.919968 112.333275
[0]: 126.659676 126.447815
[0]: 146.963959 147.295670
[0]: 129.139694 128.576889
[0]: 112.452194 112.386185
[0]: 138.681931 138.924698
[0]: 186.067368 185.904358
[0]: 143.675247 143.981277
[0]: 146.039032 146.401062
[0]: 127.926559 127.767845
[0]: 137.402802 137.356873
