[4]: 109.434448 132.432159
[4]: 131.369919 126.836334
[4]: 122.745621 117.904129
[4]: 200.683319 173.930054
[4]: 130.124084 124.594322
[4]: 128.059280 126.765602
[4]: 124.197403 122.387993
[4]: 128.412674 126.389420
[4]: 125.980270 111.252876
[4]: 130.040710 123.659187
[4]: 129.150024 133.923080
[4]: 129.504669 128.397034
[4]: 125.239716 127.930695
[4]: 129.242905 122.162163
[4]: 125.434631 123.592026
[4]: 130.721802 132.753708
[4]: 125.764732 118.670052
[4]: 61.015377 67.263580
[4]: 125.662254 125.855522
[4]: 129.847214 131.628586
[4]: 130.544571 130.921097
[4]: 126.988800 113.843704
[4]: 127.665276 117.078583
[4]: 125.984360 123.219727
[4]: 126.538971 128.845459
[4]: 124.833885 137.093811
[4]: 129.190918 133.075012
[4]: 128.013962 118.086906
[4]: 125.469650 129.906662
[4]: 128.956802 74.227898
[4]: 126.545906 133.324158
[4]: 162.317749 140.945679
[4]: 126.524307 131.868683
[4]: 124.973335 128.115768
[3]: 170.409698 129.667557
[3]: 126.355995 129.926086
[3]: 124.926109 127.448074
[3]: 86.009422 60.540619
[3]: 128.820053 131.771637
[3]: 126.952576 126.479179
[3]: 128.152328 135.141663
[3]: 127.998779 130.633560
[3]: 127.125351 135.352875
[3]: 125.274994 125.978561
[3]: 126.186043 119.108917
[3]: 128.590302 127.657806
[3]: 127.632790 128.203644
[3]: 127.043388 132.660767
[3]: 127.128426 129.234131
[3]: 129.586517 131.750046
[3]: 126.625992 132.714172
[3]: 127.110802 155.685638
[3]: 126.448410 124.603302
[3]: 126.725327 122.442459
[3]: 126.526146 124.990410
[3]: 127.355553 136.959061
[3]: 127.000702 132.554504
[3]: 126.770638 128.384995
[3]: 127.970840 129.326920
[3]: 125.656624 120.673088
[3]: 128.841965 128.321609
[3]: 127.201553 128.891006
[3]: 128.525192 125.635117
[3]: 63.089657 64.354279
[3]: 128.869583 128.957504
[3]: 84.148552 117.774368
[3]: 127.810623 124.986511
[3]: 125.952515 121.671371
[2]: 168.652908 127.894775
[2]: 128.632050 136.264862
[2]: 128.702057 137.254089
[2]: 81.939140 113.327965
[2]: 127.561081 139.689117
[2]: 128.261093 126.364342
[2]: 127.047928 130.981094
[2]: 127.598900 128.233978
[2]: 126.640556 143.741364
[2]: 128.797409 136.178146
[2]: 127.769501 114.198883
[2]: 128.059967 130.096924
[2]: 128.499451 122.856323
[2]: 127.983551 141.394409
[2]: 127.478271 131.694214
[2]: 126.481728 125.654327
[2]: 128.760605 135.343277
[2]: 129.148392 68.268845
[2]: 128.714859 129.859833
[2]: 126.830421 117.726288
[2]: 129.202988 129.149658
[2]: 127.816856 144.983566
[2]: 128.022339 140.783249
[2]: 127.515839 136.607025
[2]: 126.023354 122.202629
[2]: 129.288284 115.770721
[2]: 126.758179 127.232552
[2]: 127.556282 141.488953
[2]: 126.840599 117.123810
[2]: 191.459274 187.028641
[2]: 127.466820 115.487915
[2]: 86.464645 115.701958
[2]: 127.139435 126.823853
[2]: 128.048889 119.795769
[1]: 95.385796 124.435265
[1]: 124.764801 126.022057
[1]: 133.817566 136.218262
[1]: 203.213287 195.582352
[1]: 127.861206 128.496063
[1]: 126.940796 127.885963
[1]: 128.506088 126.182396
[1]: 124.922379 126.707695
[1]: 129.269806 139.348587
[1]: 125.324005 128.695145
[1]: 125.496422 120.969055
[1]: 126.535233 129.116302
[1]: 129.502869 129.162750
[1]: 126.010460 133.181931
[1]: 128.289658 133.151993
[1]: 123.361565 118.258011
[1]: 131.956085 134.611816
[1]: 192.389999 191.817841
[1]: 129.924973 132.786499
[1]: 122.674477 122.490532
[1]: 124.148811 125.744560
[1]: 127.615005 135.743011
[1]: 129.371216 140.021667
[1]: 128.852173 134.113419
[1]: 128.110352 129.365189
[1]: 127.038010 119.186768
[1]: 125.499199 122.164551
[1]: 128.224289 136.165558
[1]: 128.836075 127.482735
[1]: 126.969864 131.550781
[1]: 127.805222 119.676590
[1]: 145.170364 117.413986
[1]: 129.876862 126.122925
[1]: 132.062607 130.843796
[0]: 45.427570 124.891190
[0]: 125.849365 117.632103
[0]: 127.129021 117.247887
[0]: 92.525917 91.521843
[0]: 126.082390 115.437042
[0]: 126.575371 129.795883
[0]: 129.061340 121.578682
[0]: 126.581596 123.861870
[0]: 126.679947 103.972305
[0]: 126.446472 121.032570
[0]: 130.130142 151.454742
[0]: 126.368942 124.158813
[0]: 128.266632 131.248230
[0]: 125.475212 105.238052
[0]: 127.033501 117.011108
[0]: 127.776146 130.063766
[0]: 124.932549 116.268654
[0]: 129.803085 155.970764
[0]: 126.723854 124.307205
[0]: 128.883087 141.321823
[0]: 127.113060 127.129501
[0]: 129.797302 105.662453
[0]: 125.744568 105.882210
[0]: 126.594955 112.333275
[0]: 128.103439 126.447815
[0]: 132.855255 147.295670
[0]: 129.270370 128.576889
[0]: 127.356720 112.386185
[0]: 128.859558 138.924698
[0]: 126.913193 185.904358
[0]: 129.818695 143.981277
[0]: 208.651535 146.401062
[0]: 125.806244 127.767845
[0]: 126.099594 137.356873
