[4]: 133.383728 132.432159
[4]: 126.214401 126.836334
[4]: 117.124802 117.904129
[4]: 172.808807 173.930054
[4]: 126.459900 124.594322
[4]: 126.302261 126.765602
[4]: 122.475449 122.387993
[4]: 127.637115 126.389420
[4]: 113.062836 111.252876
[4]: 123.240685 123.659187
[4]: 134.807388 133.923080
[4]: 129.236420 128.397034
[4]: 128.968735 127.930695
[4]: 122.458954 122.162163
[4]: 125.174141 123.592026
[4]: 134.256393 132.753708
[4]: 120.277550 118.670052
[4]: 67.348518 67.263580
[4]: 125.478447 125.855522
[4]: 130.758606 131.628586
[4]: 129.980667 130.921097
[4]: 113.302887 113.843704
[4]: 117.317970 117.078583
[4]: 121.905113 123.219727
[4]: 128.145966 128.845459
[4]: 136.468582 137.093811
[4]: 135.248734 133.075012
[4]: 117.905746 118.086906
[4]: 130.562210 129.906662
[4]: 73.129227 74.227898
[4]: 134.620300 133.324158
[4]: 139.368011 140.945679
[4]: 131.989975 131.868683
[4]: 129.769180 128.115768
[3]: 127.039101 129.667557
[3]: 129.108887 129.926086
[3]: 127.151497 127.448074
[3]: 60.786686 60.540619
[3]: 132.018814 131.771637
[3]: 127.571419 126.479179
[3]: 134.859344 135.141663
[3]: 130.038559 130.633560
[3]: 134.538559 135.352875
[3]: 126.116608 125.978561
[3]: 117.297218 119.108917
[3]: 126.090927 127.657806
[3]: 127.515144 128.203644
[3]: 132.416016 132.660767
[3]: 128.825012 129.234131
[3]: 130.524979 131.750046
[3]: 132.798859 132.714172
[3]: 158.560028 155.685638
[3]: 123.803307 124.603302
[3]: 124.061111 122.442459
[3]: 125.859581 124.990410
[3]: 138.067200 136.959061
[3]: 131.741333 132.554504
[3]: 130.670776 128.384995
[3]: 129.822983 129.326920
[3]: 121.352249 120.673088
[3]: 126.202469 128.321609
[3]: 129.733063 128.891006
[3]: 125.615128 125.635117
[3]: 65.160706 64.354279
[3]: 129.010223 128.957504
[3]: 121.266075 117.774368
[3]: 125.480568 124.986511
[3]: 121.634094 121.671371
[2]: 126.654984 127.894775
[2]: 137.134430 136.264862
[2]: 136.682312 137.254089
[2]: 111.670677 113.327965
[2]: 138.600159 139.689117
[2]: 126.280083 126.364342
[2]: 129.080322 130.981094
[2]: 128.093948 128.233978
[2]: 141.577133 143.741364
[2]: 137.754654 136.178146
[2]: 114.153229 114.198883
[2]: 128.288055 130.096924
[2]: 122.421196 122.856323
[2]: 140.335861 141.394409
[2]: 131.535294 131.694214
[2]: 125.416656 125.654327
[2]: 133.760315 135.343277
[2]: 67.282631 68.268845
[2]: 130.767258 129.859833
[2]: 117.230118 117.726288
[2]: 131.054504 129.149658
[2]: 145.386688 144.983566
[2]: 141.708923 140.783249
[2]: 138.292343 136.607025
[2]: 123.572273 122.202629
[2]: 115.837532 115.770721
[2]: 125.446770 127.232552
[2]: 140.679596 141.488953
[2]: 116.559998 117.123810
[2]: 185.816818 187.028641
[2]: 115.384224 115.487915
[2]: 116.507172 115.701958
[2]: 126.319603 126.823853
[2]: 118.912590 119.795769
[1]: 126.464012 124.435265
[1]: 126.799629 126.022057
[1]: 137.033615 136.218262
[1]: 196.405334 195.582352
[1]: 127.253365 128.496063
[1]: 127.712395 127.885963
[1]: 126.704460 126.182396
[1]: 126.277252 126.707695
[1]: 138.296936 139.348587
[1]: 128.568756 128.695145
[1]: 120.642441 120.969055
[1]: 130.292664 129.116302
[1]: 128.648117 129.162750
[1]: 133.561203 133.181931
[1]: 132.656448 133.151993
[1]: 118.429535 118.258011
[1]: 134.064514 134.611816
[1]: 190.585480 191.817841
[1]: 133.197647 132.786499
[1]: 123.303398 122.490532
[1]: 125.925690 125.744560
[1]: 136.687729 135.743011
[1]: 139.857910 140.021667
[1]: 133.506500 134.113419
[1]: 128.994858 129.365189
[1]: 119.485413 119.186768
[1]: 121.639015 122.164551
[1]: 135.243713 136.165558
[1]: 126.602287 127.482735
[1]: 132.763748 131.550781
[1]: 118.480042 119.676590
[1]: 115.946228 117.413986
[1]: 125.810913 126.122925
[1]: 129.171036 130.843796
[0]: 125.813065 124.891190
[0]: 117.341766 117.632103
[0]: 118.087700 117.247887
[0]: 92.686035 91.521843
[0]: 115.599876 115.437042
[0]: 129.398575 129.795883
[0]: 123.261810 121.578682
[0]: 123.769684 123.861870
[0]: 106.281433 103.972305
[0]: 119.732590 121.032570
[0]: 153.051727 151.454742
[0]: 125.590500 124.158813
[0]: 131.942245 131.248230
[0]: 105.758675 105.238052
[0]: 116.389961 117.011108
[0]: 129.860138 130.063766
[0]: 116.686462 116.268654
[0]: 155.617096 155.970764
[0]: 124.135124 124.307205
[0]: 140.213272 141.321823
[0]: 124.917465 127.129501
[0]: 103.439713 105.662453
[0]: 105.566658 105.882210
[0]: 109.990364 112.333275
[0]: 125.585335 126.447815
[0]: 146.937866 147.295670
[0]: 131.045273 128.576889
[0]: 113.458298 112.386185
[0]: 139.892853 138.924698
[0]: 186.683197 185.904358
[0]: 144.062393 143.981277
[0]: 145.111374 146.401062
[0]: 127.961441 127.767845
[0]: 138.460800 137.356873
