[18]: 1980  1 25  0 25 JOYCE       7.0   0.1   64  108 1976  7 18  0 20 ISAAC       7.0   6.5   30   85
[17]: 1971  1 26 12 27 WILLIAM     7.1   1.0   21  894 1988  4 10 18 10 PATTY       7.4   5.5   93  228
[16]: 1971  1 26 12 27 WILLIAM     7.1   1.0   21  894 1984  9 20  0 22 CHRIS       8.8   0.7   85  128
[15]: 1954  7 28 12 14 MICHAEL     7.1   0.3   25  842 1999  4  3 18 11 RAFAEL      7.2   1.2  118  189
[12]: 1980  1 25  0 25 JOYCE       7.0   0.1   64  108 1995  1 14  0 16 MICHAEL     7.0   6.4   23  493
[9]: 1969  8 15  0 27 LESLIE      7.2   0.7   74  196 1969 12 24 18 27 ERNESTO     7.2   1.4   12  301
[8]: 1954  7 28 12 14 MICHAEL     7.1   0.3   25  842 1950  2  6  6  8 TONY        7.3   0.2   90  769
[7]: 1950  2  6  6  8 TONY        7.3   0.2   90  769 1999  4  3 18 11 RAFAEL      7.2   1.2  118  189
[6]: 1971  1 26 12 27 WILLIAM     7.1   1.0   21  894 1996  3 25  0 25 GORDON      7.3   6.0   74  683
[3]: 1971  4  1 12 11 ERNESTO     7.2   0.8   38  123 1969 12 24 18 27 ERNESTO     7.2   1.4   12  301
[1]: 1980  1 25  0 25 JOYCE       7.0   0.1   64  108 1969 12 24 18 27 ERNESTO     7.2   1.4   12  301
[0]: 1954  7 28 12 14 MICHAEL     7.1   0.3   25  842 1999  4  3 18 11 RAFAEL      7.2   1.2  118  189
