[19]: 1973 10 26 12  9 ALBERTO     7.0   3.2  117  476 1993 11  2  6 15 FLORENCE    7.4   2.6   49  874
[18]: 1993  3 22  6 20 SANDY       7.0   3.5  140  856 2000  6  8  6  8 OSCAR       7.1   2.0   77  861
[16]: 1951 12  3 18 26 OSCAR       7.1   1.9  108  643 1993 11  2  6 15 FLORENCE    7.4   2.6   49  874
[14]: 1959  5 28  0 18 NADINE      7.1   1.9  130  805 1993  1 18  0 27 VALERIE     7.3   5.2   66  431
[13]: 1993  3 22  6 20 SANDY       7.0   3.5  140  856 2000  7 28  0 28 PATTY       7.0   6.2   37  236
[12]: 2000  6  8  6  8 OSCAR       7.1   2.0   77  861 1993 11  2  6 15 FLORENCE    7.4   2.6   49  874
[10]: 1959  5 28  0 18 NADINE      7.1   1.9  130  805 1950  2  7 12 25 SANDY       7.4   5.1   15  258
[9]: 1990  6  5  6  7 CHRIS       7.2   2.3  128  747 1988  7 22  6 25 GORDON      7.2   5.9   21  869
[8]: 1990  6  5  6  7 CHRIS       7.2   2.3  128  747 1973 10 26 12  9 ALBERTO     7.0   3.2  117  476
[7]: 1993  3 22  6 20 SANDY       7.0   3.5  140  856 1985  2  1  0 15 TONY        8.6   3.3  164  492
[6]: 2000  6  8  6  8 OSCAR       7.1   2.0   77  861 1993  3 22  6 20 SANDY       7.0   3.5  140  856
[2]: 1959  5 28  0 18 NADINE      7.1   1.9  130  805 2004 12 28  0  1 PATTY       7.1   6.1   94  198
[1]: 1990  6  5  6  7 CHRIS       7.2   2.3  128  747 1964  2 21  0  1 OSCAR       7.4   5.1  110  629
[0]: 1995 12 10  0 24 ISAAC       7.0   1.7  120  155 2000  6  8  6  8 OSCAR       7.1   2.0   77  861
