[4]: 132.872711 132.432159
[4]: 126.660660 126.836334
[4]: 117.730576 117.904129
[4]: 173.669556 173.930054
[4]: 125.026192 124.594322
[4]: 126.566063 126.765602
[4]: 122.203079 122.387993
[4]: 126.134590 126.389420
[4]: 111.434647 111.252876
[4]: 123.780968 123.659187
[4]: 133.682480 133.923080
[4]: 128.581619 128.397034
[4]: 128.163315 127.930695
[4]: 122.283943 122.162163
[4]: 123.974846 123.592026
[4]: 133.211655 132.753708
[4]: 118.863976 118.670052
[4]: 66.993813 67.263580
[4]: 125.285614 125.855522
[4]: 131.758118 131.628586
[4]: 130.649704 130.921097
[4]: 113.821205 113.843704
[4]: 117.335052 117.078583
[4]: 123.288155 123.219727
[4]: 128.743912 128.845459
[4]: 137.285049 137.093811
[4]: 133.614395 133.075012
[4]: 118.189034 118.086906
[4]: 130.479401 129.906662
[4]: 74.187447 74.227898
[4]: 133.484558 133.324158
[4]: 140.430832 140.945679
[4]: 132.014999 131.868683
[4]: 128.230453 128.115768
[3]: 128.860336 129.667557
[3]: 129.808441 129.926086
[3]: 127.259636 127.448074
[3]: 60.392185 60.540619
[3]: 132.006409 131.771637
[3]: 126.932083 126.479179
[3]: 135.032196 135.141663
[3]: 130.710983 130.633560
[3]: 135.228455 135.352875
[3]: 125.526222 125.978561
[3]: 118.911293 119.108917
[3]: 127.739037 127.657806
[3]: 128.121613 128.203644
[3]: 132.795547 132.660767
[3]: 129.171631 129.234131
[3]: 131.834152 131.750046
[3]: 132.651108 132.714172
[3]: 155.463150 155.685638
[3]: 124.318016 124.603302
[3]: 122.635483 122.442459
[3]: 125.023209 124.990410
[3]: 137.286133 136.959061
[3]: 132.467758 132.554504
[3]: 129.021500 128.384995
[3]: 129.329666 129.326920
[3]: 120.513168 120.673088
[3]: 128.365692 128.321609
[3]: 128.773422 128.891006
[3]: 125.611252 125.635117
[3]: 64.243378 64.354279
[3]: 129.206177 128.957504
[3]: 118.093315 117.774368
[3]: 125.061745 124.986511
[3]: 122.243690 121.671371
[2]: 127.699806 127.894775
[2]: 137.016800 136.264862
[2]: 137.612137 137.254089
[2]: 113.393616 113.327965
[2]: 139.606857 139.689117
[2]: 125.978966 126.364342
[2]: 130.733795 130.981094
[2]: 128.180847 128.233978
[2]: 143.578781 143.741364
[2]: 136.169327 136.178146
[2]: 114.499840 114.198883
[2]: 129.219406 130.096924
[2]: 122.697090 122.856323
[2]: 141.481598 141.394409
[2]: 131.987045 131.694214
[2]: 125.134621 125.654327
[2]: 134.596542 135.343277
[2]: 68.421776 68.268845
[2]: 130.473206 129.859833
[2]: 117.404335 117.726288
[2]: 129.617905 129.149658
[2]: 144.838669 144.983566
[2]: 140.557678 140.783249
[2]: 137.343704 136.607025
[2]: 122.427368 122.202629
[2]: 115.502640 115.770721
[2]: 126.480965 127.232552
[2]: 141.153091 141.488953
[2]: 116.945686 117.123810
[2]: 187.223724 187.028641
[2]: 115.396019 115.487915
[2]: 116.261955 115.701958
[2]: 126.507439 126.823853
[2]: 118.984406 119.795769
[1]: 125.073677 124.435265
[1]: 125.783928 126.022057
[1]: 135.999298 136.218262
[1]: 195.623688 195.582352
[1]: 128.368484 128.496063
[1]: 127.594254 127.885963
[1]: 126.419174 126.182396
[1]: 127.058617 126.707695
[1]: 139.168793 139.348587
[1]: 129.028961 128.695145
[1]: 121.240143 120.969055
[1]: 129.060562 129.116302
[1]: 128.946655 129.162750
[1]: 132.895737 133.181931
[1]: 132.931290 133.151993
[1]: 118.242233 118.258011
[1]: 134.863892 134.611816
[1]: 191.788971 191.817841
[1]: 133.397049 132.786499
[1]: 122.666145 122.490532
[1]: 125.864906 125.744560
[1]: 135.699692 135.743011
[1]: 139.587189 140.021667
[1]: 133.504807 134.113419
[1]: 129.508850 129.365189
[1]: 119.126320 119.186768
[1]: 121.601555 122.164551
[1]: 135.678879 136.165558
[1]: 126.829735 127.482735
[1]: 131.284470 131.550781
[1]: 119.560402 119.676590
[1]: 117.283775 117.413986
[1]: 126.237503 126.122925
[1]: 129.972748 130.843796
[0]: 124.834671 124.891190
[0]: 117.465363 117.632103
[0]: 117.500168 117.247887
[0]: 91.445488 91.521843
[0]: 115.006912 115.437042
[0]: 130.234863 129.795883
[0]: 121.943527 121.578682
[0]: 123.742363 123.861870
[0]: 104.330917 103.972305
[0]: 121.062614 121.032570
[0]: 151.237503 151.454742
[0]: 124.876900 124.158813
[0]: 131.469543 131.248230
[0]: 105.248680 105.238052
[0]: 116.607063 117.011108
[0]: 130.097000 130.063766
[0]: 116.667892 116.268654
[0]: 155.892929 155.970764
[0]: 123.887047 124.307205
[0]: 141.079590 141.321823
[0]: 126.763092 127.129501
[0]: 105.601349 105.662453
[0]: 106.448982 105.882210
[0]: 111.473297 112.333275
[0]: 126.141441 126.447815
[0]: 147.571411 147.295670
[0]: 129.396439 128.576889
[0]: 113.324692 112.386185
[0]: 139.188110 138.924698
[0]: 185.976364 185.904358
[0]: 143.739807 143.981277
[0]: 146.111496 146.401062
[0]: 127.740662 127.767845
[0]: 138.360855 137.356873
