[4]: 133.440857 132.432159
[4]: 126.278625 126.836334
[4]: 116.917099 117.904129
[4]: 172.862869 173.930054
[4]: 126.355820 124.594322
[4]: 126.198891 126.765602
[4]: 122.109581 122.387993
[4]: 127.851936 126.389420
[4]: 113.161285 111.252876
[4]: 123.121376 123.659187
[4]: 134.725098 133.923080
[4]: 129.017181 128.397034
[4]: 129.070633 127.930695
[4]: 122.724548 122.162163
[4]: 125.231514 123.592026
[4]: 134.336182 132.753708
[4]: 119.975220 118.670052
[4]: 67.282738 67.263580
[4]: 125.313065 125.855522
[4]: 130.849167 131.628586
[4]: 130.023285 130.921097
[4]: 113.575294 113.843704
[4]: 117.163971 117.078583
[4]: 121.974266 123.219727
[4]: 127.718842 128.845459
[4]: 136.847580 137.093811
[4]: 135.346481 133.075012
[4]: 117.894539 118.086906
[4]: 130.836426 129.906662
[4]: 73.115044 74.227898
[4]: 134.368958 133.324158
[4]: 139.382416 140.945679
[4]: 132.009811 131.868683
[4]: 129.799438 128.115768
[3]: 127.100609 129.667557
[3]: 129.231689 129.926086
[3]: 127.282341 127.448074
[3]: 60.857311 60.540619
[3]: 132.062805 131.771637
[3]: 127.578941 126.479179
[3]: 135.093597 135.141663
[3]: 129.793488 130.633560
[3]: 134.439453 135.352875
[3]: 126.230751 125.978561
[3]: 117.350449 119.108917
[3]: 126.278755 127.657806
[3]: 127.285538 128.203644
[3]: 132.307281 132.660767
[3]: 128.715561 129.234131
[3]: 130.595779 131.750046
[3]: 133.019409 132.714172
[3]: 158.411713 155.685638
[3]: 124.011063 124.603302
[3]: 124.095695 122.442459
[3]: 125.578865 124.990410
[3]: 137.745407 136.959061
[3]: 131.695374 132.554504
[3]: 130.672226 128.384995
[3]: 130.092499 129.326920
[3]: 120.967346 120.673088
[3]: 126.407890 128.321609
[3]: 129.538651 128.891006
[3]: 125.412643 125.635117
[3]: 65.126091 64.354279
[3]: 129.176987 128.957504
[3]: 121.131310 117.774368
[3]: 125.618530 124.986511
[3]: 121.606995 121.671371
[2]: 126.739159 127.894775
[2]: 137.153961 136.264862
[2]: 136.767609 137.254089
[2]: 111.778450 113.327965
[2]: 138.771988 139.689117
[2]: 126.556664 126.364342
[2]: 129.317261 130.981094
[2]: 128.058807 128.233978
[2]: 141.619308 143.741364
[2]: 137.819168 136.178146
[2]: 114.068214 114.198883
[2]: 128.373199 130.096924
[2]: 122.396477 122.856323
[2]: 140.319580 141.394409
[2]: 131.528931 131.694214
[2]: 125.241791 125.654327
[2]: 133.993469 135.343277
[2]: 67.320686 68.268845
[2]: 130.861496 129.859833
[2]: 117.220512 117.726288
[2]: 130.990112 129.149658
[2]: 145.109253 144.983566
[2]: 141.812637 140.783249
[2]: 138.183380 136.607025
[2]: 123.755257 122.202629
[2]: 115.533951 115.770721
[2]: 125.286736 127.232552
[2]: 140.765854 141.488953
[2]: 116.490036 117.123810
[2]: 185.779480 187.028641
[2]: 115.403648 115.487915
[2]: 116.724098 115.701958
[2]: 126.309929 126.823853
[2]: 118.942139 119.795769
[1]: 126.259880 124.435265
[1]: 126.597229 126.022057
[1]: 137.105164 136.218262
[1]: 196.443146 195.582352
[1]: 127.201538 128.496063
[1]: 127.787880 127.885963
[1]: 126.612785 126.182396
[1]: 126.400826 126.707695
[1]: 138.153076 139.348587
[1]: 128.727600 128.695145
[1]: 120.599716 120.969055
[1]: 130.362167 129.116302
[1]: 128.569077 129.162750
[1]: 133.453720 133.181931
[1]: 132.649658 133.151993
[1]: 118.408600 118.258011
[1]: 134.028000 134.611816
[1]: 190.637283 191.817841
[1]: 133.008636 132.786499
[1]: 123.238800 122.490532
[1]: 125.931313 125.744560
[1]: 136.685989 135.743011
[1]: 139.711426 140.021667
[1]: 133.549545 134.113419
[1]: 129.008087 129.365189
[1]: 119.434196 119.186768
[1]: 121.553596 122.164551
[1]: 135.087433 136.165558
[1]: 126.443916 127.482735
[1]: 132.680145 131.550781
[1]: 118.497276 119.676590
[1]: 116.149811 117.413986
[1]: 125.850029 126.122925
[1]: 129.142029 130.843796
[0]: 125.840469 124.891190
[0]: 117.347260 117.632103
[0]: 117.974129 117.247887
[0]: 92.666664 91.521843
[0]: 115.542465 115.437042
[0]: 129.113983 129.795883
[0]: 123.223396 121.578682
[0]: 123.709641 123.861870
[0]: 106.363243 103.972305
[0]: 119.490891 121.032570
[0]: 153.230362 151.454742
[0]: 125.462181 124.158813
[0]: 132.196579 131.248230
[0]: 105.729324 105.238052
[0]: 116.465706 117.011108
[0]: 129.924530 130.063766
[0]: 116.539795 116.268654
[0]: 155.430206 155.970764
[0]: 124.194946 124.307205
[0]: 140.158752 141.321823
[0]: 125.259583 127.129501
[0]: 103.765686 105.662453
[0]: 105.819412 105.882210
[0]: 109.981781 112.333275
[0]: 125.539024 126.447815
[0]: 147.351212 147.295670
[0]: 131.004730 128.576889
[0]: 113.746429 112.386185
[0]: 140.064728 138.924698
[0]: 186.730438 185.904358
[0]: 144.112427 143.981277
[0]: 144.815277 146.401062
[0]: 127.772995 127.767845
[0]: 138.438370 137.356873
