[4]: 89.032349 132.432159
[4]: 128.639725 126.836334
[4]: 126.581085 117.904129
[4]: 174.660034 173.930054
[4]: 130.235214 124.594322
[4]: 128.812378 126.765602
[4]: 127.377510 122.387993
[4]: 128.643799 126.389420
[4]: 129.547104 111.252876
[4]: 129.346664 123.659187
[4]: 127.028786 133.923080
[4]: 129.656769 128.397034
[4]: 126.515961 127.930695
[4]: 130.735641 122.162163
[4]: 126.902664 123.592026
[4]: 131.369034 132.753708
[4]: 126.235146 118.670052
[4]: 61.161392 67.263580
[4]: 125.159256 125.855522
[4]: 126.913498 131.628586
[4]: 130.049667 130.921097
[4]: 129.536407 113.843704
[4]: 129.269424 117.078583
[4]: 130.371674 123.219727
[4]: 127.790939 128.845459
[4]: 125.861267 137.093811
[4]: 126.689400 133.075012
[4]: 128.490448 118.086906
[4]: 124.666451 129.906662
[4]: 124.967438 74.227898
[4]: 126.951614 133.324158
[4]: 170.124908 140.945679
[4]: 129.346512 131.868683
[4]: 122.397034 128.115768
[3]: 170.812607 129.667557
[3]: 127.721169 129.926086
[3]: 127.185204 127.448074
[3]: 88.261650 60.540619
[3]: 129.606949 131.771637
[3]: 128.624420 126.479179
[3]: 129.570175 135.141663
[3]: 127.563049 130.633560
[3]: 127.602066 135.352875
[3]: 125.701515 125.978561
[3]: 124.295502 119.108917
[3]: 127.850395 127.657806
[3]: 127.128784 128.203644
[3]: 127.836632 132.660767
[3]: 126.854248 129.234131
[3]: 131.047607 131.750046
[3]: 127.521042 132.714172
[3]: 126.054962 155.685638
[3]: 127.252693 124.603302
[3]: 126.248909 122.442459
[3]: 127.299721 124.990410
[3]: 128.061523 136.959061
[3]: 127.017548 132.554504
[3]: 127.451881 128.384995
[3]: 130.027878 129.326920
[3]: 123.766670 120.673088
[3]: 128.044846 128.321609
[3]: 128.291931 128.891006
[3]: 127.628860 125.635117
[3]: 58.550671 64.354279
[3]: 130.545639 128.957504
[3]: 82.298050 117.774368
[3]: 128.100174 124.986511
[3]: 125.637451 121.671371
[2]: 166.743622 127.894775
[2]: 129.894913 136.264862
[2]: 130.955521 137.254089
[2]: 93.475357 113.327965
[2]: 130.443985 139.689117
[2]: 127.111366 126.364342
[2]: 132.036575 130.981094
[2]: 136.936050 128.233978
[2]: 138.928711 143.741364
[2]: 133.816788 136.178146
[2]: 117.129860 114.198883
[2]: 133.986389 130.096924
[2]: 132.792175 122.856323
[2]: 138.221100 141.394409
[2]: 133.891983 131.694214
[2]: 128.646591 125.654327
[2]: 134.003265 135.343277
[2]: 125.698334 68.268845
[2]: 127.071770 129.859833
[2]: 119.052223 117.726288
[2]: 128.649124 129.149658
[2]: 133.597061 144.983566
[2]: 134.406845 140.783249
[2]: 141.887497 136.607025
[2]: 128.914215 122.202629
[2]: 121.132141 115.770721
[2]: 120.921959 127.232552
[2]: 128.174667 141.488953
[2]: 121.675194 117.123810
[2]: 187.083832 187.028641
[2]: 120.924561 115.487915
[2]: 73.312019 115.701958
[2]: 137.425583 126.823853
[2]: 116.190712 119.795769
[1]: 83.171364 124.435265
[1]: 128.228775 126.022057
[1]: 132.177261 136.218262
[1]: 176.658524 195.582352
[1]: 128.846298 128.496063
[1]: 126.246231 127.885963
[1]: 130.477951 126.182396
[1]: 129.959961 126.707695
[1]: 133.189545 139.348587
[1]: 129.987854 128.695145
[1]: 120.491646 120.969055
[1]: 128.027603 129.116302
[1]: 130.770782 129.162750
[1]: 130.312332 133.181931
[1]: 130.901871 133.151993
[1]: 124.928741 118.258011
[1]: 133.801987 134.611816
[1]: 191.486053 191.817841
[1]: 129.770554 132.786499
[1]: 121.531250 122.490532
[1]: 124.525063 125.744560
[1]: 130.556122 135.743011
[1]: 130.696793 140.021667
[1]: 134.542282 134.113419
[1]: 130.855942 129.365189
[1]: 123.590729 119.186768
[1]: 124.264114 122.164551
[1]: 129.362686 136.165558
[1]: 127.031723 127.482735
[1]: 119.280533 131.550781
[1]: 125.991531 119.676590
[1]: 162.258514 117.413986
[1]: 130.931030 126.122925
[1]: 125.567909 130.843796
[0]: 137.704391 124.891190
[0]: 120.721985 117.632103
[0]: 116.649719 117.247887
[0]: 85.622887 91.521843
[0]: 118.574974 115.437042
[0]: 125.601578 129.795883
[0]: 112.634613 121.578682
[0]: 106.811722 123.861870
[0]: 96.886475 103.972305
[0]: 112.612968 121.032570
[0]: 158.643295 151.454742
[0]: 116.864937 124.158813
[0]: 119.714653 131.248230
[0]: 101.079933 105.238052
[0]: 112.608231 117.011108
[0]: 119.257156 130.063766
[0]: 112.359299 116.268654
[0]: 141.178467 155.970764
[0]: 128.944763 124.307205
[0]: 146.926941 141.321823
[0]: 127.280945 127.129501
[0]: 112.379372 105.662453
[0]: 111.855019 105.882210
[0]: 89.960091 112.333275
[0]: 114.406425 126.447815
[0]: 151.952087 147.295670
[0]: 144.437881 128.576889
[0]: 121.916458 112.386185
[0]: 141.666748 138.924698
[0]: 168.380493 185.904358
[0]: 138.896393 143.981277
[0]: 150.535294 146.401062
[0]: 104.641151 127.767845
[0]: 156.464600 137.356873
