[4]: 132.615509 132.432159
[4]: 125.935745 126.836334
[4]: 117.610603 117.904129
[4]: 173.727295 173.930054
[4]: 124.634445 124.594322
[4]: 126.953094 126.765602
[4]: 122.265327 122.387993
[4]: 126.426956 126.389420
[4]: 111.568291 111.252876
[4]: 123.578194 123.659187
[4]: 133.568375 133.923080
[4]: 128.664001 128.397034
[4]: 128.336639 127.930695
[4]: 122.473221 122.162163
[4]: 124.035973 123.592026
[4]: 133.039062 132.753708
[4]: 119.034065 118.670052
[4]: 67.115273 67.263580
[4]: 125.376640 125.855522
[4]: 132.096817 131.628586
[4]: 131.145218 130.921097
[4]: 113.946205 113.843704
[4]: 117.289734 117.078583
[4]: 123.115120 123.219727
[4]: 128.688477 128.845459
[4]: 136.682693 137.093811
[4]: 133.409531 133.075012
[4]: 118.484947 118.086906
[4]: 130.316833 129.906662
[4]: 74.087624 74.227898
[4]: 133.471237 133.324158
[4]: 141.193558 140.945679
[4]: 131.768417 131.868683
[4]: 127.858978 128.115768
[3]: 129.577774 129.667557
[3]: 130.010910 129.926086
[3]: 127.373520 127.448074
[3]: 60.680878 60.540619
[3]: 131.898300 131.771637
[3]: 126.683449 126.479179
[3]: 135.103180 135.141663
[3]: 130.572556 130.633560
[3]: 135.202072 135.352875
[3]: 125.607231 125.978561
[3]: 118.995171 119.108917
[3]: 127.677528 127.657806
[3]: 128.070450 128.203644
[3]: 132.752579 132.660767
[3]: 128.871964 129.234131
[3]: 131.910309 131.750046
[3]: 132.604965 132.714172
[3]: 155.938202 155.685638
[3]: 124.560555 124.603302
[3]: 122.439606 122.442459
[3]: 125.021973 124.990410
[3]: 137.141830 136.959061
[3]: 132.636612 132.554504
[3]: 128.495331 128.384995
[3]: 129.340561 129.326920
[3]: 120.793175 120.673088
[3]: 128.058838 128.321609
[3]: 128.898926 128.891006
[3]: 125.332993 125.635117
[3]: 64.428070 64.354279
[3]: 128.767532 128.957504
[3]: 117.460487 117.774368
[3]: 125.324112 124.986511
[3]: 121.994621 121.671371
[2]: 127.697540 127.894775
[2]: 136.831268 136.264862
[2]: 137.448715 137.254089
[2]: 113.314735 113.327965
[2]: 139.361603 139.689117
[2]: 126.414604 126.364342
[2]: 130.814133 130.981094
[2]: 128.086075 128.233978
[2]: 143.431732 143.741364
[2]: 136.502823 136.178146
[2]: 114.694748 114.198883
[2]: 129.592575 130.096924
[2]: 122.548576 122.856323
[2]: 141.091888 141.394409
[2]: 131.823151 131.694214
[2]: 125.058098 125.654327
[2]: 134.720657 135.343277
[2]: 68.269386 68.268845
[2]: 130.237503 129.859833
[2]: 117.461227 117.726288
[2]: 129.430466 129.149658
[2]: 144.770630 144.983566
[2]: 140.890656 140.783249
[2]: 136.898697 136.607025
[2]: 122.616402 122.202629
[2]: 115.708061 115.770721
[2]: 126.851440 127.232552
[2]: 141.092773 141.488953
[2]: 116.952736 117.123810
[2]: 187.108398 187.028641
[2]: 115.436279 115.487915
[2]: 115.584045 115.701958
[2]: 126.552406 126.823853
[2]: 119.591217 119.795769
[1]: 124.279274 124.435265
[1]: 126.334892 126.022057
[1]: 136.390747 136.218262
[1]: 195.781189 195.582352
[1]: 128.761292 128.496063
[1]: 127.357597 127.885963
[1]: 126.288475 126.182396
[1]: 126.763710 126.707695
[1]: 139.210632 139.348587
[1]: 129.144943 128.695145
[1]: 121.169907 120.969055
[1]: 129.033310 129.116302
[1]: 129.113663 129.162750
[1]: 133.053040 133.181931
[1]: 133.346588 133.151993
[1]: 118.295418 118.258011
[1]: 134.562057 134.611816
[1]: 191.868713 191.817841
[1]: 133.077774 132.786499
[1]: 122.020363 122.490532
[1]: 125.201653 125.744560
[1]: 135.539429 135.743011
[1]: 139.514465 140.021667
[1]: 134.254852 134.113419
[1]: 129.293396 129.365189
[1]: 119.437943 119.186768
[1]: 122.320694 122.164551
[1]: 135.553711 136.165558
[1]: 127.271553 127.482735
[1]: 131.654022 131.550781
[1]: 120.009048 119.676590
[1]: 117.486542 117.413986
[1]: 126.171074 126.122925
[1]: 130.542938 130.843796
[0]: 125.161728 124.891190
[0]: 117.533394 117.632103
[0]: 117.238441 117.247887
[0]: 91.387840 91.521843
[0]: 115.284500 115.437042
[0]: 129.901199 129.795883
[0]: 121.802994 121.578682
[0]: 123.977829 123.861870
[0]: 104.247604 103.972305
[0]: 120.671577 121.032570
[0]: 151.255219 151.454742
[0]: 124.473885 124.158813
[0]: 131.351883 131.248230
[0]: 105.224228 105.238052
[0]: 116.563438 117.011108
[0]: 130.169785 130.063766
[0]: 116.704109 116.268654
[0]: 156.001633 155.970764
[0]: 124.146233 124.307205
[0]: 141.646667 141.321823
[0]: 127.141098 127.129501
[0]: 105.764641 105.662453
[0]: 105.974228 105.882210
[0]: 111.831764 112.333275
[0]: 126.239899 126.447815
[0]: 147.431244 147.295670
[0]: 128.733902 128.576889
[0]: 113.021065 112.386185
[0]: 139.256851 138.924698
[0]: 185.895798 185.904358
[0]: 143.747864 143.981277
[0]: 146.551620 146.401062
[0]: 127.741180 127.767845
[0]: 137.858383 137.356873
