[4]: 133.799225 132.432159
[4]: 126.237854 126.836334
[4]: 116.647903 117.904129
[4]: 172.728760 173.930054
[4]: 126.389969 124.594322
[4]: 126.512955 126.765602
[4]: 122.154945 122.387993
[4]: 128.089203 126.389420
[4]: 113.400681 111.252876
[4]: 123.257774 123.659187
[4]: 134.910477 133.923080
[4]: 128.758209 128.397034
[4]: 129.218796 127.930695
[4]: 122.998978 122.162163
[4]: 125.156364 123.592026
[4]: 134.198090 132.753708
[4]: 120.214157 118.670052
[4]: 67.356117 67.263580
[4]: 125.309029 125.855522
[4]: 130.812607 131.628586
[4]: 129.913071 130.921097
[4]: 113.594284 113.843704
[4]: 117.019844 117.078583
[4]: 122.229431 123.219727
[4]: 127.685928 128.845459
[4]: 136.961334 137.093811
[4]: 135.584442 133.075012
[4]: 118.214394 118.086906
[4]: 130.694122 129.906662
[4]: 73.128098 74.227898
[4]: 133.939529 133.324158
[4]: 139.035583 140.945679
[4]: 131.961578 131.868683
[4]: 129.989532 128.115768
[3]: 126.710983 129.667557
[3]: 128.997116 129.926086
[3]: 127.332581 127.448074
[3]: 60.947224 60.540619
[3]: 132.011948 131.771637
[3]: 127.429153 126.479179
[3]: 135.215866 135.141663
[3]: 129.600052 130.633560
[3]: 134.487228 135.352875
[3]: 126.290886 125.978561
[3]: 117.312355 119.108917
[3]: 126.196426 127.657806
[3]: 127.157471 128.203644
[3]: 131.893051 132.660767
[3]: 128.710358 129.234131
[3]: 130.376694 131.750046
[3]: 133.098450 132.714172
[3]: 158.712631 155.685638
[3]: 124.138420 124.603302
[3]: 124.226479 122.442459
[3]: 126.034897 124.990410
[3]: 137.968689 136.959061
[3]: 131.975327 132.554504
[3]: 130.622681 128.384995
[3]: 130.277298 129.326920
[3]: 120.966667 120.673088
[3]: 125.853226 128.321609
[3]: 129.519714 128.891006
[3]: 125.534081 125.635117
[3]: 65.095634 64.354279
[3]: 129.318680 128.957504
[3]: 121.471230 117.774368
[3]: 125.785309 124.986511
[3]: 121.566864 121.671371
[2]: 126.751801 127.894775
[2]: 137.186066 136.264862
[2]: 136.607803 137.254089
[2]: 111.382683 113.327965
[2]: 138.430923 139.689117
[2]: 126.488983 126.364342
[2]: 129.084808 130.981094
[2]: 128.150452 128.233978
[2]: 141.710190 143.741364
[2]: 138.076263 136.178146
[2]: 114.046715 114.198883
[2]: 128.298355 130.096924
[2]: 122.281746 122.856323
[2]: 140.278397 141.394409
[2]: 131.511017 131.694214
[2]: 125.449532 125.654327
[2]: 133.828308 135.343277
[2]: 67.228874 68.268845
[2]: 130.759537 129.859833
[2]: 117.301468 117.726288
[2]: 131.055099 129.149658
[2]: 145.437149 144.983566
[2]: 141.943375 140.783249
[2]: 137.776718 136.607025
[2]: 123.470055 122.202629
[2]: 115.690865 115.770721
[2]: 125.100784 127.232552
[2]: 140.366959 141.488953
[2]: 116.595909 117.123810
[2]: 185.824310 187.028641
[2]: 115.695015 115.487915
[2]: 116.505913 115.701958
[2]: 126.090477 126.823853
[2]: 118.790688 119.795769
[1]: 126.296463 124.435265
[1]: 127.154411 126.022057
[1]: 137.479965 136.218262
[1]: 196.384521 195.582352
[1]: 127.233376 128.496063
[1]: 127.485413 127.885963
[1]: 126.585762 126.182396
[1]: 126.031662 126.707695
[1]: 137.843018 139.348587
[1]: 128.428162 128.695145
[1]: 120.331001 120.969055
[1]: 130.615875 129.116302
[1]: 128.513504 129.162750
[1]: 133.549286 133.181931
[1]: 132.813614 133.151993
[1]: 118.591911 118.258011
[1]: 133.856552 134.611816
[1]: 190.596970 191.817841
[1]: 133.356903 132.786499
[1]: 123.169350 122.490532
[1]: 125.750366 125.744560
[1]: 136.652359 135.743011
[1]: 139.649948 140.021667
[1]: 133.551529 134.113419
[1]: 128.843491 129.365189
[1]: 119.186150 119.186768
[1]: 121.513649 122.164551
[1]: 135.251419 136.165558
[1]: 126.302292 127.482735
[1]: 133.133408 131.550781
[1]: 118.682922 119.676590
[1]: 116.099419 117.413986
[1]: 125.946869 126.122925
[1]: 128.963989 130.843796
[0]: 125.782227 124.891190
[0]: 117.013260 117.632103
[0]: 118.039177 117.247887
[0]: 92.704208 91.521843
[0]: 115.913376 115.437042
[0]: 129.352448 129.795883
[0]: 123.363731 121.578682
[0]: 123.970032 123.861870
[0]: 106.389648 103.972305
[0]: 119.362610 121.032570
[0]: 153.341858 151.454742
[0]: 125.622925 124.158813
[0]: 132.348145 131.248230
[0]: 105.853271 105.238052
[0]: 116.397224 117.011108
[0]: 129.853180 130.063766
[0]: 116.611382 116.268654
[0]: 155.512268 155.970764
[0]: 123.791786 124.307205
[0]: 140.016357 141.321823
[0]: 124.991730 127.129501
[0]: 103.285027 105.662453
[0]: 105.660728 105.882210
[0]: 110.226471 112.333275
[0]: 125.852921 126.447815
[0]: 147.271240 147.295670
[0]: 131.551712 128.576889
[0]: 113.734352 112.386185
[0]: 140.102478 138.924698
[0]: 186.646683 185.904358
[0]: 143.869629 143.981277
[0]: 145.031693 146.401062
[0]: 127.737625 127.767845
[0]: 138.623093 137.356873
