[4]: 133.419662 132.432159
[4]: 129.020935 126.836334
[4]: 123.376831 117.904129
[4]: 138.604080 173.930054
[4]: 127.777794 124.594322
[4]: 127.020615 126.765602
[4]: 127.894508 122.387993
[4]: 128.837723 126.389420
[4]: 124.916397 111.252876
[4]: 126.423225 123.659187
[4]: 122.160049 133.923080
[4]: 127.802040 128.397034
[4]: 127.014809 127.930695
[4]: 127.527763 122.162163
[4]: 130.862473 123.592026
[4]: 129.464005 132.753708
[4]: 122.703766 118.670052
[4]: 67.999237 67.263580
[4]: 126.719528 125.855522
[4]: 128.877151 131.628586
[4]: 126.821060 130.921097
[4]: 128.370132 113.843704
[4]: 125.973137 117.078583
[4]: 126.302681 123.219727
[4]: 128.799683 128.845459
[4]: 128.474350 137.093811
[4]: 131.318436 133.075012
[4]: 124.608871 118.086906
[4]: 127.278114 129.906662
[4]: 58.533760 74.227898
[4]: 128.122528 133.324158
[4]: 128.919785 140.945679
[4]: 128.630249 131.868683
[4]: 127.274155 128.115768
[3]: 129.331284 129.667557
[3]: 126.502235 129.926086
[3]: 128.008301 127.448074
[3]: 58.790787 60.540619
[3]: 131.059601 131.771637
[3]: 129.235214 126.479179
[3]: 127.142967 135.141663
[3]: 129.730865 130.633560
[3]: 128.182831 135.352875
[3]: 123.916504 125.978561
[3]: 126.743706 119.108917
[3]: 127.128403 127.657806
[3]: 126.934776 128.203644
[3]: 125.414780 132.660767
[3]: 125.725052 129.234131
[3]: 128.739746 131.750046
[3]: 128.008362 132.714172
[3]: 188.975540 155.685638
[3]: 126.020950 124.603302
[3]: 130.406479 122.442459
[3]: 127.157661 124.990410
[3]: 129.580612 136.959061
[3]: 126.211700 132.554504
[3]: 129.229782 128.384995
[3]: 129.542542 129.326920
[3]: 129.904556 120.673088
[3]: 124.935608 128.321609
[3]: 126.569244 128.891006
[3]: 129.367828 125.635117
[3]: 116.685577 64.354279
[3]: 130.549118 128.957504
[3]: 125.432350 117.774368
[3]: 127.510223 124.986511
[3]: 126.426918 121.671371
[2]: 122.736786 127.894775
[2]: 128.415085 136.264862
[2]: 127.405045 137.254089
[2]: 115.152374 113.327965
[2]: 127.631607 139.689117
[2]: 127.315483 126.364342
[2]: 126.791161 130.981094
[2]: 126.228149 128.233978
[2]: 126.800049 143.741364
[2]: 133.230621 136.178146
[2]: 132.583466 114.198883
[2]: 128.501648 130.096924
[2]: 129.734756 122.856323
[2]: 127.424286 141.394409
[2]: 123.089561 131.694214
[2]: 128.456619 125.654327
[2]: 129.764542 135.343277
[2]: 69.362679 68.268845
[2]: 127.154602 129.859833
[2]: 124.271469 117.726288
[2]: 131.418762 129.149658
[2]: 124.839050 144.983566
[2]: 128.414444 140.783249
[2]: 125.549927 136.607025
[2]: 122.854294 122.202629
[2]: 126.248161 115.770721
[2]: 126.675308 127.232552
[2]: 128.062759 141.488953
[2]: 126.516640 117.123810
[2]: 196.360779 187.028641
[2]: 128.347122 115.487915
[2]: 130.329453 115.701958
[2]: 126.221291 126.823853
[2]: 124.763405 119.795769
[1]: 126.117233 124.435265
[1]: 125.921524 126.022057
[1]: 130.779541 136.218262
[1]: 198.625565 195.582352
[1]: 126.232132 128.496063
[1]: 126.097015 127.885963
[1]: 127.605927 126.182396
[1]: 124.056252 126.707695
[1]: 128.608704 139.348587
[1]: 125.122154 128.695145
[1]: 128.709549 120.969055
[1]: 128.333618 129.116302
[1]: 127.682716 129.162750
[1]: 128.727234 133.181931
[1]: 128.790619 133.151993
[1]: 123.857170 118.258011
[1]: 130.423111 134.611816
[1]: 186.020416 191.817841
[1]: 130.287079 132.786499
[1]: 123.999939 122.490532
[1]: 124.848877 125.744560
[1]: 128.428360 135.743011
[1]: 129.920944 140.021667
[1]: 127.593742 134.113419
[1]: 127.922363 129.365189
[1]: 126.076988 119.186768
[1]: 128.464645 122.164551
[1]: 131.374115 136.165558
[1]: 127.468407 127.482735
[1]: 138.228241 131.550781
[1]: 125.110168 119.676590
[1]: 124.526276 117.413986
[1]: 127.632172 126.122925
[1]: 131.260574 130.843796
[0]: 140.000000 124.891190
[0]: 74.000000 117.632103
[0]: 164.000000 117.247887
[0]: 145.000000 91.521843
[0]: 134.000000 115.437042
[0]: 252.000000 129.795883
[0]: 63.000000 121.578682
[0]: 67.000000 123.861870
[0]: 4.000000 103.972305
[0]: 66.000000 121.032570
[0]: 54.000000 151.454742
[0]: 114.000000 124.158813
[0]: 5.000000 131.248230
[0]: 83.000000 105.238052
[0]: 78.000000 117.011108
[0]: 154.000000 130.063766
[0]: 247.000000 116.268654
[0]: 70.000000 155.970764
[0]: 98.000000 124.307205
[0]: 8.000000 141.321823
[0]: 117.000000 127.129501
[0]: 22.000000 105.662453
[0]: 110.000000 105.882210
[0]: 4.000000 112.333275
[0]: 28.000000 126.447815
[0]: 224.000000 147.295670
[0]: 176.000000 128.576889
[0]: 198.000000 112.386185
[0]: 137.000000 138.924698
[0]: 136.000000 185.904358
[0]: 201.000000 143.981277
[0]: 251.000000 146.401062
[0]: 196.000000 127.767845
[0]: 11010048.000000 137.356873
