[4]: 136.556091 132.432159
[4]: 126.290245 126.836334
[4]: 115.008026 117.904129
[4]: 170.878754 173.930054
[4]: 125.390007 124.594322
[4]: 126.973961 126.765602
[4]: 120.604561 122.387993
[4]: 127.822426 126.389420
[4]: 109.937767 111.252876
[4]: 125.004723 123.659187
[4]: 134.866165 133.923080
[4]: 130.283005 128.397034
[4]: 127.670341 127.930695
[4]: 122.426750 122.162163
[4]: 123.323837 123.592026
[4]: 132.612976 132.753708
[4]: 118.646576 118.670052
[4]: 67.755074 67.263580
[4]: 127.257668 125.855522
[4]: 129.990158 131.628586
[4]: 129.738708 130.921097
[4]: 112.849335 113.843704
[4]: 116.267426 117.078583
[4]: 123.733673 123.219727
[4]: 130.418808 128.845459
[4]: 133.523132 137.093811
[4]: 132.155777 133.075012
[4]: 115.033203 118.086906
[4]: 129.802597 129.906662
[4]: 72.696457 74.227898
[4]: 136.888596 133.324158
[4]: 135.583008 140.945679
[4]: 130.585205 131.868683
[4]: 126.500000 128.115768
[3]: 123.149437 129.667557
[3]: 128.769272 129.926086
[3]: 128.238892 127.448074
[3]: 61.307365 60.540619
[3]: 130.814163 131.771637
[3]: 127.220345 126.479179
[3]: 135.882553 135.141663
[3]: 128.476227 130.633560
[3]: 136.808578 135.352875
[3]: 124.069336 125.978561
[3]: 117.589027 119.108917
[3]: 124.992767 127.657806
[3]: 128.899460 128.203644
[3]: 131.860855 132.660767
[3]: 130.288574 129.234131
[3]: 131.032776 131.750046
[3]: 132.944656 132.714172
[3]: 160.253204 155.685638
[3]: 123.239212 124.603302
[3]: 123.236931 122.442459
[3]: 125.434555 124.990410
[3]: 140.126083 136.959061
[3]: 132.906693 132.554504
[3]: 129.825714 128.384995
[3]: 128.016434 129.326920
[3]: 123.341797 120.673088
[3]: 126.881615 128.321609
[3]: 131.771011 128.891006
[3]: 126.207451 125.635117
[3]: 65.559074 64.354279
[3]: 128.760712 128.957504
[3]: 123.512459 117.774368
[3]: 126.057465 124.986511
[3]: 124.149200 121.671371
[2]: 123.930969 127.894775
[2]: 136.915756 136.264862
[2]: 140.382324 137.254089
[2]: 113.782814 113.327965
[2]: 139.746140 139.689117
[2]: 128.376556 126.364342
[2]: 130.629776 130.981094
[2]: 126.984146 128.233978
[2]: 145.660370 143.741364
[2]: 135.167862 136.178146
[2]: 113.476814 114.198883
[2]: 127.354210 130.096924
[2]: 123.577003 122.856323
[2]: 140.900299 141.394409
[2]: 131.726517 131.694214
[2]: 125.193878 125.654327
[2]: 138.437820 135.343277
[2]: 66.330261 68.268845
[2]: 126.427246 129.859833
[2]: 120.629051 117.726288
[2]: 129.973648 129.149658
[2]: 146.477051 144.983566
[2]: 142.430054 140.783249
[2]: 135.586212 136.607025
[2]: 120.249619 122.202629
[2]: 120.108910 115.770721
[2]: 129.315689 127.232552
[2]: 144.433655 141.488953
[2]: 118.044128 117.123810
[2]: 183.779053 187.028641
[2]: 111.843437 115.487915
[2]: 122.330261 115.701958
[2]: 127.425484 126.823853
[2]: 125.001122 119.795769
[1]: 124.981873 124.435265
[1]: 126.725044 126.022057
[1]: 136.650742 136.218262
[1]: 196.712082 195.582352
[1]: 126.953865 128.496063
[1]: 127.672195 127.885963
[1]: 127.213242 126.182396
[1]: 126.162323 126.707695
[1]: 138.958649 139.348587
[1]: 128.267090 128.695145
[1]: 122.007950 120.969055
[1]: 127.754204 129.116302
[1]: 128.245789 129.162750
[1]: 133.795868 133.181931
[1]: 131.748184 133.151993
[1]: 118.501854 118.258011
[1]: 136.191330 134.611816
[1]: 190.703674 191.817841
[1]: 132.743713 132.786499
[1]: 122.885124 122.490532
[1]: 127.033714 125.744560
[1]: 135.226425 135.743011
[1]: 138.794785 140.021667
[1]: 133.677597 134.113419
[1]: 128.301422 129.365189
[1]: 121.971298 119.186768
[1]: 122.983879 122.164551
[1]: 135.683151 136.165558
[1]: 127.490128 127.482735
[1]: 133.629456 131.550781
[1]: 119.390450 119.676590
[1]: 117.399628 117.413986
[1]: 124.952087 126.122925
[1]: 130.505707 130.843796
[0]: 131.162476 124.891190
[0]: 118.025818 117.632103
[0]: 115.657921 117.247887
[0]: 90.187950 91.521843
[0]: 117.294235 115.437042
[0]: 126.836227 129.795883
[0]: 122.047760 121.578682
[0]: 126.632790 123.861870
[0]: 102.170830 103.972305
[0]: 123.211273 121.032570
[0]: 151.756287 151.454742
[0]: 129.443542 124.158813
[0]: 131.009644 131.248230
[0]: 105.603615 105.238052
[0]: 117.611618 117.011108
[0]: 131.334946 130.063766
[0]: 110.951637 116.268654
[0]: 153.739502 155.970764
[0]: 127.918678 124.307205
[0]: 138.714722 141.321823
[0]: 125.585625 127.129501
[0]: 102.285545 105.662453
[0]: 105.881844 105.882210
[0]: 111.680290 112.333275
[0]: 129.401550 126.447815
[0]: 140.549576 147.295670
[0]: 128.033478 128.576889
[0]: 109.895782 112.386185
[0]: 137.412399 138.924698
[0]: 187.913681 185.904358
[0]: 144.649048 143.981277
[0]: 138.870911 146.401062
[0]: 128.613678 127.767845
[0]: 131.133987 137.356873
