[4]: 136.284973 132.432159
[4]: 126.329453 126.836334
[4]: 119.063286 117.904129
[4]: 167.043167 173.930054
[4]: 129.089340 124.594322
[4]: 124.685272 126.765602
[4]: 123.424728 122.387993
[4]: 128.312958 126.389420
[4]: 117.303864 111.252876
[4]: 122.977341 123.659187
[4]: 136.417252 133.923080
[4]: 128.322281 128.397034
[4]: 128.096512 127.930695
[4]: 124.862793 122.162163
[4]: 123.136589 123.592026
[4]: 133.833969 132.753708
[4]: 117.742157 118.670052
[4]: 67.374008 67.263580
[4]: 127.371002 125.855522
[4]: 131.549133 131.628586
[4]: 126.686737 130.921097
[4]: 112.198952 113.843704
[4]: 117.522545 117.078583
[4]: 120.788872 123.219727
[4]: 126.545288 128.845459
[4]: 135.006165 137.093811
[4]: 136.317429 133.075012
[4]: 124.423653 118.086906
[4]: 132.182144 129.906662
[4]: 68.305634 74.227898
[4]: 132.885529 133.324158
[4]: 134.197723 140.945679
[4]: 129.322357 131.868683
[4]: 131.588150 128.115768
[3]: 123.625900 129.667557
[3]: 129.227264 129.926086
[3]: 126.091324 127.448074
[3]: 63.194393 60.540619
[3]: 132.017151 131.771637
[3]: 127.985786 126.479179
[3]: 135.949738 135.141663
[3]: 129.716583 130.633560
[3]: 134.073059 135.352875
[3]: 127.646233 125.978561
[3]: 114.484634 119.108917
[3]: 125.599220 127.657806
[3]: 128.858170 128.203644
[3]: 131.440079 132.660767
[3]: 129.795761 129.234131
[3]: 132.988327 131.750046
[3]: 135.892395 132.714172
[3]: 167.286743 155.685638
[3]: 122.774719 124.603302
[3]: 123.269753 122.442459
[3]: 128.469467 124.990410
[3]: 141.207016 136.959061
[3]: 131.743591 132.554504
[3]: 133.528549 128.384995
[3]: 132.194229 129.326920
[3]: 122.379814 120.673088
[3]: 123.727623 128.321609
[3]: 125.359886 128.891006
[3]: 122.571510 125.635117
[3]: 69.286270 64.354279
[3]: 129.227829 128.957504
[3]: 125.901772 117.774368
[3]: 125.620903 124.986511
[3]: 120.498772 121.671371
[2]: 124.756050 127.894775
[2]: 134.425385 136.264862
[2]: 134.352737 137.254089
[2]: 109.744736 113.327965
[2]: 134.752747 139.689117
[2]: 129.057648 126.364342
[2]: 128.460495 130.981094
[2]: 127.570137 128.233978
[2]: 138.639496 143.741364
[2]: 139.284714 136.178146
[2]: 113.413757 114.198883
[2]: 126.358307 130.096924
[2]: 125.217094 122.856323
[2]: 137.905045 141.394409
[2]: 133.202408 131.694214
[2]: 124.840950 125.654327
[2]: 135.795639 135.343277
[2]: 65.400566 68.268845
[2]: 129.127945 129.859833
[2]: 119.257385 117.726288
[2]: 132.894440 129.149658
[2]: 147.629517 144.983566
[2]: 141.138306 140.783249
[2]: 139.023712 136.607025
[2]: 126.419098 122.202629
[2]: 117.962852 115.770721
[2]: 122.548851 127.232552
[2]: 133.665878 141.488953
[2]: 115.503769 117.123810
[2]: 184.964188 187.028641
[2]: 116.489395 115.487915
[2]: 120.386505 115.701958
[2]: 129.428848 126.823853
[2]: 117.239319 119.795769
[1]: 128.325714 124.435265
[1]: 127.051422 126.022057
[1]: 138.464615 136.218262
[1]: 196.942017 195.582352
[1]: 124.667580 128.496063
[1]: 126.756927 127.885963
[1]: 127.201950 126.182396
[1]: 125.598518 126.707695
[1]: 136.063828 139.348587
[1]: 128.917984 128.695145
[1]: 121.107376 120.969055
[1]: 130.806870 129.116302
[1]: 126.597656 129.162750
[1]: 133.683105 133.181931
[1]: 135.111893 133.151993
[1]: 115.843231 118.258011
[1]: 134.252518 134.611816
[1]: 188.645020 191.817841
[1]: 133.601410 132.786499
[1]: 121.385643 122.490532
[1]: 127.571053 125.744560
[1]: 137.019897 135.743011
[1]: 139.030197 140.021667
[1]: 133.089188 134.113419
[1]: 127.263367 129.365189
[1]: 118.965508 119.186768
[1]: 120.287788 122.164551
[1]: 133.615768 136.165558
[1]: 124.031288 127.482735
[1]: 136.444016 131.550781
[1]: 119.414284 119.676590
[1]: 114.218338 117.413986
[1]: 130.141479 126.122925
[1]: 127.698792 130.843796
[0]: 126.119873 124.891190
[0]: 119.527618 117.632103
[0]: 118.008781 117.247887
[0]: 95.406342 91.521843
[0]: 119.512077 115.437042
[0]: 128.844467 129.795883
[0]: 121.269608 121.578682
[0]: 124.661102 123.861870
[0]: 107.661194 103.972305
[0]: 116.005882 121.032570
[0]: 154.951965 151.454742
[0]: 128.638443 124.158813
[0]: 130.768417 131.248230
[0]: 106.280670 105.238052
[0]: 112.823570 117.011108
[0]: 131.101425 130.063766
[0]: 113.662247 116.268654
[0]: 154.168518 155.970764
[0]: 124.375343 124.307205
[0]: 140.335815 141.321823
[0]: 121.662506 127.129501
[0]: 98.179939 105.662453
[0]: 106.620003 105.882210
[0]: 107.454117 112.333275
[0]: 123.607971 126.447815
[0]: 145.874939 147.295670
[0]: 137.179596 128.576889
[0]: 120.370865 112.386185
[0]: 145.793884 138.924698
[0]: 184.975418 185.904358
[0]: 143.851944 143.981277
[0]: 143.542374 146.401062
[0]: 122.359093 127.767845
[0]: 141.364105 137.356873
