[4]: 132.482559 132.432159
[4]: 126.811859 126.836334
[4]: 117.867569 117.904129
[4]: 173.921310 173.930054
[4]: 124.613411 124.594322
[4]: 126.786415 126.765602
[4]: 122.339279 122.387993
[4]: 126.422333 126.389420
[4]: 111.333969 111.252876
[4]: 123.629501 123.659187
[4]: 133.857986 133.923080
[4]: 128.418213 128.397034
[4]: 127.951180 127.930695
[4]: 122.158897 122.162163
[4]: 123.559601 123.592026
[4]: 132.837936 132.753708
[4]: 118.648438 118.670052
[4]: 67.268112 67.263580
[4]: 125.790382 125.855522
[4]: 131.675934 131.628586
[4]: 130.830078 130.921097
[4]: 113.831032 113.843704
[4]: 117.071007 117.078583
[4]: 123.261772 123.219727
[4]: 128.903870 128.845459
[4]: 137.080994 137.093811
[4]: 133.082108 133.075012
[4]: 118.082657 118.086906
[4]: 129.888016 129.906662
[4]: 74.244255 74.227898
[4]: 133.282059 133.324158
[4]: 140.883255 140.945679
[4]: 131.874939 131.868683
[4]: 128.083923 128.115768
[3]: 129.680176 129.667557
[3]: 129.915802 129.926086
[3]: 127.460396 127.448074
[3]: 60.554264 60.540619
[3]: 131.785202 131.771637
[3]: 126.523003 126.479179
[3]: 135.155304 135.141663
[3]: 130.621552 130.633560
[3]: 135.366364 135.352875
[3]: 125.997894 125.978561
[3]: 119.123734 119.108917
[3]: 127.655540 127.657806
[3]: 128.204422 128.203644
[3]: 132.695923 132.660767
[3]: 129.283646 129.234131
[3]: 131.736313 131.750046
[3]: 132.710510 132.714172
[3]: 155.649231 155.685638
[3]: 124.591064 124.603302
[3]: 122.424057 122.442459
[3]: 125.004440 124.990410
[3]: 136.978638 136.959061
[3]: 132.607590 132.554504
[3]: 128.413071 128.384995
[3]: 129.337433 129.326920
[3]: 120.679398 120.673088
[3]: 128.330505 128.321609
[3]: 128.909714 128.891006
[3]: 125.644157 125.635117
[3]: 64.339386 64.354279
[3]: 128.982452 128.957504
[3]: 117.753082 117.774368
[3]: 125.022377 124.986511
[3]: 121.679634 121.671371
[2]: 127.761909 127.894775
[2]: 136.300659 136.264862
[2]: 137.280792 137.254089
[2]: 113.299065 113.327965
[2]: 139.665497 139.689117
[2]: 126.280388 126.364342
[2]: 130.955536 130.981094
[2]: 128.179901 128.233978
[2]: 143.702606 143.741364
[2]: 136.199295 136.178146
[2]: 114.245193 114.198883
[2]: 130.054108 130.096924
[2]: 122.843880 122.856323
[2]: 141.448563 141.394409
[2]: 131.698624 131.694214
[2]: 125.559738 125.654327
[2]: 135.356934 135.343277
[2]: 68.299782 68.268845
[2]: 129.906540 129.859833
[2]: 117.678108 117.726288
[2]: 129.267944 129.149658
[2]: 144.959534 144.983566
[2]: 140.776672 140.783249
[2]: 136.571075 136.607025
[2]: 122.167053 122.202629
[2]: 115.766380 115.770721
[2]: 127.171120 127.232552
[2]: 141.429001 141.488953
[2]: 117.126030 117.123810
[2]: 187.108871 187.028641
[2]: 115.520554 115.487915
[2]: 115.830551 115.701958
[2]: 126.823212 126.823853
[2]: 119.836220 119.795769
[1]: 124.444557 124.435265
[1]: 125.996651 126.022057
[1]: 136.218658 136.218262
[1]: 195.587311 195.582352
[1]: 128.507751 128.496063
[1]: 127.894882 127.885963
[1]: 126.217873 126.182396
[1]: 126.719398 126.707695
[1]: 139.334290 139.348587
[1]: 128.688843 128.695145
[1]: 121.035690 120.969055
[1]: 129.128036 129.116302
[1]: 129.141510 129.162750
[1]: 133.170654 133.181931
[1]: 133.175491 133.151993
[1]: 118.242737 118.258011
[1]: 134.610382 134.611816
[1]: 191.806198 191.817841
[1]: 132.774719 132.786499
[1]: 122.512741 122.490532
[1]: 125.739731 125.744560
[1]: 135.769424 135.743011
[1]: 139.996033 140.021667
[1]: 134.108002 134.113419
[1]: 129.361252 129.365189
[1]: 119.185692 119.186768
[1]: 122.211639 122.164551
[1]: 136.175797 136.165558
[1]: 127.431541 127.482735
[1]: 131.560745 131.550781
[1]: 119.676926 119.676590
[1]: 117.379570 117.413986
[1]: 126.105591 126.122925
[1]: 130.836746 130.843796
[0]: 124.952286 124.891190
[0]: 117.660507 117.632103
[0]: 117.248161 117.247887
[0]: 91.468102 91.521843
[0]: 115.416542 115.437042
[0]: 129.806229 129.795883
[0]: 121.607491 121.578682
[0]: 123.884384 123.861870
[0]: 103.931160 103.972305
[0]: 121.031212 121.032570
[0]: 151.387802 151.454742
[0]: 124.170258 124.158813
[0]: 131.260300 131.248230
[0]: 105.156235 105.238052
[0]: 116.959381 117.011108
[0]: 130.106201 130.063766
[0]: 116.285019 116.268654
[0]: 155.981277 155.970764
[0]: 124.352829 124.307205
[0]: 141.318283 141.321823
[0]: 127.090134 127.129501
[0]: 105.656403 105.662453
[0]: 105.866852 105.882210
[0]: 112.300072 112.333275
[0]: 126.411064 126.447815
[0]: 147.307938 147.295670
[0]: 128.572433 128.576889
[0]: 112.426628 112.386185
[0]: 138.986832 138.924698
[0]: 185.892166 185.904358
[0]: 143.964081 143.981277
[0]: 146.389175 146.401062
[0]: 127.739098 127.767845
[0]: 137.350098 137.356873
