[4]: 133.100021 132.432159
[4]: 126.751816 126.836334
[4]: 117.865356 117.904129
[4]: 173.708969 173.930054
[4]: 124.744148 124.594322
[4]: 127.103180 126.765602
[4]: 122.019135 122.387993
[4]: 126.608315 126.389420
[4]: 111.429001 111.252876
[4]: 123.493118 123.659187
[4]: 133.814590 133.923080
[4]: 128.817841 128.397034
[4]: 128.227539 127.930695
[4]: 122.320602 122.162163
[4]: 124.301704 123.592026
[4]: 133.305420 132.753708
[4]: 118.678688 118.670052
[4]: 67.344643 67.263580
[4]: 125.260674 125.855522
[4]: 131.932877 131.628586
[4]: 130.547989 130.921097
[4]: 113.863533 113.843704
[4]: 117.191101 117.078583
[4]: 123.372231 123.219727
[4]: 128.600891 128.845459
[4]: 137.343933 137.093811
[4]: 133.654251 133.075012
[4]: 118.161682 118.086906
[4]: 130.611954 129.906662
[4]: 74.157181 74.227898
[4]: 133.225250 133.324158
[4]: 139.923859 140.945679
[4]: 132.065155 131.868683
[4]: 128.127853 128.115768
[3]: 128.938492 129.667557
[3]: 130.149017 129.926086
[3]: 127.172287 127.448074
[3]: 60.750740 60.540619
[3]: 132.069473 131.771637
[3]: 127.021233 126.479179
[3]: 135.454483 135.141663
[3]: 130.534744 130.633560
[3]: 135.159790 135.352875
[3]: 125.876038 125.978561
[3]: 118.168541 119.108917
[3]: 126.840202 127.657806
[3]: 127.907883 128.203644
[3]: 132.452621 132.660767
[3]: 128.631699 129.234131
[3]: 131.718887 131.750046
[3]: 133.020691 132.714172
[3]: 156.563004 155.685638
[3]: 124.489693 124.603302
[3]: 122.878845 122.442459
[3]: 124.916786 124.990410
[3]: 136.980484 136.959061
[3]: 132.165268 132.554504
[3]: 128.740356 128.384995
[3]: 129.161819 129.326920
[3]: 120.815765 120.673088
[3]: 127.986732 128.321609
[3]: 128.991806 128.891006
[3]: 125.679390 125.635117
[3]: 64.226311 64.354279
[3]: 129.413498 128.957504
[3]: 119.253471 117.774368
[3]: 124.970490 124.986511
[3]: 122.323578 121.671371
[2]: 126.998085 127.894775
[2]: 136.740784 136.264862
[2]: 137.322708 137.254089
[2]: 112.484589 113.327965
[2]: 139.785980 139.689117
[2]: 125.759064 126.364342
[2]: 130.747482 130.981094
[2]: 128.077377 128.233978
[2]: 143.508469 143.741364
[2]: 136.573547 136.178146
[2]: 114.497124 114.198883
[2]: 129.808182 130.096924
[2]: 122.780945 122.856323
[2]: 141.194931 141.394409
[2]: 131.947449 131.694214
[2]: 125.350021 125.654327
[2]: 134.805939 135.343277
[2]: 68.172417 68.268845
[2]: 130.460388 129.859833
[2]: 116.884521 117.726288
[2]: 130.198685 129.149658
[2]: 144.808899 144.983566
[2]: 141.121140 140.783249
[2]: 137.359680 136.607025
[2]: 122.545921 122.202629
[2]: 115.291084 115.770721
[2]: 126.936829 127.232552
[2]: 141.152771 141.488953
[2]: 116.966461 117.123810
[2]: 186.597748 187.028641
[2]: 115.572754 115.487915
[2]: 116.183434 115.701958
[2]: 126.684074 126.823853
[2]: 119.368629 119.795769
[1]: 124.682877 124.435265
[1]: 125.696655 126.022057
[1]: 136.275955 136.218262
[1]: 195.752991 195.582352
[1]: 128.147156 128.496063
[1]: 127.662727 127.885963
[1]: 126.536263 126.182396
[1]: 127.381638 126.707695
[1]: 139.400467 139.348587
[1]: 129.098679 128.695145
[1]: 121.205757 120.969055
[1]: 129.373001 129.116302
[1]: 128.773926 129.162750
[1]: 133.240616 133.181931
[1]: 133.163269 133.151993
[1]: 117.893074 118.258011
[1]: 134.748398 134.611816
[1]: 191.441162 191.817841
[1]: 132.986847 132.786499
[1]: 122.861320 122.490532
[1]: 125.788406 125.744560
[1]: 135.962341 135.743011
[1]: 139.723495 140.021667
[1]: 133.712769 134.113419
[1]: 129.418365 129.365189
[1]: 119.032219 119.186768
[1]: 121.506615 122.164551
[1]: 135.917816 136.165558
[1]: 126.817589 127.482735
[1]: 132.055405 131.550781
[1]: 119.438751 119.676590
[1]: 117.620621 117.413986
[1]: 126.054939 126.122925
[1]: 130.046768 130.843796
[0]: 125.643959 124.891190
[0]: 117.319969 117.632103
[0]: 117.455528 117.247887
[0]: 91.781151 91.521843
[0]: 115.224854 115.437042
[0]: 129.734955 129.795883
[0]: 121.514313 121.578682
[0]: 123.160072 123.861870
[0]: 104.186722 103.972305
[0]: 120.458015 121.032570
[0]: 152.048508 151.454742
[0]: 124.616455 124.158813
[0]: 131.760925 131.248230
[0]: 105.418167 105.238052
[0]: 116.602310 117.011108
[0]: 130.238480 130.063766
[0]: 116.352188 116.268654
[0]: 155.556732 155.970764
[0]: 124.198029 124.307205
[0]: 141.020401 141.321823
[0]: 126.430588 127.129501
[0]: 105.570007 105.662453
[0]: 106.131790 105.882210
[0]: 111.386803 112.333275
[0]: 126.453560 126.447815
[0]: 147.564102 147.295670
[0]: 129.353897 128.576889
[0]: 112.822197 112.386185
[0]: 139.019623 138.924698
[0]: 186.314651 185.904358
[0]: 143.783981 143.981277
[0]: 145.136765 146.401062
[0]: 127.782433 127.767845
[0]: 137.955353 137.356873
