[4]: 133.690781 132.432159
[4]: 126.116394 126.836334
[4]: 116.713364 117.904129
[4]: 172.794464 173.930054
[4]: 126.294533 124.594322
[4]: 126.423721 126.765602
[4]: 121.968727 122.387993
[4]: 128.125244 126.389420
[4]: 113.377289 111.252876
[4]: 123.175224 123.659187
[4]: 134.825256 133.923080
[4]: 128.823914 128.397034
[4]: 129.208618 127.930695
[4]: 122.963440 122.162163
[4]: 125.225204 123.592026
[4]: 134.245743 132.753708
[4]: 120.036400 118.670052
[4]: 67.321465 67.263580
[4]: 125.242973 125.855522
[4]: 130.846725 131.628586
[4]: 129.963196 130.921097
[4]: 113.706886 113.843704
[4]: 116.962494 117.078583
[4]: 122.192596 123.219727
[4]: 127.639526 128.845459
[4]: 136.931778 137.093811
[4]: 135.533951 133.075012
[4]: 118.042007 118.086906
[4]: 130.750549 129.906662
[4]: 73.135582 74.227898
[4]: 134.155090 133.324158
[4]: 139.260345 140.945679
[4]: 131.898056 131.868683
[4]: 130.007263 128.115768
[3]: 126.779060 129.667557
[3]: 129.157715 129.926086
[3]: 127.371948 127.448074
[3]: 60.877445 60.540619
[3]: 132.120300 131.771637
[3]: 127.511497 126.479179
[3]: 135.146637 135.141663
[3]: 129.751770 130.633560
[3]: 134.371094 135.352875
[3]: 126.234268 125.978561
[3]: 117.221329 119.108917
[3]: 126.318703 127.657806
[3]: 127.301399 128.203644
[3]: 132.086929 132.660767
[3]: 128.695480 129.234131
[3]: 130.428238 131.750046
[3]: 133.023468 132.714172
[3]: 158.582596 155.685638
[3]: 124.048569 124.603302
[3]: 124.065331 122.442459
[3]: 125.766273 124.990410
[3]: 137.788254 136.959061
[3]: 131.921967 132.554504
[3]: 130.703751 128.384995
[3]: 130.262421 129.326920
[3]: 120.816872 120.673088
[3]: 126.079208 128.321609
[3]: 129.578079 128.891006
[3]: 125.478287 125.635117
[3]: 65.208855 64.354279
[3]: 129.113281 128.957504
[3]: 121.370003 117.774368
[3]: 125.776566 124.986511
[3]: 121.592575 121.671371
[2]: 126.742073 127.894775
[2]: 137.387970 136.264862
[2]: 136.735519 137.254089
[2]: 111.566101 113.327965
[2]: 138.562668 139.689117
[2]: 126.429749 126.364342
[2]: 129.445160 130.981094
[2]: 128.011505 128.233978
[2]: 141.656845 143.741364
[2]: 138.203445 136.178146
[2]: 114.286606 114.198883
[2]: 128.241150 130.096924
[2]: 122.507469 122.856323
[2]: 140.252335 141.394409
[2]: 131.538223 131.694214
[2]: 125.174538 125.654327
[2]: 133.906387 135.343277
[2]: 67.149536 68.268845
[2]: 130.801666 129.859833
[2]: 117.312164 117.726288
[2]: 131.251694 129.149658
[2]: 145.064224 144.983566
[2]: 141.903107 140.783249
[2]: 137.927307 136.607025
[2]: 123.813004 122.202629
[2]: 115.696381 115.770721
[2]: 125.296829 127.232552
[2]: 140.474167 141.488953
[2]: 116.589188 117.123810
[2]: 185.772110 187.028641
[2]: 115.428230 115.487915
[2]: 116.317436 115.701958
[2]: 126.395561 126.823853
[2]: 118.778580 119.795769
[1]: 126.344658 124.435265
[1]: 126.839371 126.022057
[1]: 137.315506 136.218262
[1]: 196.445190 195.582352
[1]: 127.337196 128.496063
[1]: 127.566788 127.885963
[1]: 126.679832 126.182396
[1]: 125.996109 126.707695
[1]: 137.985077 139.348587
[1]: 128.354919 128.695145
[1]: 120.422485 120.969055
[1]: 130.568344 129.116302
[1]: 128.464081 129.162750
[1]: 133.491211 133.181931
[1]: 132.686829 133.151993
[1]: 118.624634 118.258011
[1]: 133.978470 134.611816
[1]: 190.570511 191.817841
[1]: 133.221817 132.786499
[1]: 123.151840 122.490532
[1]: 125.775543 125.744560
[1]: 136.807343 135.743011
[1]: 139.740158 140.021667
[1]: 133.501556 134.113419
[1]: 128.743744 129.365189
[1]: 119.370079 119.186768
[1]: 121.540276 122.164551
[1]: 135.184967 136.165558
[1]: 126.360283 127.482735
[1]: 132.972794 131.550781
[1]: 118.749725 119.676590
[1]: 116.045403 117.413986
[1]: 125.837349 126.122925
[1]: 129.058395 130.843796
[0]: 125.806412 124.891190
[0]: 117.109390 117.632103
[0]: 117.943153 117.247887
[0]: 92.691261 91.521843
[0]: 115.648521 115.437042
[0]: 129.326889 129.795883
[0]: 123.128227 121.578682
[0]: 123.956573 123.861870
[0]: 106.412537 103.972305
[0]: 119.460098 121.032570
[0]: 153.182495 151.454742
[0]: 125.537407 124.158813
[0]: 132.009888 131.248230
[0]: 105.776833 105.238052
[0]: 116.452446 117.011108
[0]: 130.022964 130.063766
[0]: 116.648781 116.268654
[0]: 155.478760 155.970764
[0]: 124.067253 124.307205
[0]: 140.164261 141.321823
[0]: 125.009117 127.129501
[0]: 103.561401 105.662453
[0]: 105.709923 105.882210
[0]: 110.070000 112.333275
[0]: 125.657547 126.447815
[0]: 147.275970 147.295670
[0]: 131.142929 128.576889
[0]: 113.799538 112.386185
[0]: 140.040512 138.924698
[0]: 186.606461 185.904358
[0]: 144.073608 143.981277
[0]: 145.188675 146.401062
[0]: 127.626244 127.767845
[0]: 138.491577 137.356873
