[4]: 133.316772 132.432159
[4]: 126.502174 126.836334
[4]: 117.273247 117.904129
[4]: 173.217773 173.930054
[4]: 125.634804 124.594322
[4]: 126.433174 126.765602
[4]: 121.843796 122.387993
[4]: 127.362900 126.389420
[4]: 111.757301 111.252876
[4]: 122.904884 123.659187
[4]: 134.156845 133.923080
[4]: 128.893250 128.397034
[4]: 128.583450 127.930695
[4]: 122.519821 122.162163
[4]: 124.996994 123.592026
[4]: 133.746536 132.753708
[4]: 119.028412 118.670052
[4]: 67.315659 67.263580
[4]: 125.322548 125.855522
[4]: 131.750580 131.628586
[4]: 130.398514 130.921097
[4]: 114.023262 113.843704
[4]: 117.368996 117.078583
[4]: 122.782860 123.219727
[4]: 128.155579 128.845459
[4]: 136.926254 137.093811
[4]: 134.509689 133.075012
[4]: 117.492050 118.086906
[4]: 130.731659 129.906662
[4]: 73.693359 74.227898
[4]: 133.657516 133.324158
[4]: 139.796860 140.945679
[4]: 131.949036 131.868683
[4]: 128.506851 128.115768
[3]: 128.042068 129.667557
[3]: 129.587021 129.926086
[3]: 126.956215 127.448074
[3]: 60.721500 60.540619
[3]: 132.197189 131.771637
[3]: 127.481628 126.479179
[3]: 135.266220 135.141663
[3]: 129.861374 130.633560
[3]: 134.916885 135.352875
[3]: 126.089676 125.978561
[3]: 117.564659 119.108917
[3]: 126.812355 127.657806
[3]: 127.748550 128.203644
[3]: 132.348404 132.660767
[3]: 128.608124 129.234131
[3]: 131.444168 131.750046
[3]: 132.899368 132.714172
[3]: 157.286865 155.685638
[3]: 124.107666 124.603302
[3]: 122.748322 122.442459
[3]: 125.412117 124.990410
[3]: 137.222122 136.959061
[3]: 131.781937 132.554504
[3]: 129.379196 128.384995
[3]: 129.593430 129.326920
[3]: 120.799767 120.673088
[3]: 127.184677 128.321609
[3]: 129.017822 128.891006
[3]: 125.479752 125.635117
[3]: 64.524239 64.354279
[3]: 129.382401 128.957504
[3]: 119.886940 117.774368
[3]: 125.201096 124.986511
[3]: 122.420250 121.671371
[2]: 126.655762 127.894775
[2]: 136.961136 136.264862
[2]: 137.262924 137.254089
[2]: 112.154327 113.327965
[2]: 139.543411 139.689117
[2]: 126.380783 126.364342
[2]: 130.074844 130.981094
[2]: 128.088974 128.233978
[2]: 142.852219 143.741364
[2]: 137.189835 136.178146
[2]: 114.732841 114.198883
[2]: 128.889648 130.096924
[2]: 122.530083 122.856323
[2]: 140.802902 141.394409
[2]: 131.619614 131.694214
[2]: 125.269394 125.654327
[2]: 134.620895 135.343277
[2]: 67.691269 68.268845
[2]: 130.541809 129.859833
[2]: 116.808014 117.726288
[2]: 130.599899 129.149658
[2]: 144.731171 144.983566
[2]: 141.607330 140.783249
[2]: 137.854614 136.607025
[2]: 123.012848 122.202629
[2]: 115.303864 115.770721
[2]: 126.280563 127.232552
[2]: 140.938644 141.488953
[2]: 116.555382 117.123810
[2]: 186.049072 187.028641
[2]: 115.008537 115.487915
[2]: 116.824051 115.701958
[2]: 126.450050 126.823853
[2]: 119.834663 119.795769
[1]: 125.635994 124.435265
[1]: 126.325256 126.022057
[1]: 136.607971 136.218262
[1]: 195.966995 195.582352
[1]: 127.578384 128.496063
[1]: 127.627998 127.885963
[1]: 126.730568 126.182396
[1]: 127.031914 126.707695
[1]: 138.784927 139.348587
[1]: 129.453842 128.695145
[1]: 121.028419 120.969055
[1]: 129.888351 129.116302
[1]: 128.782196 129.162750
[1]: 133.461533 133.181931
[1]: 132.651840 133.151993
[1]: 117.988976 118.258011
[1]: 134.408417 134.611816
[1]: 191.077652 191.817841
[1]: 133.219116 132.786499
[1]: 123.192177 122.490532
[1]: 125.668839 125.744560
[1]: 136.150330 135.743011
[1]: 139.657425 140.021667
[1]: 133.625122 134.113419
[1]: 129.585999 129.365189
[1]: 119.565651 119.186768
[1]: 121.542664 122.164551
[1]: 135.803558 136.165558
[1]: 126.627922 127.482735
[1]: 132.217407 131.550781
[1]: 119.164688 119.676590
[1]: 116.584595 117.413986
[1]: 126.068092 126.122925
[1]: 129.482803 130.843796
[0]: 125.721405 124.891190
[0]: 117.269249 117.632103
[0]: 117.984909 117.247887
[0]: 92.211800 91.521843
[0]: 114.993141 115.437042
[0]: 129.327728 129.795883
[0]: 122.422997 121.578682
[0]: 123.455841 123.861870
[0]: 105.421028 103.972305
[0]: 119.783485 121.032570
[0]: 152.316071 151.454742
[0]: 124.974701 124.158813
[0]: 131.815643 131.248230
[0]: 105.456352 105.238052
[0]: 116.765388 117.011108
[0]: 130.082840 130.063766
[0]: 116.649803 116.268654
[0]: 155.616959 155.970764
[0]: 124.180244 124.307205
[0]: 141.104095 141.321823
[0]: 125.749870 127.129501
[0]: 104.960297 105.662453
[0]: 105.851486 105.882210
[0]: 110.853027 112.333275
[0]: 125.778511 126.447815
[0]: 147.474533 147.295670
[0]: 129.995285 128.576889
[0]: 113.826614 112.386185
[0]: 139.778519 138.924698
[0]: 186.720718 185.904358
[0]: 144.308777 143.981277
[0]: 145.079315 146.401062
[0]: 127.896759 127.767845
[0]: 137.568604 137.356873
