[4]: 133.608688 132.432159
[4]: 126.175262 126.836334
[4]: 116.767784 117.904129
[4]: 172.782303 173.930054
[4]: 126.520508 124.594322
[4]: 126.593628 126.765602
[4]: 122.262894 122.387993
[4]: 127.950859 126.389420
[4]: 113.405975 111.252876
[4]: 123.244598 123.659187
[4]: 134.833572 133.923080
[4]: 128.854477 128.397034
[4]: 128.999603 127.930695
[4]: 122.762978 122.162163
[4]: 125.129829 123.592026
[4]: 134.346893 132.753708
[4]: 120.448967 118.670052
[4]: 67.404640 67.263580
[4]: 125.496689 125.855522
[4]: 130.658066 131.628586
[4]: 130.036285 130.921097
[4]: 113.559319 113.843704
[4]: 117.088898 117.078583
[4]: 121.931221 123.219727
[4]: 127.780167 128.845459
[4]: 136.945267 137.093811
[4]: 135.475159 133.075012
[4]: 118.205238 118.086906
[4]: 130.764709 129.906662
[4]: 73.019089 74.227898
[4]: 134.228897 133.324158
[4]: 139.074387 140.945679
[4]: 131.907089 131.868683
[4]: 129.959854 128.115768
[3]: 126.907173 129.667557
[3]: 129.210144 129.926086
[3]: 127.269035 127.448074
[3]: 60.827534 60.540619
[3]: 132.100159 131.771637
[3]: 127.439316 126.479179
[3]: 135.117783 135.141663
[3]: 129.715607 130.633560
[3]: 134.384171 135.352875
[3]: 126.188530 125.978561
[3]: 117.147270 119.108917
[3]: 126.274025 127.657806
[3]: 127.390953 128.203644
[3]: 132.286194 132.660767
[3]: 128.775589 129.234131
[3]: 130.448517 131.750046
[3]: 132.827301 132.714172
[3]: 158.726364 155.685638
[3]: 123.892509 124.603302
[3]: 124.133385 122.442459
[3]: 125.693680 124.990410
[3]: 137.777924 136.959061
[3]: 131.754761 132.554504
[3]: 130.680115 128.384995
[3]: 130.156555 129.326920
[3]: 120.899223 120.673088
[3]: 126.093292 128.321609
[3]: 129.658417 128.891006
[3]: 125.467239 125.635117
[3]: 65.316772 64.354279
[3]: 129.057953 128.957504
[3]: 121.278938 117.774368
[3]: 125.699921 124.986511
[3]: 121.428627 121.671371
[2]: 126.872925 127.894775
[2]: 137.221069 136.264862
[2]: 136.754242 137.254089
[2]: 111.659210 113.327965
[2]: 138.484253 139.689117
[2]: 126.435585 126.364342
[2]: 128.943176 130.981094
[2]: 128.230331 128.233978
[2]: 141.777893 143.741364
[2]: 137.952682 136.178146
[2]: 114.019264 114.198883
[2]: 128.488327 130.096924
[2]: 122.392746 122.856323
[2]: 140.475143 141.394409
[2]: 131.562256 131.694214
[2]: 125.380432 125.654327
[2]: 133.567856 135.343277
[2]: 67.090950 68.268845
[2]: 130.669434 129.859833
[2]: 117.504395 117.726288
[2]: 131.059219 129.149658
[2]: 145.104218 144.983566
[2]: 141.909607 140.783249
[2]: 138.185745 136.607025
[2]: 123.801147 122.202629
[2]: 115.627556 115.770721
[2]: 125.434143 127.232552
[2]: 140.426788 141.488953
[2]: 116.431908 117.123810
[2]: 185.762863 187.028641
[2]: 115.443733 115.487915
[2]: 116.656967 115.701958
[2]: 126.297234 126.823853
[2]: 118.728821 119.795769
[1]: 126.268433 124.435265
[1]: 126.844635 126.022057
[1]: 137.305359 136.218262
[1]: 196.358948 195.582352
[1]: 127.200935 128.496063
[1]: 127.601868 127.885963
[1]: 126.749374 126.182396
[1]: 126.054436 126.707695
[1]: 138.018661 139.348587
[1]: 128.452179 128.695145
[1]: 120.568504 120.969055
[1]: 130.469910 129.116302
[1]: 128.419601 129.162750
[1]: 133.364624 133.181931
[1]: 132.640900 133.151993
[1]: 118.458244 118.258011
[1]: 134.025818 134.611816
[1]: 190.608170 191.817841
[1]: 133.250473 132.786499
[1]: 123.180717 122.490532
[1]: 125.843079 125.744560
[1]: 136.888489 135.743011
[1]: 139.735687 140.021667
[1]: 133.618591 134.113419
[1]: 128.874344 129.365189
[1]: 119.316017 119.186768
[1]: 121.377449 122.164551
[1]: 135.163376 136.165558
[1]: 126.365005 127.482735
[1]: 132.991913 131.550781
[1]: 118.674103 119.676590
[1]: 116.124496 117.413986
[1]: 125.819206 126.122925
[1]: 129.191376 130.843796
[0]: 125.689941 124.891190
[0]: 117.171455 117.632103
[0]: 118.010147 117.247887
[0]: 92.668358 91.521843
[0]: 115.672310 115.437042
[0]: 129.176529 129.795883
[0]: 123.315559 121.578682
[0]: 123.887878 123.861870
[0]: 106.234566 103.972305
[0]: 119.609543 121.032570
[0]: 153.352615 151.454742
[0]: 125.395271 124.158813
[0]: 132.305847 131.248230
[0]: 105.696648 105.238052
[0]: 116.501717 117.011108
[0]: 129.843079 130.063766
[0]: 116.746262 116.268654
[0]: 155.311859 155.970764
[0]: 124.077469 124.307205
[0]: 140.041016 141.321823
[0]: 125.140244 127.129501
[0]: 103.639984 105.662453
[0]: 105.784264 105.882210
[0]: 109.992172 112.333275
[0]: 125.489082 126.447815
[0]: 147.277039 147.295670
[0]: 131.210312 128.576889
[0]: 113.631989 112.386185
[0]: 140.187195 138.924698
[0]: 186.657089 185.904358
[0]: 144.102402 143.981277
[0]: 145.009460 146.401062
[0]: 127.819435 127.767845
[0]: 138.617020 137.356873
