[4]: 133.746811 132.432159
[4]: 127.266914 126.836334
[4]: 117.153618 117.904129
[4]: 150.685394 173.930054
[4]: 127.176277 124.594322
[4]: 126.759674 126.765602
[4]: 124.658112 122.387993
[4]: 128.662674 126.389420
[4]: 115.636765 111.252876
[4]: 123.052681 123.659187
[4]: 131.446686 133.923080
[4]: 128.647507 128.397034
[4]: 128.632767 127.930695
[4]: 124.014793 122.162163
[4]: 125.916664 123.592026
[4]: 134.441010 132.753708
[4]: 121.375839 118.670052
[4]: 76.107742 67.263580
[4]: 124.737640 125.855522
[4]: 129.903183 131.628586
[4]: 128.977463 130.921097
[4]: 116.900314 113.843704
[4]: 118.516670 117.078583
[4]: 123.093132 123.219727
[4]: 128.569656 128.845459
[4]: 134.704926 137.093811
[4]: 135.061493 133.075012
[4]: 118.964790 118.086906
[4]: 130.110733 129.906662
[4]: 64.774597 74.227898
[4]: 134.402374 133.324158
[4]: 137.461304 140.945679
[4]: 131.180832 131.868683
[4]: 2533656759110328003658512334848.000000 128.115768
[3]: 127.083229 129.667557
[3]: 129.197891 129.926086
[3]: 127.307411 127.448074
[3]: 60.770905 60.540619
[3]: 132.178162 131.771637
[3]: 127.513885 126.479179
[3]: 135.141495 135.141663
[3]: 129.730270 130.633560
[3]: 134.492355 135.352875
[3]: 126.279800 125.978561
[3]: 117.393761 119.108917
[3]: 126.373322 127.657806
[3]: 127.306862 128.203644
[3]: 132.145081 132.660767
[3]: 128.680740 129.234131
[3]: 130.590408 131.750046
[3]: 133.056870 132.714172
[3]: 158.395477 155.685638
[3]: 123.967705 124.603302
[3]: 124.143372 122.442459
[3]: 125.664116 124.990410
[3]: 137.707642 136.959061
[3]: 131.686111 132.554504
[3]: 130.535797 128.384995
[3]: 130.131363 129.326920
[3]: 120.897034 120.673088
[3]: 126.329018 128.321609
[3]: 129.502655 128.891006
[3]: 125.380264 125.635117
[3]: 65.113106 64.354279
[3]: 129.145782 128.957504
[3]: 121.231979 117.774368
[3]: 125.689941 124.986511
[3]: 3166082727588238771137141538816.000000 121.671371
[2]: 127.901779 127.894775
[2]: 127.471359 136.264862
[2]: 127.379921 137.254089
[2]: 127.525314 113.327965
[2]: 128.181427 139.689117
[2]: 127.423538 126.364342
[2]: 127.356049 130.981094
[2]: 127.222542 128.233978
[2]: 127.118706 143.741364
[2]: 127.188004 136.178146
[2]: 127.549744 114.198883
[2]: 127.940575 130.096924
[2]: 127.842880 122.856323
[2]: 127.267906 141.394409
[2]: 127.105331 131.694214
[2]: 127.644928 125.654327
[2]: 127.718880 135.343277
[2]: 127.781891 68.268845
[2]: 127.534515 129.859833
[2]: 126.893906 117.726288
[2]: 127.576462 129.149658
[2]: 127.796494 144.983566
[2]: 127.622307 140.783249
[2]: 127.162994 136.607025
[2]: 127.269859 122.202629
[2]: 127.681412 115.770721
[2]: 127.846275 127.232552
[2]: 127.641411 141.488953
[2]: 127.656830 117.123810
[2]: 127.495361 187.028641
[2]: 128.044312 115.487915
[2]: 127.318626 115.701958
[2]: 127.497551 126.823853
[2]: 649426941163423845733875318784.000000 119.795769
[1]: 127.901779 124.435265
[1]: 127.471359 126.022057
[1]: 127.379921 136.218262
[1]: 127.525314 195.582352
[1]: 128.181427 128.496063
[1]: 127.423538 127.885963
[1]: 127.356049 126.182396
[1]: 127.222542 126.707695
[1]: 127.118706 139.348587
[1]: 127.188004 128.695145
[1]: 127.549744 120.969055
[1]: 127.940575 129.116302
[1]: 127.842880 129.162750
[1]: 127.267906 133.181931
[1]: 127.105331 133.151993
[1]: 127.644928 118.258011
[1]: 127.718880 134.611816
[1]: 127.781891 191.817841
[1]: 127.534515 132.786499
[1]: 126.893906 122.490532
[1]: 127.576462 125.744560
[1]: 127.796494 135.743011
[1]: 127.622307 140.021667
[1]: 127.162994 134.113419
[1]: 127.269859 129.365189
[1]: 127.681412 119.186768
[1]: 127.846275 122.164551
[1]: 127.641411 136.165558
[1]: 127.656830 127.482735
[1]: 127.495361 131.550781
[1]: 128.044312 119.676590
[1]: 127.318626 117.413986
[1]: 127.497551 126.122925
[1]: 649426941163423845733875318784.000000 130.843796
[0]: 126.761620 124.891190
[0]: 119.121292 117.632103
[0]: 116.091705 117.247887
[0]: 88.534821 91.521843
[0]: 117.464096 115.437042
[0]: 128.399216 129.795883
[0]: 124.521645 121.578682
[0]: 125.116219 123.861870
[0]: 107.135811 103.972305
[0]: 119.001434 121.032570
[0]: 149.850342 151.454742
[0]: 125.581291 124.158813
[0]: 131.403580 131.248230
[0]: 108.129349 105.238052
[0]: 116.750282 117.011108
[0]: 132.998154 130.063766
[0]: 117.787514 116.268654
[0]: 146.935791 155.970764
[0]: 122.399170 124.307205
[0]: 139.046356 141.321823
[0]: 125.161659 127.129501
[0]: 105.918968 105.662453
[0]: 106.934914 105.882210
[0]: 111.070518 112.333275
[0]: 126.795364 126.447815
[0]: 145.467789 147.295670
[0]: 132.094940 128.576889
[0]: 113.342499 112.386185
[0]: 139.205353 138.924698
[0]: 140.535690 185.904358
[0]: 144.631699 143.981277
[0]: 144.139343 146.401062
[0]: 128.504105 127.767845
[0]: 2081709966201138159213946601472.000000 137.356873
