[4]: 89.447151 132.432159
[4]: 128.920151 126.836334
[4]: 126.001442 117.904129
[4]: 174.892426 173.930054
[4]: 130.464554 124.594322
[4]: 129.124695 126.765602
[4]: 127.679062 122.387993
[4]: 128.584122 126.389420
[4]: 129.975311 111.252876
[4]: 130.437332 123.659187
[4]: 127.007584 133.923080
[4]: 129.638779 128.397034
[4]: 126.980652 127.930695
[4]: 131.998993 122.162163
[4]: 126.642601 123.592026
[4]: 131.447586 132.753708
[4]: 127.564331 118.670052
[4]: 60.983032 67.263580
[4]: 126.079353 125.855522
[4]: 126.751266 131.628586
[4]: 129.759277 130.921097
[4]: 130.346924 113.843704
[4]: 129.814804 117.078583
[4]: 131.195374 123.219727
[4]: 127.482742 128.845459
[4]: 125.594299 137.093811
[4]: 126.478989 133.075012
[4]: 128.699997 118.086906
[4]: 123.941879 129.906662
[4]: 124.328445 74.227898
[4]: 126.031982 133.324158
[4]: 170.307434 140.945679
[4]: 128.533432 131.868683
[4]: 122.239853 128.115768
[3]: 171.073792 129.667557
[3]: 127.802673 129.926086
[3]: 126.575813 127.448074
[3]: 87.824623 60.540619
[3]: 129.493942 131.771637
[3]: 128.821732 126.479179
[3]: 129.117477 135.141663
[3]: 127.483322 130.633560
[3]: 127.120506 135.352875
[3]: 126.409676 125.978561
[3]: 124.576027 119.108917
[3]: 127.554512 127.657806
[3]: 127.773430 128.203644
[3]: 128.185776 132.660767
[3]: 127.031044 129.234131
[3]: 130.653931 131.750046
[3]: 128.204193 132.714172
[3]: 126.382164 155.685638
[3]: 126.959854 124.603302
[3]: 127.054153 122.442459
[3]: 127.369751 124.990410
[3]: 127.919281 136.959061
[3]: 126.990471 132.554504
[3]: 127.503395 128.384995
[3]: 129.263977 129.326920
[3]: 124.086281 120.673088
[3]: 128.277985 128.321609
[3]: 128.099274 128.891006
[3]: 127.772636 125.635117
[3]: 58.816029 64.354279
[3]: 130.580719 128.957504
[3]: 82.996536 117.774368
[3]: 127.130539 124.986511
[3]: 126.055740 121.671371
[2]: 168.624344 127.894775
[2]: 130.410461 136.264862
[2]: 130.779358 137.254089
[2]: 93.650452 113.327965
[2]: 130.847351 139.689117
[2]: 127.325226 126.364342
[2]: 132.574097 130.981094
[2]: 134.756256 128.233978
[2]: 137.186325 143.741364
[2]: 133.842789 136.178146
[2]: 116.515938 114.198883
[2]: 134.037323 130.096924
[2]: 133.593857 122.856323
[2]: 139.466904 141.394409
[2]: 133.397202 131.694214
[2]: 128.150620 125.654327
[2]: 135.210632 135.343277
[2]: 125.939651 68.268845
[2]: 128.656235 129.859833
[2]: 118.583527 117.726288
[2]: 127.611908 129.149658
[2]: 133.997971 144.983566
[2]: 135.624924 140.783249
[2]: 142.727142 136.607025
[2]: 128.093857 122.202629
[2]: 121.198441 115.770721
[2]: 120.358574 127.232552
[2]: 128.819214 141.488953
[2]: 121.796516 117.123810
[2]: 187.006668 187.028641
[2]: 118.971695 115.487915
[2]: 74.996582 115.701958
[2]: 135.136795 126.823853
[2]: 116.044403 119.795769
[1]: 83.870224 124.435265
[1]: 128.793167 126.022057
[1]: 132.714539 136.218262
[1]: 177.390518 195.582352
[1]: 129.003494 128.496063
[1]: 126.234459 127.885963
[1]: 130.735840 126.182396
[1]: 129.093216 126.707695
[1]: 132.127243 139.348587
[1]: 129.548431 128.695145
[1]: 119.771278 120.969055
[1]: 127.912590 129.116302
[1]: 131.370041 129.162750
[1]: 131.018097 133.181931
[1]: 131.278091 133.151993
[1]: 124.489021 118.258011
[1]: 133.951675 134.611816
[1]: 191.588486 191.817841
[1]: 129.670471 132.786499
[1]: 121.164764 122.490532
[1]: 124.142059 125.744560
[1]: 130.256042 135.743011
[1]: 131.185394 140.021667
[1]: 135.003876 134.113419
[1]: 130.519104 129.365189
[1]: 123.341080 119.186768
[1]: 124.086517 122.164551
[1]: 129.296631 136.165558
[1]: 127.552010 127.482735
[1]: 118.676567 131.550781
[1]: 125.615067 119.676590
[1]: 162.225754 117.413986
[1]: 130.523270 126.122925
[1]: 125.356262 130.843796
[0]: 130.693268 124.891190
[0]: 118.814171 117.632103
[0]: 118.207649 117.247887
[0]: 87.913918 91.521843
[0]: 117.862778 115.437042
[0]: 124.585808 129.795883
[0]: 112.099304 121.578682
[0]: 111.766891 123.861870
[0]: 101.697121 103.972305
[0]: 110.903008 121.032570
[0]: 159.384766 151.454742
[0]: 117.716522 124.158813
[0]: 116.249863 131.248230
[0]: 96.560783 105.238052
[0]: 113.221092 117.011108
[0]: 121.233330 130.063766
[0]: 107.834343 116.268654
[0]: 139.929565 155.970764
[0]: 125.950951 124.307205
[0]: 146.610489 141.321823
[0]: 129.595947 127.129501
[0]: 111.670448 105.662453
[0]: 109.120026 105.882210
[0]: 87.787834 112.333275
[0]: 117.974213 126.447815
[0]: 151.566406 147.295670
[0]: 144.987656 128.576889
[0]: 121.280060 112.386185
[0]: 141.248215 138.924698
[0]: 169.572357 185.904358
[0]: 143.135788 143.981277
[0]: 148.588333 146.401062
[0]: 111.644547 127.767845
[0]: 155.842834 137.356873
