[4]: 94.438148 132.432159
[4]: 131.644165 126.836334
[4]: 126.432289 117.904129
[4]: 183.774506 173.930054
[4]: 135.383163 124.594322
[4]: 128.546158 126.765602
[4]: 125.847343 122.387993
[4]: 133.777435 126.389420
[4]: 130.783554 111.252876
[4]: 131.444702 123.659187
[4]: 126.029739 133.923080
[4]: 125.322472 128.397034
[4]: 125.055595 127.930695
[4]: 138.798386 122.162163
[4]: 127.280403 123.592026
[4]: 130.932068 132.753708
[4]: 131.272308 118.670052
[4]: 58.497631 67.263580
[4]: 130.273163 125.855522
[4]: 127.628822 131.628586
[4]: 134.457718 130.921097
[4]: 135.420303 113.843704
[4]: 134.309021 117.078583
[4]: 134.995941 123.219727
[4]: 125.593567 128.845459
[4]: 120.696922 137.093811
[4]: 127.668480 133.075012
[4]: 130.174561 118.086906
[4]: 120.847855 129.906662
[4]: 125.682869 74.227898
[4]: 126.326263 133.324158
[4]: 165.863022 140.945679
[4]: 131.722260 131.868683
[4]: 120.172050 128.115768
[3]: 170.726288 129.667557
[3]: 126.627808 129.926086
[3]: 124.872414 127.448074
[3]: 86.806694 60.540619
[3]: 129.092697 131.771637
[3]: 127.103767 126.479179
[3]: 128.495712 135.141663
[3]: 128.494812 130.633560
[3]: 126.854843 135.352875
[3]: 125.152176 125.978561
[3]: 126.396072 119.108917
[3]: 128.666489 127.657806
[3]: 127.424072 128.203644
[3]: 127.355713 132.660767
[3]: 127.281235 129.234131
[3]: 129.793686 131.750046
[3]: 126.654716 132.714172
[3]: 126.922302 155.685638
[3]: 126.292755 124.603302
[3]: 126.312523 122.442459
[3]: 126.523720 124.990410
[3]: 127.771355 136.959061
[3]: 126.952240 132.554504
[3]: 127.038170 128.384995
[3]: 127.922432 129.326920
[3]: 125.548248 120.673088
[3]: 129.014481 128.321609
[3]: 127.064240 128.891006
[3]: 128.996719 125.635117
[3]: 63.138268 64.354279
[3]: 128.872284 128.957504
[3]: 83.667458 117.774368
[3]: 128.009079 124.986511
[3]: 125.723465 121.671371
[2]: 169.462372 127.894775
[2]: 128.849258 136.264862
[2]: 129.454681 137.254089
[2]: 84.022591 113.327965
[2]: 128.604630 139.689117
[2]: 128.361893 126.364342
[2]: 126.741699 130.981094
[2]: 128.128403 128.233978
[2]: 127.459694 143.741364
[2]: 129.388718 136.178146
[2]: 126.565178 114.198883
[2]: 127.626709 130.096924
[2]: 128.855118 122.856323
[2]: 129.413071 141.394409
[2]: 127.649628 131.694214
[2]: 126.286819 125.654327
[2]: 130.071426 135.343277
[2]: 128.913589 68.268845
[2]: 129.997269 129.859833
[2]: 126.761887 117.726288
[2]: 129.519470 129.149658
[2]: 127.985939 144.983566
[2]: 129.513931 140.783249
[2]: 128.416595 136.607025
[2]: 125.802383 122.202629
[2]: 128.070587 115.770721
[2]: 126.234795 127.232552
[2]: 127.917503 141.488953
[2]: 125.433388 117.123810
[2]: 191.897247 187.028641
[2]: 127.145073 115.487915
[2]: 85.190781 115.701958
[2]: 127.727112 126.823853
[2]: 127.457741 119.795769
[1]: 89.123138 124.435265
[1]: 129.373001 126.022057
[1]: 136.369690 136.218262
[1]: 186.506332 195.582352
[1]: 138.598892 128.496063
[1]: 125.900826 127.885963
[1]: 125.761154 126.182396
[1]: 134.181183 126.707695
[1]: 130.216705 139.348587
[1]: 127.307251 128.695145
[1]: 116.219833 120.969055
[1]: 124.140038 129.116302
[1]: 134.506149 129.162750
[1]: 140.046738 133.181931
[1]: 131.437012 133.151993
[1]: 123.638565 118.258011
[1]: 140.877136 134.611816
[1]: 193.059052 191.817841
[1]: 139.026993 132.786499
[1]: 122.278877 122.490532
[1]: 127.390724 125.744560
[1]: 129.997986 135.743011
[1]: 140.592285 140.021667
[1]: 136.840042 134.113419
[1]: 124.993942 129.365189
[1]: 118.511940 119.186768
[1]: 121.510651 122.164551
[1]: 133.545547 136.165558
[1]: 122.793571 127.482735
[1]: 122.732964 131.550781
[1]: 126.524147 119.676590
[1]: 157.167313 117.413986
[1]: 129.385590 126.122925
[1]: 124.180901 130.843796
[0]: 73.814941 124.891190
[0]: 119.005486 117.632103
[0]: 118.624397 117.247887
[0]: 128.164658 91.521843
[0]: 104.305840 115.437042
[0]: 126.777969 129.795883
[0]: 130.274139 121.578682
[0]: 106.873741 123.861870
[0]: 118.629112 103.972305
[0]: 121.390190 121.032570
[0]: 146.643600 151.454742
[0]: 135.104218 124.158813
[0]: 122.438347 131.248230
[0]: 93.564941 105.238052
[0]: 120.491112 117.011108
[0]: 126.873955 130.063766
[0]: 105.327995 116.268654
[0]: 137.530823 155.970764
[0]: 108.287407 124.307205
[0]: 132.684952 141.321823
[0]: 117.561867 127.129501
[0]: 115.188240 105.662453
[0]: 101.573830 105.882210
[0]: 103.735298 112.333275
[0]: 133.482117 126.447815
[0]: 150.503296 147.295670
[0]: 136.365189 128.576889
[0]: 117.883064 112.386185
[0]: 143.594116 138.924698
[0]: 136.665207 185.904358
[0]: 132.150620 143.981277
[0]: 187.971802 146.401062
[0]: 118.607285 127.767845
[0]: 143.302109 137.356873
