[4]: 133.421570 132.432159
[4]: 129.131866 126.836334
[4]: 123.323761 117.904129
[4]: 138.852509 173.930054
[4]: 127.752533 124.594322
[4]: 126.990433 126.765602
[4]: 127.860413 122.387993
[4]: 128.938950 126.389420
[4]: 125.109413 111.252876
[4]: 126.723000 123.659187
[4]: 122.119614 133.923080
[4]: 127.803955 128.397034
[4]: 127.199173 127.930695
[4]: 127.452438 122.162163
[4]: 130.678726 123.592026
[4]: 129.404587 132.753708
[4]: 122.708519 118.670052
[4]: 67.837318 67.263580
[4]: 126.621567 125.855522
[4]: 128.647842 131.628586
[4]: 126.870178 130.921097
[4]: 128.151138 113.843704
[4]: 125.978561 117.078583
[4]: 126.528549 123.219727
[4]: 128.871002 128.845459
[4]: 128.453140 137.093811
[4]: 131.441788 133.075012
[4]: 124.480125 118.086906
[4]: 127.222458 129.906662
[4]: 58.731930 74.227898
[4]: 128.197647 133.324158
[4]: 128.597824 140.945679
[4]: 128.709152 131.868683
[4]: 127.486572 128.115768
[3]: 129.004974 129.667557
[3]: 126.648552 129.926086
[3]: 128.307816 127.448074
[3]: 58.895184 60.540619
[3]: 130.772247 131.771637
[3]: 129.611160 126.479179
[3]: 127.400192 135.141663
[3]: 129.756180 130.633560
[3]: 128.367905 135.352875
[3]: 124.125870 125.978561
[3]: 127.003250 119.108917
[3]: 127.146027 127.657806
[3]: 126.613907 128.203644
[3]: 125.242485 132.660767
[3]: 125.756935 129.234131
[3]: 128.698441 131.750046
[3]: 128.044464 132.714172
[3]: 188.988205 155.685638
[3]: 126.051865 124.603302
[3]: 130.359039 122.442459
[3]: 126.757256 124.990410
[3]: 129.517700 136.959061
[3]: 126.382454 132.554504
[3]: 129.258118 128.384995
[3]: 129.204147 129.326920
[3]: 129.781631 120.673088
[3]: 125.246315 128.321609
[3]: 126.698692 128.891006
[3]: 129.097473 125.635117
[3]: 116.325294 64.354279
[3]: 130.411102 128.957504
[3]: 125.727654 117.774368
[3]: 127.407524 124.986511
[3]: 126.409126 121.671371
[2]: 122.845161 127.894775
[2]: 128.288483 136.264862
[2]: 127.326225 137.254089
[2]: 114.783043 113.327965
[2]: 128.023544 139.689117
[2]: 127.240501 126.364342
[2]: 126.517532 130.981094
[2]: 126.067650 128.233978
[2]: 126.776871 143.741364
[2]: 132.964432 136.178146
[2]: 132.549347 114.198883
[2]: 128.321259 130.096924
[2]: 129.738434 122.856323
[2]: 127.460892 141.394409
[2]: 123.145615 131.694214
[2]: 128.504425 125.654327
[2]: 129.857635 135.343277
[2]: 69.407875 68.268845
[2]: 127.222809 129.859833
[2]: 124.395279 117.726288
[2]: 131.519440 129.149658
[2]: 124.862152 144.983566
[2]: 128.166611 140.783249
[2]: 125.562149 136.607025
[2]: 122.977341 122.202629
[2]: 126.335960 115.770721
[2]: 126.380898 127.232552
[2]: 128.074265 141.488953
[2]: 126.481384 117.123810
[2]: 196.494690 187.028641
[2]: 128.413040 115.487915
[2]: 130.463318 115.701958
[2]: 126.227966 126.823853
[2]: 124.761284 119.795769
[1]: 126.323700 124.435265
[1]: 125.789017 126.022057
[1]: 130.611069 136.218262
[1]: 198.681808 195.582352
[1]: 126.146858 128.496063
[1]: 125.828270 127.885963
[1]: 127.652588 126.182396
[1]: 124.082527 126.707695
[1]: 128.238449 139.348587
[1]: 124.889809 128.695145
[1]: 128.529510 120.969055
[1]: 128.498611 129.116302
[1]: 127.814987 129.162750
[1]: 128.940720 133.181931
[1]: 128.876526 133.151993
[1]: 123.913521 118.258011
[1]: 130.298889 134.611816
[1]: 185.918381 191.817841
[1]: 130.284317 132.786499
[1]: 124.137657 122.490532
[1]: 125.112007 125.744560
[1]: 128.675461 135.743011
[1]: 129.996307 140.021667
[1]: 127.309258 134.113419
[1]: 128.049164 129.365189
[1]: 126.134674 119.186768
[1]: 128.326935 122.164551
[1]: 131.368073 136.165558
[1]: 127.831512 127.482735
[1]: 138.428253 131.550781
[1]: 125.109993 119.676590
[1]: 124.434280 117.413986
[1]: 127.650970 126.122925
[1]: 131.062317 130.843796
[0]: 0.000000 124.891190
[0]: 0.000000 117.632103
[0]: 0.000000 117.247887
[0]: 0.000000 91.521843
[0]: 0.000000 115.437042
[0]: 0.000000 129.795883
[0]: 0.000000 121.578682
[0]: 0.000000 123.861870
[0]: 0.000000 103.972305
[0]: 0.000000 121.032570
[0]: 0.000000 151.454742
[0]: 0.000000 124.158813
[0]: 0.000000 131.248230
[0]: 0.000000 105.238052
[0]: 0.000000 117.011108
[0]: 0.000000 130.063766
[0]: 0.000000 116.268654
[0]: 0.000000 155.970764
[0]: 0.056320 124.307205
[0]: 0.044016 141.321823
[0]: 0.057136 127.129501
[0]: 0.062693 105.662453
[0]: 0.039871 105.882210
[0]: 0.031101 112.333275
[0]: 0.028533 126.447815
[0]: 0.037218 147.295670
[0]: 0.060722 128.576889
[0]: 0.044231 112.386185
[0]: 0.051229 138.924698
[0]: 0.060810 185.904358
[0]: 0.041960 143.981277
[0]: 0.057478 146.401062
[0]: 0.061523 127.767845
[0]: 0.073090 137.356873
