[4]: 132.752701 132.432159
[4]: 128.153336 126.836334
[4]: 124.131126 117.904129
[4]: 129.393265 173.930054
[4]: 128.667068 124.594322
[4]: 126.606163 126.765602
[4]: 128.841339 122.387993
[4]: 128.368866 126.389420
[4]: 125.524132 111.252876
[4]: 130.804169 123.659187
[4]: 135.069901 133.923080
[4]: 127.966942 128.397034
[4]: 125.704239 127.930695
[4]: 125.533760 122.162163
[4]: 127.901093 123.592026
[4]: 129.285812 132.753708
[4]: 124.076828 118.670052
[4]: 57.989731 67.263580
[4]: 126.808090 125.855522
[4]: 127.475609 131.628586
[4]: 127.056419 130.921097
[4]: 129.374130 113.843704
[4]: 122.637550 117.078583
[4]: 126.254234 123.219727
[4]: 126.226768 128.845459
[4]: 126.304688 137.093811
[4]: 129.595444 133.075012
[4]: 127.298973 118.086906
[4]: 126.669380 129.906662
[4]: 67.806099 74.227898
[4]: 126.318741 133.324158
[4]: 131.075424 140.945679
[4]: 129.829712 131.868683
[4]: 126.866241 128.115768
[3]: 125.368980 129.667557
[3]: 127.409439 129.926086
[3]: 128.244339 127.448074
[3]: 127.800667 60.540619
[3]: 129.172791 131.771637
[3]: 127.692184 126.479179
[3]: 127.072197 135.141663
[3]: 127.606590 130.633560
[3]: 129.069885 135.352875
[3]: 120.885681 125.978561
[3]: 118.266655 119.108917
[3]: 126.312943 127.657806
[3]: 132.425278 128.203644
[3]: 131.446045 132.660767
[3]: 126.679619 129.234131
[3]: 127.321983 131.750046
[3]: 130.314926 132.714172
[3]: 196.660507 155.685638
[3]: 128.020203 124.603302
[3]: 125.280182 122.442459
[3]: 126.238060 124.990410
[3]: 126.992500 136.959061
[3]: 130.435913 132.554504
[3]: 129.220367 128.384995
[3]: 129.008530 129.326920
[3]: 129.925110 120.673088
[3]: 126.670197 128.321609
[3]: 127.603256 128.891006
[3]: 126.623070 125.635117
[3]: 66.876198 64.354279
[3]: 131.511185 128.957504
[3]: 124.222092 117.774368
[3]: 126.522598 124.986511
[3]: 129.443542 121.671371
[2]: 126.506996 127.894775
[2]: 130.072693 136.264862
[2]: 130.033157 137.254089
[2]: 122.933571 113.327965
[2]: 132.840317 139.689117
[2]: 129.914474 126.364342
[2]: 128.233673 130.981094
[2]: 126.713768 128.233978
[2]: 128.032120 143.741364
[2]: 124.794647 136.178146
[2]: 58.185295 114.198883
[2]: 127.384842 130.096924
[2]: 127.204582 122.856323
[2]: 123.554466 141.394409
[2]: 128.999619 131.694214
[2]: 128.148148 125.654327
[2]: 129.153046 135.343277
[2]: 120.011223 68.268845
[2]: 127.338150 129.859833
[2]: 124.601288 117.726288
[2]: 130.619217 129.149658
[2]: 128.445084 144.983566
[2]: 128.527512 140.783249
[2]: 126.986969 136.607025
[2]: 125.830505 122.202629
[2]: 128.586975 115.770721
[2]: 129.011932 127.232552
[2]: 127.713318 141.488953
[2]: 126.942795 117.123810
[2]: 187.768906 187.028641
[2]: 124.359108 115.487915
[2]: 123.775169 115.701958
[2]: 125.139503 126.823853
[2]: 127.810127 119.795769
[1]: 2.000000 124.435265
[1]: 238.000000 126.022057
[1]: 67.000000 136.218262
[1]: 43.000000 195.582352
[1]: 156.000000 128.496063
[1]: 168.000000 127.885963
[1]: 112.000000 126.182396
[1]: 5.000000 126.707695
[1]: 74.000000 139.348587
[1]: 4.000000 128.695145
[1]: 252.000000 120.969055
[1]: 220.000000 129.116302
[1]: 106.000000 129.162750
[1]: 176.000000 133.181931
[1]: 98.000000 133.151993
[1]: 219.000000 118.258011
[1]: 132.000000 134.611816
[1]: 254.000000 191.817841
[1]: 217.000000 132.786499
[1]: 101.000000 122.490532
[1]: 65.000000 125.744560
[1]: 93.000000 135.743011
[1]: 105.000000 140.021667
[1]: 151.000000 134.113419
[1]: 60.000000 129.365189
[1]: 190.000000 119.186768
[1]: 192.000000 122.164551
[1]: 38.000000 136.165558
[1]: 235.000000 127.482735
[1]: 232.000000 131.550781
[1]: 3.000000 119.676590
[1]: 215.000000 117.413986
[1]: 82.000000 126.122925
[1]: 9406257588222757437440.000000 130.843796
[0]: 126.996330 124.891190
[0]: 124.303658 117.632103
[0]: 127.130554 117.247887
[0]: 129.920334 91.521843
[0]: 122.156731 115.437042
[0]: 125.519379 129.795883
[0]: 125.313583 121.578682
[0]: 126.221153 123.861870
[0]: 125.873299 103.972305
[0]: 132.194595 121.032570
[0]: 197.284561 151.454742
[0]: 130.058548 124.158813
[0]: 126.057915 131.248230
[0]: 128.493134 105.238052
[0]: 124.886200 117.011108
[0]: 125.848015 130.063766
[0]: 127.340263 116.268654
[0]: 136.217102 155.970764
[0]: 127.957954 124.307205
[0]: 130.161224 141.321823
[0]: 126.429726 127.129501
[0]: 126.401718 105.662453
[0]: 128.871979 105.882210
[0]: 126.200417 112.333275
[0]: 127.998039 126.447815
[0]: 125.933365 147.295670
[0]: 126.136307 128.576889
[0]: 127.951508 112.386185
[0]: 130.342041 138.924698
[0]: 186.975021 185.904358
[0]: 129.945755 143.981277
[0]: 130.139603 146.401062
[0]: 128.476135 127.767845
[0]: 125.563637 137.356873
