[4]: 133.417618 132.432159
[4]: 126.324326 126.836334
[4]: 116.963776 117.904129
[4]: 172.938736 173.930054
[4]: 126.246414 124.594322
[4]: 126.354759 126.765602
[4]: 121.931999 122.387993
[4]: 127.834587 126.389420
[4]: 112.621147 111.252876
[4]: 123.060471 123.659187
[4]: 134.423157 133.923080
[4]: 128.731476 128.397034
[4]: 128.898468 127.930695
[4]: 122.716492 122.162163
[4]: 125.186333 123.592026
[4]: 134.148132 132.753708
[4]: 119.453987 118.670052
[4]: 67.129982 67.263580
[4]: 125.502655 125.855522
[4]: 131.050491 131.628586
[4]: 130.063492 130.921097
[4]: 113.882301 113.843704
[4]: 117.180237 117.078583
[4]: 122.334312 123.219727
[4]: 127.565109 128.845459
[4]: 136.985413 137.093811
[4]: 135.327103 133.075012
[4]: 117.608147 118.086906
[4]: 131.035263 129.906662
[4]: 73.368309 74.227898
[4]: 134.422440 133.324158
[4]: 139.325592 140.945679
[4]: 131.774033 131.868683
[4]: 129.448120 128.115768
[3]: 127.434273 129.667557
[3]: 129.313461 129.926086
[3]: 127.292175 127.448074
[3]: 60.712833 60.540619
[3]: 132.218155 131.771637
[3]: 127.466667 126.479179
[3]: 135.454376 135.141663
[3]: 129.622925 130.633560
[3]: 134.661346 135.352875
[3]: 126.382706 125.978561
[3]: 117.584587 119.108917
[3]: 126.730202 127.657806
[3]: 127.303833 128.203644
[3]: 132.307739 132.660767
[3]: 128.603287 129.234131
[3]: 130.941086 131.750046
[3]: 133.126923 132.714172
[3]: 157.988266 155.685638
[3]: 123.956100 124.603302
[3]: 123.552116 122.442459
[3]: 125.565102 124.990410
[3]: 137.171432 136.959061
[3]: 131.568146 132.554504
[3]: 130.258759 128.384995
[3]: 130.031769 129.326920
[3]: 120.801094 120.673088
[3]: 126.636696 128.321609
[3]: 129.529572 128.891006
[3]: 125.580597 125.635117
[3]: 64.756340 64.354279
[3]: 129.186386 128.957504
[3]: 120.692253 117.774368
[3]: 125.627312 124.986511
[3]: 121.824883 121.671371
[2]: 126.693871 127.894775
[2]: 137.239975 136.264862
[2]: 136.965332 137.254089
[2]: 111.745758 113.327965
[2]: 138.992264 139.689117
[2]: 126.534950 126.364342
[2]: 129.586273 130.981094
[2]: 127.996017 128.233978
[2]: 141.965332 143.741364
[2]: 137.675934 136.178146
[2]: 114.335854 114.198883
[2]: 128.783691 130.096924
[2]: 122.541565 122.856323
[2]: 140.287476 141.394409
[2]: 131.551605 131.694214
[2]: 125.201958 125.654327
[2]: 134.238297 135.343277
[2]: 67.539490 68.268845
[2]: 130.956726 129.859833
[2]: 117.057701 117.726288
[2]: 130.777161 129.149658
[2]: 145.046860 144.983566
[2]: 141.882446 140.783249
[2]: 138.200760 136.607025
[2]: 123.784492 122.202629
[2]: 115.315132 115.770721
[2]: 125.594727 127.232552
[2]: 140.773499 141.488953
[2]: 116.438431 117.123810
[2]: 185.832153 187.028641
[2]: 114.902130 115.487915
[2]: 117.046867 115.701958
[2]: 126.430779 126.823853
[2]: 119.354431 119.795769
[1]: 126.130318 124.435265
[1]: 126.411949 126.022057
[1]: 136.861786 136.218262
[1]: 196.219254 195.582352
[1]: 127.248627 128.496063
[1]: 127.506004 127.885963
[1]: 126.410240 126.182396
[1]: 126.909973 126.707695
[1]: 138.309753 139.348587
[1]: 128.956070 128.695145
[1]: 120.886032 120.969055
[1]: 130.155655 129.116302
[1]: 128.975510 129.162750
[1]: 133.535141 133.181931
[1]: 132.767715 133.151993
[1]: 118.206635 118.258011
[1]: 134.070740 134.611816
[1]: 190.744797 191.817841
[1]: 132.849228 132.786499
[1]: 123.327576 122.490532
[1]: 125.784767 125.744560
[1]: 136.386307 135.743011
[1]: 139.768417 140.021667
[1]: 133.321686 134.113419
[1]: 129.288910 129.365189
[1]: 119.628418 119.186768
[1]: 121.528160 122.164551
[1]: 135.279144 136.165558
[1]: 126.285736 127.482735
[1]: 132.244675 131.550781
[1]: 118.748199 119.676590
[1]: 116.180984 117.413986
[1]: 125.870842 126.122925
[1]: 129.299911 130.843796
[0]: 125.704269 124.891190
[0]: 117.344925 117.632103
[0]: 117.927719 117.247887
[0]: 92.521072 91.521843
[0]: 115.237877 115.437042
[0]: 129.399521 129.795883
[0]: 122.992020 121.578682
[0]: 123.439438 123.861870
[0]: 106.155289 103.972305
[0]: 119.286545 121.032570
[0]: 152.653702 151.454742
[0]: 125.049446 124.158813
[0]: 131.745987 131.248230
[0]: 105.701088 105.238052
[0]: 116.477463 117.011108
[0]: 130.074005 130.063766
[0]: 116.677658 116.268654
[0]: 155.458664 155.970764
[0]: 124.086357 124.307205
[0]: 140.604080 141.321823
[0]: 125.627182 127.129501
[0]: 104.484161 105.662453
[0]: 105.785904 105.882210
[0]: 110.284142 112.333275
[0]: 125.436951 126.447815
[0]: 147.394791 147.295670
[0]: 130.496353 128.576889
[0]: 113.829941 112.386185
[0]: 139.877838 138.924698
[0]: 186.854492 185.904358
[0]: 144.338486 143.981277
[0]: 144.987640 146.401062
[0]: 127.868919 127.767845
[0]: 137.935867 137.356873
