[4]: 137.543701 132.432159
[4]: 126.727470 126.836334
[4]: 120.643967 117.904129
[4]: 163.299835 173.930054
[4]: 128.682938 124.594322
[4]: 123.659523 126.765602
[4]: 124.033096 122.387993
[4]: 127.061157 126.389420
[4]: 118.377686 111.252876
[4]: 123.812340 123.659187
[4]: 137.014038 133.923080
[4]: 131.138245 128.397034
[4]: 127.364265 127.930695
[4]: 127.820724 122.162163
[4]: 123.828278 123.592026
[4]: 133.532639 132.753708
[4]: 117.819962 118.670052
[4]: 65.552841 67.263580
[4]: 128.271851 125.855522
[4]: 130.279175 131.628586
[4]: 125.679962 130.921097
[4]: 112.401634 113.843704
[4]: 119.136955 117.078583
[4]: 122.651443 123.219727
[4]: 126.419930 128.845459
[4]: 132.160446 137.093811
[4]: 137.159683 133.075012
[4]: 124.910553 118.086906
[4]: 130.797928 129.906662
[4]: 67.445709 74.227898
[4]: 134.171188 133.324158
[4]: 134.009003 140.945679
[4]: 128.763077 131.868683
[4]: 130.393860 128.115768
[3]: 122.019226 129.667557
[3]: 129.208511 129.926086
[3]: 123.964355 127.448074
[3]: 65.621758 60.540619
[3]: 132.967957 131.771637
[3]: 129.163895 126.479179
[3]: 137.184631 135.141663
[3]: 129.678864 130.633560
[3]: 132.770187 135.352875
[3]: 126.913246 125.978561
[3]: 110.174461 119.108917
[3]: 123.312637 127.657806
[3]: 127.835709 128.203644
[3]: 128.704575 132.660767
[3]: 130.570084 129.234131
[3]: 133.767136 131.750046
[3]: 136.536133 132.714172
[3]: 170.017303 155.685638
[3]: 119.652596 124.603302
[3]: 123.859818 122.442459
[3]: 128.646423 124.990410
[3]: 143.726685 136.959061
[3]: 131.561676 132.554504
[3]: 133.693130 128.384995
[3]: 134.337952 129.326920
[3]: 124.269463 120.673088
[3]: 124.524673 128.321609
[3]: 125.308716 128.891006
[3]: 120.501518 125.635117
[3]: 70.874878 64.354279
[3]: 126.573135 128.957504
[3]: 127.363503 117.774368
[3]: 126.269226 124.986511
[3]: 121.915009 121.671371
[2]: 123.235085 127.894775
[2]: 134.533188 136.264862
[2]: 133.042801 137.254089
[2]: 107.449860 113.327965
[2]: 135.700165 139.689117
[2]: 130.241714 126.364342
[2]: 127.523193 130.981094
[2]: 129.999847 128.233978
[2]: 138.479691 143.741364
[2]: 139.374329 136.178146
[2]: 111.683456 114.198883
[2]: 123.789986 130.096924
[2]: 126.343094 122.856323
[2]: 134.737198 141.394409
[2]: 131.917450 131.694214
[2]: 123.282646 125.654327
[2]: 135.327789 135.343277
[2]: 66.483368 68.268845
[2]: 129.423767 129.859833
[2]: 121.515076 117.726288
[2]: 133.310989 129.149658
[2]: 148.293030 144.983566
[2]: 138.948761 140.783249
[2]: 136.777878 136.607025
[2]: 125.810684 122.202629
[2]: 121.120117 115.770721
[2]: 120.245552 127.232552
[2]: 133.129181 141.488953
[2]: 117.408157 117.123810
[2]: 186.574814 187.028641
[2]: 117.162529 115.487915
[2]: 120.745468 115.701958
[2]: 130.517960 126.823853
[2]: 117.654793 119.795769
[1]: 131.473938 124.435265
[1]: 127.322548 126.022057
[1]: 138.508347 136.218262
[1]: 196.968369 195.582352
[1]: 125.059319 128.496063
[1]: 127.580956 127.885963
[1]: 125.671204 126.182396
[1]: 124.919952 126.707695
[1]: 137.163330 139.348587
[1]: 130.162613 128.695145
[1]: 122.671280 120.969055
[1]: 133.304443 129.116302
[1]: 126.416992 129.162750
[1]: 135.393097 133.181931
[1]: 138.231674 133.151993
[1]: 115.512062 118.258011
[1]: 134.632050 134.611816
[1]: 187.347549 191.817841
[1]: 134.911575 132.786499
[1]: 122.814919 122.490532
[1]: 129.514282 125.744560
[1]: 137.653564 135.743011
[1]: 138.470062 140.021667
[1]: 131.832153 134.113419
[1]: 125.227478 129.365189
[1]: 118.121170 119.186768
[1]: 117.938545 122.164551
[1]: 132.850433 136.165558
[1]: 125.382660 127.482735
[1]: 137.110336 131.550781
[1]: 119.396820 119.676590
[1]: 113.712486 117.413986
[1]: 132.286957 126.122925
[1]: 124.915604 130.843796
[0]: 124.548058 124.891190
[0]: 118.700569 117.632103
[0]: 120.201485 117.247887
[0]: 99.828636 91.521843
[0]: 117.432472 115.437042
[0]: 126.512177 129.795883
[0]: 122.121521 121.578682
[0]: 124.167351 123.861870
[0]: 107.181229 103.972305
[0]: 114.447403 121.032570
[0]: 158.770050 151.454742
[0]: 128.042694 124.158813
[0]: 131.648804 131.248230
[0]: 107.752510 105.238052
[0]: 109.421913 117.011108
[0]: 132.499527 130.063766
[0]: 113.307030 116.268654
[0]: 155.768143 155.970764
[0]: 125.026451 124.307205
[0]: 136.839279 141.321823
[0]: 120.032913 127.129501
[0]: 94.270103 105.662453
[0]: 108.410217 105.882210
[0]: 109.310608 112.333275
[0]: 124.425056 126.447815
[0]: 144.157837 147.295670
[0]: 140.235092 128.576889
[0]: 121.426712 112.386185
[0]: 145.824524 138.924698
[0]: 181.299438 185.904358
[0]: 144.340988 143.981277
[0]: 141.974854 146.401062
[0]: 118.725189 127.767845
[0]: 143.663559 137.356873
