[4]: 133.653244 132.432159
[4]: 125.889221 126.836334
[4]: 116.995033 117.904129
[4]: 173.002136 173.930054
[4]: 126.848297 124.594322
[4]: 126.658440 126.765602
[4]: 122.090118 122.387993
[4]: 128.201614 126.389420
[4]: 113.786568 111.252876
[4]: 123.383507 123.659187
[4]: 135.196014 133.923080
[4]: 128.830322 128.397034
[4]: 129.081131 127.930695
[4]: 122.905388 122.162163
[4]: 125.084526 123.592026
[4]: 134.509888 132.753708
[4]: 120.710716 118.670052
[4]: 67.689667 67.263580
[4]: 125.152092 125.855522
[4]: 130.703613 131.628586
[4]: 130.223297 130.921097
[4]: 113.445480 113.843704
[4]: 117.292831 117.078583
[4]: 122.207680 123.219727
[4]: 127.823463 128.845459
[4]: 137.114410 137.093811
[4]: 135.819443 133.075012
[4]: 118.004417 118.086906
[4]: 130.814484 129.906662
[4]: 72.933533 74.227898
[4]: 134.478363 133.324158
[4]: 138.990219 140.945679
[4]: 131.907669 131.868683
[4]: 130.187653 128.115768
[3]: 126.597916 129.667557
[3]: 129.122025 129.926086
[3]: 127.304947 127.448074
[3]: 60.719788 60.540619
[3]: 131.884003 131.771637
[3]: 127.376015 126.479179
[3]: 135.219009 135.141663
[3]: 129.500854 130.633560
[3]: 134.184250 135.352875
[3]: 125.989357 125.978561
[3]: 117.077408 119.108917
[3]: 126.191612 127.657806
[3]: 127.315903 128.203644
[3]: 132.289062 132.660767
[3]: 128.805267 129.234131
[3]: 130.584305 131.750046
[3]: 132.762131 132.714172
[3]: 158.387833 155.685638
[3]: 123.920166 124.603302
[3]: 124.093689 122.442459
[3]: 125.771919 124.990410
[3]: 137.971741 136.959061
[3]: 131.640808 132.554504
[3]: 130.533966 128.384995
[3]: 130.165146 129.326920
[3]: 120.675247 120.673088
[3]: 125.756340 128.321609
[3]: 129.757751 128.891006
[3]: 125.726051 125.635117
[3]: 65.081009 64.354279
[3]: 128.945053 128.957504
[3]: 121.488419 117.774368
[3]: 125.730118 124.986511
[3]: 121.167580 121.671371
[2]: 126.392342 127.894775
[2]: 137.389877 136.264862
[2]: 136.322739 137.254089
[2]: 111.874344 113.327965
[2]: 137.882462 139.689117
[2]: 126.102562 126.364342
[2]: 129.425232 130.981094
[2]: 127.761185 128.233978
[2]: 141.157990 143.741364
[2]: 137.576996 136.178146
[2]: 113.738335 114.198883
[2]: 128.729172 130.096924
[2]: 122.510269 122.856323
[2]: 140.192474 141.394409
[2]: 131.643570 131.694214
[2]: 125.522453 125.654327
[2]: 133.505814 135.343277
[2]: 67.017441 68.268845
[2]: 131.004700 129.859833
[2]: 117.289062 117.726288
[2]: 130.718109 129.149658
[2]: 145.378967 144.983566
[2]: 141.509628 140.783249
[2]: 137.918381 136.607025
[2]: 123.666031 122.202629
[2]: 116.000000 115.770721
[2]: 125.100655 127.232552
[2]: 140.949600 141.488953
[2]: 116.646278 117.123810
[2]: 185.767715 187.028641
[2]: 115.600410 115.487915
[2]: 116.506607 115.701958
[2]: 126.354752 126.823853
[2]: 118.193024 119.795769
[1]: 126.608643 124.435265
[1]: 126.959183 126.022057
[1]: 137.443832 136.218262
[1]: 196.049286 195.582352
[1]: 127.133247 128.496063
[1]: 127.535103 127.885963
[1]: 126.669205 126.182396
[1]: 126.173828 126.707695
[1]: 138.305679 139.348587
[1]: 128.574829 128.695145
[1]: 120.504860 120.969055
[1]: 130.299072 129.116302
[1]: 128.475937 129.162750
[1]: 133.349136 133.181931
[1]: 132.645721 133.151993
[1]: 118.242554 118.258011
[1]: 134.095306 134.611816
[1]: 190.834335 191.817841
[1]: 133.181534 132.786499
[1]: 123.341759 122.490532
[1]: 126.038948 125.744560
[1]: 136.776566 135.743011
[1]: 139.684296 140.021667
[1]: 133.659180 134.113419
[1]: 128.962067 129.365189
[1]: 119.176086 119.186768
[1]: 121.273651 122.164551
[1]: 135.172745 136.165558
[1]: 126.149422 127.482735
[1]: 133.041443 131.550781
[1]: 118.961754 119.676590
[1]: 115.994400 117.413986
[1]: 125.773224 126.122925
[1]: 129.487518 130.843796
[0]: 126.120483 124.891190
[0]: 117.231155 117.632103
[0]: 117.992081 117.247887
[0]: 92.400169 91.521843
[0]: 116.241737 115.437042
[0]: 129.614975 129.795883
[0]: 122.982613 121.578682
[0]: 124.227715 123.861870
[0]: 106.345779 103.972305
[0]: 119.895615 121.032570
[0]: 153.442947 151.454742
[0]: 125.429344 124.158813
[0]: 132.133041 131.248230
[0]: 105.809212 105.238052
[0]: 116.404305 117.011108
[0]: 129.622116 130.063766
[0]: 116.510582 116.268654
[0]: 155.592941 155.970764
[0]: 124.107399 124.307205
[0]: 140.126770 141.321823
[0]: 124.978310 127.129501
[0]: 103.330376 105.662453
[0]: 106.117813 105.882210
[0]: 110.050606 112.333275
[0]: 125.503784 126.447815
[0]: 147.128143 147.295670
[0]: 131.684509 128.576889
[0]: 113.113686 112.386185
[0]: 139.901199 138.924698
[0]: 186.556458 185.904358
[0]: 143.533813 143.981277
[0]: 145.209900 146.401062
[0]: 127.771088 127.767845
[0]: 138.905945 137.356873
