[4]: 132.432159 134.222397
[4]: 126.836334 126.302719
[4]: 117.904129 116.508377
[4]: 173.930054 175.336700
[4]: 124.594322 126.871338
[4]: 126.765602 126.810936
[4]: 122.387993 121.285820
[4]: 126.389420 128.928253
[4]: 111.252876 114.249939
[4]: 123.659187 121.898323
[4]: 133.923080 136.475754
[4]: 128.397034 127.970001
[4]: 127.930695 127.894196
[4]: 122.162163 122.763313
[4]: 123.592026 125.379951
[4]: 132.753708 133.879837
[4]: 118.670052 118.148666
[4]: 67.263580 68.341774
[4]: 125.855522 125.477737
[4]: 131.628586 130.797928
[4]: 130.921097 129.168106
[4]: 113.843704 116.221207
[4]: 117.078583 117.460197
[4]: 123.219727 123.781647
[4]: 128.845459 125.925308
[4]: 137.093811 138.050079
[4]: 133.075012 133.966034
[4]: 118.086906 118.831894
[4]: 129.906662 132.484955
[4]: 74.227898 73.268753
[4]: 133.324158 133.873169
[4]: 140.945679 137.907776
[4]: 131.868683 132.169144
[4]: 128.115768 129.527817
[3]: 129.667557 128.340240
[3]: 129.926086 129.668869
[3]: 127.448074 127.881371
[3]: 60.540619 61.112011
[3]: 131.771637 130.990189
[3]: 126.479179 126.928856
[3]: 135.141663 135.919662
[3]: 130.633560 129.620850
[3]: 135.352875 134.134659
[3]: 125.978561 127.026466
[3]: 119.108917 116.446022
[3]: 127.657806 127.250412
[3]: 128.203644 128.651199
[3]: 132.660767 131.645676
[3]: 129.234131 127.297264
[3]: 131.750046 132.409592
[3]: 132.714172 134.188446
[3]: 155.685638 157.247375
[3]: 124.603302 124.195923
[3]: 122.442459 123.031525
[3]: 124.990410 126.853508
[3]: 136.959061 136.022568
[3]: 132.554504 132.036423
[3]: 128.384995 128.611191
[3]: 129.326920 130.527359
[3]: 120.673088 120.247452
[3]: 128.321609 127.122749
[3]: 128.891006 128.230637
[3]: 125.635117 124.843384
[3]: 64.354279 64.429749
[3]: 128.957504 129.902466
[3]: 117.774368 120.955322
[3]: 124.986511 125.582863
[3]: 121.671371 121.279602
[2]: 127.894775 125.963066
[2]: 136.264862 135.566803
[2]: 137.254089 137.875778
[2]: 113.327965 110.762825
[2]: 139.689117 138.114532
[2]: 126.364342 126.724464
[2]: 130.981094 129.688644
[2]: 128.233978 126.612549
[2]: 143.741364 141.123672
[2]: 136.178146 138.668625
[2]: 114.198883 112.109612
[2]: 130.096924 130.069427
[2]: 122.856323 123.859016
[2]: 141.394409 139.653458
[2]: 131.694214 132.514450
[2]: 125.654327 125.991425
[2]: 135.343277 135.943130
[2]: 68.268845 67.215645
[2]: 129.859833 130.711121
[2]: 117.726288 118.675301
[2]: 129.149658 131.115494
[2]: 144.983566 143.345352
[2]: 140.783249 141.610886
[2]: 136.607025 137.789917
[2]: 122.202629 125.180145
[2]: 115.770721 115.156952
[2]: 127.232552 126.528915
[2]: 141.488953 139.071167
[2]: 117.123810 113.923988
[2]: 187.028641 185.513107
[2]: 115.487915 115.366959
[2]: 115.701958 118.699127
[2]: 126.823853 126.336060
[2]: 119.795769 118.398964
[1]: 124.435265 125.320511
[1]: 126.022057 127.370964
[1]: 136.218262 137.670532
[1]: 195.582352 195.231140
[1]: 128.496063 127.898407
[1]: 127.885963 127.860413
[1]: 126.182396 127.090538
[1]: 126.707695 125.236748
[1]: 139.348587 138.020477
[1]: 128.695145 128.874344
[1]: 120.969055 120.174156
[1]: 129.116302 129.583496
[1]: 129.162750 128.882050
[1]: 133.181931 134.207397
[1]: 133.151993 132.909531
[1]: 118.258011 117.539665
[1]: 134.611816 135.288361
[1]: 191.817841 191.302216
[1]: 132.786499 133.646393
[1]: 122.490532 122.272247
[1]: 125.744560 126.604050
[1]: 135.743011 136.118027
[1]: 140.021667 138.838303
[1]: 134.113419 133.697083
[1]: 129.365189 130.247574
[1]: 119.186768 118.512108
[1]: 122.164551 121.170029
[1]: 136.165558 136.242584
[1]: 127.482735 126.117943
[1]: 131.550781 134.431213
[1]: 119.676590 119.688591
[1]: 117.413986 116.441574
[1]: 126.122925 126.196106
[1]: 130.843796 129.119034
[0]: 124.891190 125.517601
[0]: 117.632103 117.647820
[0]: 117.247887 115.864532
[0]: 91.521843 92.427147
[0]: 115.437042 116.046043
[0]: 129.795883 128.909286
[0]: 121.578682 122.235565
[0]: 123.861870 125.577499
[0]: 103.972305 106.087959
[0]: 121.032570 118.798088
[0]: 151.454742 155.032440
[0]: 124.158813 124.548759
[0]: 131.248230 130.061447
[0]: 105.238052 106.219643
[0]: 117.011108 116.486183
[0]: 130.063766 128.579132
[0]: 116.268654 113.663223
[0]: 155.970764 155.060760
[0]: 124.307205 123.257339
[0]: 141.321823 140.945953
[0]: 127.129501 123.890182
[0]: 105.662453 105.204750
[0]: 105.882210 106.203804
[0]: 112.333275 110.489716
[0]: 126.447815 124.098457
[0]: 147.295670 148.365784
[0]: 128.576889 130.818481
[0]: 112.386185 114.648766
[0]: 138.924698 142.114044
[0]: 185.904358 185.492645
[0]: 143.981277 142.643433
[0]: 146.401062 144.236771
[0]: 127.767845 127.246323
[0]: 137.356873 139.790085
