[19]: 1999  8 27  6 15 FLORENCE    7.1   5.2  125  119 1953  1  7  6 28 FLORENCE    7.9 316.8   26  177
[18]: 1990 11 26  6 15 TONY        7.2   5.6  132  735 1996 11  6  0  8 CHRIS      34.7 293.8  107   60
[17]: 1990 11 26  6 15 TONY        7.2   5.6  132  735 1977 12 10  0 24 GORDON     30.7 347.9   38  590
[16]: 1976  8  7  6 14 BERYL       7.2   4.6   90   20 1996  7 19  0  9 LESLIE     24.6 280.2   75  125
[15]: 1978 12 14  0  5 JOYCE       7.1   4.3   43  618 1995  6  5 18  2 LESLIE     26.8 304.6  153  460
[14]: 1999  8 27  6 15 FLORENCE    7.1   5.2  125  119 1953  4 25 18 14 PATTY      60.5  34.5   88  541
[13]: 2003 10 15 18  7 GORDON      7.0   5.5   96  195 1988 10 22  0 15 KIRK       52.1  34.6   97  535
[12]: 1964  6 25 12  9 ISAAC       7.1   5.8  132  283 1991  7 19 18 28 GORDON     35.0 349.6   72  729
[11]: 1970  1 28 12 11 ISAAC       7.0   6.0   78   92 1987 10 16 12  2 ISAAC      43.0 133.6   49   39
[10]: 1962  1 15  0 20 OSCAR       7.2   4.7   94  108 1981  1 11 12 26 OSCAR      33.6 236.1  116  642
[9]: 1975  9 11  6 10 ALBERTO     7.2   5.5   37  230 1950  3  7 12 14 MICHAEL    59.1  42.6   62  151
[8]: 1975  9 11  6 10 ALBERTO     7.2   5.5   37  230 1956  5  5 12  5 ALBERTO    42.9 299.5   96  545
[7]: 2003 10 15 18  7 GORDON      7.0   5.5   96  195 1998  4 19  6  4 ISAAC      42.7 319.5   67  271
[6]: 1964  6 25 12  9 ISAAC       7.1   5.8  132  283 1969  6 18  0 15 MICHAEL    66.7 242.2   76  240
[5]: 1978 12 14  0  5 JOYCE       7.1   4.3   43  618 1971  6 18  6  5 PATTY      43.9 311.7   97  132
[4]: 1962  1 15  0 20 OSCAR       7.2   4.7   94  108 1961  3 11  6 15 BERYL      13.8  59.8   19  143
[3]: 2004  1 24 18 16 LESLIE      7.2   5.0   27  621 1985  6 16  6  5 CHRIS       8.5 233.9   90  337
[2]: 1970  1 28 12 11 ISAAC       7.0   6.0   78   92 1960  1  8 12  9 OSCAR      36.0  23.2   28   51
[1]: 2004  1 24 18 16 LESLIE      7.2   5.0   27  621 1985  3  7 12 23 JOYCE      35.8  21.1   62  427
[0]: 1976  8  7  6 14 BERYL       7.2   4.6   90   20 1954 10 15 18 27 GORDON     32.3  42.9  108  866
