[19]: 1978  3  2 18 13 PATTY       7.4   4.9  143   66 1976  8  7  6 14 BERYL       7.2   4.6   90   20
[18]: 1999  8 27  6 15 FLORENCE    7.1   5.2  125  119 1977  3 26 18 22 TONY        7.3   5.1   89   15
[17]: 1993  9  8 18  4 JOYCE       7.5   5.3   22  464 1972 11 14  6 27 HELENE      7.5   5.4   44  599
[16]: 1977  3 26 18 22 TONY        7.3   5.1   89   15 1980  6 16  6  8 WILLIAM     7.3   5.2   34  549
[15]: 1950  1  3 12 20 MICHAEL     7.3   4.8  155  176 1993  9  8 18  4 JOYCE       7.5   5.3   22  464
[13]: 1950  1  3 12 20 MICHAEL     7.3   4.8  155  176 1975  9 11  6 10 ALBERTO     7.2   5.5   37  230
[12]: 2004  1 24 18 16 LESLIE      7.2   5.0   27  621 1970  7  1  6 10 JOYCE       7.5   5.7  148  896
[11]: 1978  3  2 18 13 PATTY       7.4   4.9  143   66 1968  8 15 18 15 CHRIS       7.2   5.9   86  339
[10]: 1962  1 15  0 20 OSCAR       7.2   4.7   94  108 1976  6  3 12  8 JOYCE       7.3   6.0   77  627
[9]: 1984  7  5  6  9 KIRK        7.4   5.3   22  539 1954 10 12 12  6 LESLIE      7.3   5.6   61  515
[8]: 1980  6 16  6  8 WILLIAM     7.3   5.2   34  549 1996  1 17 18 12 VALERIE     7.6   5.2  150  218
[7]: 1979 11  6 18 23 LESLIE      7.4   5.3  107  429 2004  1 24 18 16 LESLIE      7.2   5.0   27  621
[6]: 1999  8 27  6 15 FLORENCE    7.1   5.2  125  119 1970 12 27  6 27 ERNESTO     7.5   5.7  114  793
[5]: 2004  3 22  6 25 LESLIE      7.4   4.6   24  315 1950  1  3 12 20 MICHAEL     7.3   4.8  155  176
[4]: 1984  7  5  6  9 KIRK        7.4   5.3   22  539 1996  3 18 12 24 SANDY       7.0   6.2   30  707
[3]: 1993  9  8 18  4 JOYCE       7.5   5.3   22  464 1999  8 27  6 15 FLORENCE    7.1   5.2  125  119
[2]: 1995  1 20 12 14 OSCAR       7.5   5.2   79  758 1990 11 26  6 15 TONY        7.2   5.6  132  735
[1]: 1962  1 15  0 20 OSCAR       7.2   4.7   94  108 1990 11 26  6 15 TONY        7.2   5.6  132  735
[0]: 1976  8  7  6 14 BERYL       7.2   4.6   90   20 1978 12 14  0  5 JOYCE       7.1   4.3   43  618
