[4]: 133.659729 132.432159
[4]: 126.155426 126.836334
[4]: 116.768555 117.904129
[4]: 172.762878 173.930054
[4]: 126.542152 124.594322
[4]: 126.597191 126.765602
[4]: 122.297371 122.387993
[4]: 127.958603 126.389420
[4]: 113.421654 111.252876
[4]: 123.267563 123.659187
[4]: 134.872879 133.923080
[4]: 128.872559 128.397034
[4]: 128.967911 127.930695
[4]: 122.720840 122.162163
[4]: 125.124992 123.592026
[4]: 134.324814 132.753708
[4]: 120.381752 118.670052
[4]: 67.366371 67.263580
[4]: 125.507843 125.855522
[4]: 130.642303 131.628586
[4]: 129.973740 130.921097
[4]: 113.588989 113.843704
[4]: 117.083435 117.078583
[4]: 121.950478 123.219727
[4]: 127.780067 128.845459
[4]: 136.897247 137.093811
[4]: 135.444122 133.075012
[4]: 118.200142 118.086906
[4]: 130.739609 129.906662
[4]: 73.027916 74.227898
[4]: 134.173569 133.324158
[4]: 139.042114 140.945679
[4]: 131.894882 131.868683
[4]: 130.004333 128.115768
[3]: 126.896935 129.667557
[3]: 129.196533 129.926086
[3]: 127.266991 127.448074
[3]: 60.829445 60.540619
[3]: 132.078171 131.771637
[3]: 127.452682 126.479179
[3]: 135.130997 135.141663
[3]: 129.712341 130.633560
[3]: 134.399231 135.352875
[3]: 126.220177 125.978561
[3]: 117.106659 119.108917
[3]: 126.308571 127.657806
[3]: 127.416557 128.203644
[3]: 132.326981 132.660767
[3]: 128.778885 129.234131
[3]: 130.438095 131.750046
[3]: 132.856674 132.714172
[3]: 158.757202 155.685638
[3]: 123.864792 124.603302
[3]: 124.147224 122.442459
[3]: 125.743698 124.990410
[3]: 137.782715 136.959061
[3]: 131.745499 132.554504
[3]: 130.672546 128.384995
[3]: 130.153397 129.326920
[3]: 120.917686 120.673088
[3]: 126.084496 128.321609
[3]: 129.643204 128.891006
[3]: 125.512520 125.635117
[3]: 65.336662 64.354279
[3]: 129.060547 128.957504
[3]: 121.299835 117.774368
[3]: 125.678551 124.986511
[3]: 121.381912 121.671371
[2]: 126.855034 127.894775
[2]: 137.220245 136.264862
[2]: 136.745148 137.254089
[2]: 111.656601 113.327965
[2]: 138.477737 139.689117
[2]: 126.424278 126.364342
[2]: 128.914490 130.981094
[2]: 128.247421 128.233978
[2]: 141.773834 143.741364
[2]: 137.957077 136.178146
[2]: 114.028214 114.198883
[2]: 128.508194 130.096924
[2]: 122.368500 122.856323
[2]: 140.488297 141.394409
[2]: 131.582993 131.694214
[2]: 125.393509 125.654327
[2]: 133.590027 135.343277
[2]: 67.099739 68.268845
[2]: 130.671539 129.859833
[2]: 117.552383 117.726288
[2]: 131.063049 129.149658
[2]: 145.084000 144.983566
[2]: 141.924393 140.783249
[2]: 138.165588 136.607025
[2]: 123.798607 122.202629
[2]: 115.639015 115.770721
[2]: 125.457367 127.232552
[2]: 140.447052 141.488953
[2]: 116.421562 117.123810
[2]: 185.774872 187.028641
[2]: 115.458084 115.487915
[2]: 116.653961 115.701958
[2]: 126.313118 126.823853
[2]: 118.722450 119.795769
[1]: 126.268074 124.435265
[1]: 126.855621 126.022057
[1]: 137.309982 136.218262
[1]: 196.355850 195.582352
[1]: 127.218475 128.496063
[1]: 127.585602 127.885963
[1]: 126.721970 126.182396
[1]: 126.004272 126.707695
[1]: 137.993698 139.348587
[1]: 128.435547 128.695145
[1]: 120.584435 120.969055
[1]: 130.444565 129.116302
[1]: 128.452347 129.162750
[1]: 133.333542 133.181931
[1]: 132.640564 133.151993
[1]: 118.504662 118.258011
[1]: 134.041672 134.611816
[1]: 190.605347 191.817841
[1]: 133.283630 132.786499
[1]: 123.199425 122.490532
[1]: 125.857254 125.744560
[1]: 136.926132 135.743011
[1]: 139.746613 140.021667
[1]: 133.602859 134.113419
[1]: 128.845978 129.365189
[1]: 119.310059 119.186768
[1]: 121.362930 122.164551
[1]: 135.186676 136.165558
[1]: 126.321182 127.482735
[1]: 132.999527 131.550781
[1]: 118.743118 119.676590
[1]: 116.098122 117.413986
[1]: 125.832764 126.122925
[1]: 129.173691 130.843796
[0]: 125.663284 124.891190
[0]: 117.194206 117.632103
[0]: 118.014023 117.247887
[0]: 92.645309 91.521843
[0]: 115.658035 115.437042
[0]: 129.188782 129.795883
[0]: 123.326828 121.578682
[0]: 123.919838 123.861870
[0]: 106.229721 103.972305
[0]: 119.560936 121.032570
[0]: 153.331726 151.454742
[0]: 125.342308 124.158813
[0]: 132.303177 131.248230
[0]: 105.712563 105.238052
[0]: 116.478287 117.011108
[0]: 129.814575 130.063766
[0]: 116.744560 116.268654
[0]: 155.338348 155.970764
[0]: 124.054359 124.307205
[0]: 139.973770 141.321823
[0]: 125.131760 127.129501
[0]: 103.579430 105.662453
[0]: 105.767265 105.882210
[0]: 110.014366 112.333275
[0]: 125.526962 126.447815
[0]: 147.306702 147.295670
[0]: 131.244690 128.576889
[0]: 113.603683 112.386185
[0]: 140.227310 138.924698
[0]: 186.611511 185.904358
[0]: 144.073624 143.981277
[0]: 145.056854 146.401062
[0]: 127.823082 127.767845
[0]: 138.647537 137.356873
