[4]: 133.647293 132.432159
[4]: 126.175453 126.836334
[4]: 116.702194 117.904129
[4]: 172.776749 173.930054
[4]: 126.596954 124.594322
[4]: 126.683815 126.765602
[4]: 122.285103 122.387993
[4]: 128.002762 126.389420
[4]: 113.599480 111.252876
[4]: 123.230988 123.659187
[4]: 135.098770 133.923080
[4]: 128.783691 128.397034
[4]: 128.962372 127.930695
[4]: 122.636871 122.162163
[4]: 125.016647 123.592026
[4]: 134.299225 132.753708
[4]: 120.399261 118.670052
[4]: 67.375359 67.263580
[4]: 125.505676 125.855522
[4]: 130.618805 131.628586
[4]: 129.970581 130.921097
[4]: 113.646179 113.843704
[4]: 117.076286 117.078583
[4]: 121.952271 123.219727
[4]: 127.796387 128.845459
[4]: 136.817062 137.093811
[4]: 135.373856 133.075012
[4]: 118.298988 118.086906
[4]: 130.663620 129.906662
[4]: 72.938148 74.227898
[4]: 134.064056 133.324158
[4]: 139.106506 140.945679
[4]: 131.993134 131.868683
[4]: 130.168900 128.115768
[3]: 126.816849 129.667557
[3]: 129.131989 129.926086
[3]: 127.247192 127.448074
[3]: 60.911858 60.540619
[3]: 132.043213 131.771637
[3]: 127.341965 126.479179
[3]: 135.203354 135.141663
[3]: 129.724960 130.633560
[3]: 134.393921 135.352875
[3]: 126.182602 125.978561
[3]: 116.975121 119.108917
[3]: 126.309753 127.657806
[3]: 127.476913 128.203644
[3]: 132.379410 132.660767
[3]: 128.842041 129.234131
[3]: 130.607330 131.750046
[3]: 132.907959 132.714172
[3]: 158.803818 155.685638
[3]: 123.810295 124.603302
[3]: 124.107880 122.442459
[3]: 125.839622 124.990410
[3]: 137.831039 136.959061
[3]: 131.767792 132.554504
[3]: 130.715363 128.384995
[3]: 130.241028 129.326920
[3]: 121.044930 120.673088
[3]: 125.985802 128.321609
[3]: 129.659134 128.891006
[3]: 125.716225 125.635117
[3]: 65.375114 64.354279
[3]: 129.156555 128.957504
[3]: 121.244225 117.774368
[3]: 125.638535 124.986511
[3]: 121.364662 121.671371
[2]: 126.883759 127.894775
[2]: 137.177628 136.264862
[2]: 136.696625 137.254089
[2]: 111.598518 113.327965
[2]: 138.329468 139.689117
[2]: 126.402763 126.364342
[2]: 128.915451 130.981094
[2]: 128.240784 128.233978
[2]: 141.604584 143.741364
[2]: 137.973419 136.178146
[2]: 114.001999 114.198883
[2]: 128.524185 130.096924
[2]: 122.384239 122.856323
[2]: 140.450180 141.394409
[2]: 131.640274 131.694214
[2]: 125.306480 125.654327
[2]: 133.589661 135.343277
[2]: 67.109772 68.268845
[2]: 130.794510 129.859833
[2]: 117.697990 117.726288
[2]: 130.960724 129.149658
[2]: 145.240143 144.983566
[2]: 141.903244 140.783249
[2]: 138.039764 136.607025
[2]: 123.730324 122.202629
[2]: 115.629089 115.770721
[2]: 125.520996 127.232552
[2]: 140.366516 141.488953
[2]: 116.446510 117.123810
[2]: 185.790283 187.028641
[2]: 115.626457 115.487915
[2]: 116.512375 115.701958
[2]: 126.326920 126.823853
[2]: 118.542549 119.795769
[1]: 126.308876 124.435265
[1]: 126.813698 126.022057
[1]: 137.375565 136.218262
[1]: 196.329010 195.582352
[1]: 127.271103 128.496063
[1]: 127.566917 127.885963
[1]: 126.641304 126.182396
[1]: 125.923752 126.707695
[1]: 137.948853 139.348587
[1]: 128.361191 128.695145
[1]: 120.567467 120.969055
[1]: 130.447769 129.116302
[1]: 128.422745 129.162750
[1]: 133.309570 133.181931
[1]: 132.579514 133.151993
[1]: 118.571663 118.258011
[1]: 134.034042 134.611816
[1]: 190.606400 191.817841
[1]: 133.342834 132.786499
[1]: 123.154984 122.490532
[1]: 125.906113 125.744560
[1]: 136.958572 135.743011
[1]: 139.785721 140.021667
[1]: 133.603302 134.113419
[1]: 128.804672 129.365189
[1]: 119.287498 119.186768
[1]: 121.386909 122.164551
[1]: 135.263718 136.165558
[1]: 126.261856 127.482735
[1]: 133.156921 131.550781
[1]: 118.726257 119.676590
[1]: 116.127388 117.413986
[1]: 125.798927 126.122925
[1]: 129.101349 130.843796
[0]: 125.690666 124.891190
[0]: 117.311058 117.632103
[0]: 118.057442 117.247887
[0]: 92.617294 91.521843
[0]: 115.709351 115.437042
[0]: 129.263351 129.795883
[0]: 123.337753 121.578682
[0]: 123.948761 123.861870
[0]: 106.218826 103.972305
[0]: 119.683342 121.032570
[0]: 153.334137 151.454742
[0]: 125.413193 124.158813
[0]: 132.270676 131.248230
[0]: 105.766014 105.238052
[0]: 116.510765 117.011108
[0]: 129.685928 130.063766
[0]: 116.650276 116.268654
[0]: 155.312958 155.970764
[0]: 123.908714 124.307205
[0]: 139.965988 141.321823
[0]: 125.080605 127.129501
[0]: 103.196777 105.662453
[0]: 105.675941 105.882210
[0]: 110.060539 112.333275
[0]: 125.532379 126.447815
[0]: 147.336899 147.295670
[0]: 131.348175 128.576889
[0]: 113.440063 112.386185
[0]: 140.155350 138.924698
[0]: 186.477875 185.904358
[0]: 143.964600 143.981277
[0]: 145.213577 146.401062
[0]: 127.787292 127.767845
[0]: 138.787460 137.356873
