[4]: 132.936295 132.432159
[4]: 126.801422 126.836334
[4]: 117.633957 117.904129
[4]: 173.764221 173.930054
[4]: 124.842499 124.594322
[4]: 126.675507 126.765602
[4]: 122.215752 122.387993
[4]: 126.349663 126.389420
[4]: 111.469254 111.252876
[4]: 123.649467 123.659187
[4]: 133.872177 133.923080
[4]: 128.635620 128.397034
[4]: 128.339935 127.930695
[4]: 122.380844 122.162163
[4]: 123.787575 123.592026
[4]: 132.953461 132.753708
[4]: 118.873367 118.670052
[4]: 67.218201 67.263580
[4]: 125.448914 125.855522
[4]: 131.955124 131.628586
[4]: 130.687302 130.921097
[4]: 113.695686 113.843704
[4]: 117.107086 117.078583
[4]: 122.996674 123.219727
[4]: 128.744675 128.845459
[4]: 137.011398 137.093811
[4]: 133.470520 133.075012
[4]: 118.298935 118.086906
[4]: 130.194458 129.906662
[4]: 74.322830 74.227898
[4]: 133.560974 133.324158
[4]: 140.559555 140.945679
[4]: 132.028336 131.868683
[4]: 128.019791 128.115768
[3]: 129.204788 129.667557
[3]: 129.888443 129.926086
[3]: 127.223648 127.448074
[3]: 60.591595 60.540619
[3]: 131.711334 131.771637
[3]: 126.911285 126.479179
[3]: 135.315094 135.141663
[3]: 130.654434 130.633560
[3]: 135.115524 135.352875
[3]: 125.702919 125.978561
[3]: 118.789757 119.108917
[3]: 127.321793 127.657806
[3]: 127.595802 128.203644
[3]: 132.613266 132.660767
[3]: 129.141571 129.234131
[3]: 131.689819 131.750046
[3]: 132.590271 132.714172
[3]: 155.895538 155.685638
[3]: 124.404976 124.603302
[3]: 122.386261 122.442459
[3]: 125.204010 124.990410
[3]: 136.840195 136.959061
[3]: 132.178131 132.554504
[3]: 128.840576 128.384995
[3]: 129.302231 129.326920
[3]: 120.837540 120.673088
[3]: 128.309326 128.321609
[3]: 128.913162 128.891006
[3]: 125.732613 125.635117
[3]: 64.288040 64.354279
[3]: 129.144058 128.957504
[3]: 117.931007 117.774368
[3]: 124.949562 124.986511
[3]: 122.013565 121.671371
[2]: 127.622444 127.894775
[2]: 136.485947 136.264862
[2]: 137.462967 137.254089
[2]: 112.886650 113.327965
[2]: 139.837326 139.689117
[2]: 126.115738 126.364342
[2]: 131.012848 130.981094
[2]: 128.037430 128.233978
[2]: 143.277618 143.741364
[2]: 136.175919 136.178146
[2]: 114.675369 114.198883
[2]: 129.150787 130.096924
[2]: 122.389771 122.856323
[2]: 141.543350 141.394409
[2]: 131.925919 131.694214
[2]: 125.532570 125.654327
[2]: 134.839157 135.343277
[2]: 68.242416 68.268845
[2]: 130.205383 129.859833
[2]: 117.102890 117.726288
[2]: 129.936310 129.149658
[2]: 145.020355 144.983566
[2]: 140.909805 140.783249
[2]: 137.293579 136.607025
[2]: 122.069687 122.202629
[2]: 115.887054 115.770721
[2]: 126.537994 127.232552
[2]: 140.989151 141.488953
[2]: 116.962646 117.123810
[2]: 186.965195 187.028641
[2]: 115.468552 115.487915
[2]: 116.418022 115.701958
[2]: 126.315773 126.823853
[2]: 119.619728 119.795769
[1]: 124.532310 124.435265
[1]: 126.248131 126.022057
[1]: 136.423462 136.218262
[1]: 195.620682 195.582352
[1]: 128.395355 128.496063
[1]: 127.753815 127.885963
[1]: 126.231705 126.182396
[1]: 126.961304 126.707695
[1]: 139.397079 139.348587
[1]: 128.954071 128.695145
[1]: 121.029510 120.969055
[1]: 129.046875 129.116302
[1]: 128.811890 129.162750
[1]: 133.284256 133.181931
[1]: 133.305130 133.151993
[1]: 118.278496 118.258011
[1]: 134.778107 134.611816
[1]: 191.578247 191.817841
[1]: 133.017517 132.786499
[1]: 122.505760 122.490532
[1]: 125.375275 125.744560
[1]: 136.104401 135.743011
[1]: 139.940521 140.021667
[1]: 133.962311 134.113419
[1]: 129.357056 129.365189
[1]: 119.186623 119.186768
[1]: 121.771881 122.164551
[1]: 135.887497 136.165558
[1]: 127.313141 127.482735
[1]: 131.633377 131.550781
[1]: 119.618889 119.676590
[1]: 117.472046 117.413986
[1]: 126.338913 126.122925
[1]: 130.419418 130.843796
[0]: 125.025719 124.891190
[0]: 117.204285 117.632103
[0]: 117.321564 117.247887
[0]: 91.792198 91.521843
[0]: 115.162369 115.437042
[0]: 129.837982 129.795883
[0]: 121.481873 121.578682
[0]: 123.806427 123.861870
[0]: 104.401627 103.972305
[0]: 121.056496 121.032570
[0]: 151.341019 151.454742
[0]: 125.350365 124.158813
[0]: 132.365799 131.248230
[0]: 104.727043 105.238052
[0]: 116.456062 117.011108
[0]: 130.028549 130.063766
[0]: 116.523102 116.268654
[0]: 156.165115 155.970764
[0]: 124.329445 124.307205
[0]: 141.715897 141.321823
[0]: 126.705185 127.129501
[0]: 105.478783 105.662453
[0]: 106.168106 105.882210
[0]: 111.464294 112.333275
[0]: 126.724129 126.447815
[0]: 147.122070 147.295670
[0]: 129.338531 128.576889
[0]: 112.947449 112.386185
[0]: 138.888046 138.924698
[0]: 186.172745 185.904358
[0]: 143.642609 143.981277
[0]: 145.849030 146.401062
[0]: 127.936989 127.767845
[0]: 137.760391 137.356873
