[4]: 132.432159 89.871033
[4]: 126.836334 128.724075
[4]: 117.904129 125.718628
[4]: 173.930054 174.447495
[4]: 124.594322 130.404816
[4]: 126.765602 128.980835
[4]: 122.387993 127.136658
[4]: 126.389420 128.016830
[4]: 111.252876 129.146317
[4]: 123.659187 129.280502
[4]: 133.923080 127.576889
[4]: 128.397034 129.057770
[4]: 127.930695 125.954277
[4]: 122.162163 131.038605
[4]: 123.592026 126.469482
[4]: 132.753708 132.545898
[4]: 118.670052 127.211411
[4]: 67.263580 60.358082
[4]: 125.855522 126.087959
[4]: 131.628586 127.600403
[4]: 130.921097 129.936783
[4]: 113.843704 129.611359
[4]: 117.078583 129.803619
[4]: 123.219727 130.142822
[4]: 128.845459 127.099281
[4]: 137.093811 126.094345
[4]: 133.075012 127.511574
[4]: 118.086906 129.167435
[4]: 129.906662 123.205673
[4]: 74.227898 124.903473
[4]: 133.324158 126.617752
[4]: 140.945679 171.175705
[4]: 131.868683 128.549530
[4]: 128.115768 123.398575
[3]: 129.667557 169.883881
[3]: 129.926086 126.863716
[3]: 127.448074 126.311554
[3]: 60.540619 86.377670
[3]: 131.771637 129.066330
[3]: 126.479179 128.312485
[3]: 135.141663 129.871246
[3]: 130.633560 127.980614
[3]: 135.352875 126.764786
[3]: 125.978561 126.168167
[3]: 119.108917 124.936440
[3]: 127.657806 128.882401
[3]: 128.203644 127.500320
[3]: 132.660767 127.860664
[3]: 129.234131 127.428093
[3]: 131.750046 130.529083
[3]: 132.714172 128.144455
[3]: 155.685638 126.521057
[3]: 124.603302 126.687454
[3]: 122.442459 126.831047
[3]: 124.990410 127.658264
[3]: 136.959061 127.607910
[3]: 132.554504 126.321991
[3]: 128.384995 127.218880
[3]: 129.326920 128.243378
[3]: 120.673088 124.750229
[3]: 128.321609 127.851784
[3]: 128.891006 126.915916
[3]: 125.635117 128.366516
[3]: 64.354279 59.218594
[3]: 128.957504 128.968475
[3]: 117.774368 83.253532
[3]: 124.986511 127.390381
[3]: 121.671371 126.537888
[2]: 127.894775 168.802567
[2]: 136.264862 129.548935
[2]: 137.254089 131.461197
[2]: 113.327965 95.532776
[2]: 139.689117 132.078781
[2]: 126.364342 127.012680
[2]: 130.981094 130.184586
[2]: 128.233978 132.330826
[2]: 143.741364 136.786087
[2]: 136.178146 130.426575
[2]: 114.198883 117.082504
[2]: 130.096924 129.726318
[2]: 122.856323 132.151703
[2]: 141.394409 137.811523
[2]: 131.694214 132.153214
[2]: 125.654327 130.379959
[2]: 135.343277 136.364349
[2]: 68.268845 122.078781
[2]: 129.859833 129.074738
[2]: 117.726288 121.230247
[2]: 129.149658 128.403259
[2]: 144.983566 134.587296
[2]: 140.783249 136.702545
[2]: 136.607025 140.234207
[2]: 122.202629 127.924149
[2]: 115.770721 122.794960
[2]: 127.232552 122.715462
[2]: 141.488953 131.906158
[2]: 117.123810 119.889832
[2]: 187.028641 187.421738
[2]: 115.487915 122.467941
[2]: 115.701958 73.143936
[2]: 126.823853 134.963943
[2]: 119.795769 120.722122
[1]: 124.435265 83.698181
[1]: 126.022057 128.021133
[1]: 136.218262 134.271362
[1]: 195.582352 180.344528
[1]: 128.496063 130.023727
[1]: 127.885963 126.061775
[1]: 126.182396 130.950394
[1]: 126.707695 128.778473
[1]: 139.348587 134.041489
[1]: 128.695145 128.397659
[1]: 120.969055 117.850273
[1]: 129.116302 127.089790
[1]: 129.162750 132.197876
[1]: 133.181931 132.458206
[1]: 133.151993 132.078995
[1]: 118.258011 124.483696
[1]: 134.611816 136.729340
[1]: 191.817841 189.940063
[1]: 132.786499 129.678040
[1]: 122.490532 121.606552
[1]: 125.744560 125.111450
[1]: 135.743011 132.393906
[1]: 140.021667 132.694351
[1]: 134.113419 135.728714
[1]: 129.365189 129.753754
[1]: 119.186768 123.175293
[1]: 122.164551 123.623932
[1]: 136.165558 130.394211
[1]: 127.482735 126.587723
[1]: 131.550781 116.238976
[1]: 119.676590 125.690140
[1]: 117.413986 159.099747
[1]: 126.122925 131.548691
[1]: 130.843796 126.532837
[0]: 124.891190 127.266212
[0]: 117.632103 122.772186
[0]: 117.247887 115.817390
[0]: 91.521843 88.065407
[0]: 115.437042 115.195892
[0]: 129.795883 126.195557
[0]: 121.578682 114.515572
[0]: 123.861870 115.346581
[0]: 103.972305 100.847084
[0]: 121.032570 119.247795
[0]: 151.454742 160.500168
[0]: 124.158813 123.467796
[0]: 131.248230 118.867393
[0]: 105.238052 98.119766
[0]: 117.011108 113.214424
[0]: 130.063766 116.332069
[0]: 116.268654 102.516014
[0]: 155.970764 150.854553
[0]: 124.307205 125.795845
[0]: 141.321823 141.592255
[0]: 127.129501 126.247795
[0]: 105.662453 109.034157
[0]: 105.882210 106.127357
[0]: 112.333275 91.593369
[0]: 126.447815 121.458649
[0]: 147.295670 148.181717
[0]: 128.576889 141.735123
[0]: 112.386185 116.414444
[0]: 138.924698 145.884583
[0]: 185.904358 170.812820
[0]: 143.981277 140.071884
[0]: 146.401062 159.075226
[0]: 127.767845 109.625740
[0]: 137.356873 145.678421
