[4]: 133.555420 132.432159
[4]: 126.288681 126.836334
[4]: 116.772736 117.904129
[4]: 172.778976 173.930054
[4]: 126.402191 124.594322
[4]: 126.458397 126.765602
[4]: 122.160164 122.387993
[4]: 127.942375 126.389420
[4]: 113.287888 111.252876
[4]: 123.130798 123.659187
[4]: 134.737137 133.923080
[4]: 128.866913 128.397034
[4]: 129.015625 127.930695
[4]: 122.814812 122.162163
[4]: 125.143433 123.592026
[4]: 134.403854 132.753708
[4]: 120.239738 118.670052
[4]: 67.346230 67.263580
[4]: 125.403854 125.855522
[4]: 130.821915 131.628586
[4]: 129.974030 130.921097
[4]: 113.630173 113.843704
[4]: 117.155823 117.078583
[4]: 122.010574 123.219727
[4]: 127.716057 128.845459
[4]: 136.955795 137.093811
[4]: 135.488403 133.075012
[4]: 118.198296 118.086906
[4]: 130.828156 129.906662
[4]: 73.072464 74.227898
[4]: 134.244156 133.324158
[4]: 139.104355 140.945679
[4]: 131.899750 131.868683
[4]: 129.887115 128.115768
[3]: 126.914200 129.667557
[3]: 129.206924 129.926086
[3]: 127.340225 127.448074
[3]: 60.847515 60.540619
[3]: 132.222992 131.771637
[3]: 127.459480 126.479179
[3]: 135.061935 135.141663
[3]: 129.727478 130.633560
[3]: 134.349350 135.352875
[3]: 126.224243 125.978561
[3]: 117.220963 119.108917
[3]: 126.375793 127.657806
[3]: 127.373375 128.203644
[3]: 132.198349 132.660767
[3]: 128.734268 129.234131
[3]: 130.430389 131.750046
[3]: 132.938065 132.714172
[3]: 158.674988 155.685638
[3]: 123.986893 124.603302
[3]: 124.020828 122.442459
[3]: 125.688713 124.990410
[3]: 137.767105 136.959061
[3]: 131.737701 132.554504
[3]: 130.668900 128.384995
[3]: 130.173157 129.326920
[3]: 120.824196 120.673088
[3]: 126.155449 128.321609
[3]: 129.604950 128.891006
[3]: 125.427193 125.635117
[3]: 65.237968 64.354279
[3]: 129.054291 128.957504
[3]: 121.301460 117.774368
[3]: 125.763512 124.986511
[3]: 121.549644 121.671371
[2]: 126.814888 127.894775
[2]: 137.193420 136.264862
[2]: 136.784607 137.254089
[2]: 111.658783 113.327965
[2]: 138.565796 139.689117
[2]: 126.502838 126.364342
[2]: 129.102341 130.981094
[2]: 128.127274 128.233978
[2]: 141.771591 143.741364
[2]: 138.018295 136.178146
[2]: 114.064552 114.198883
[2]: 128.379089 130.096924
[2]: 122.346489 122.856323
[2]: 140.466003 141.394409
[2]: 131.566437 131.694214
[2]: 125.307739 125.654327
[2]: 133.709198 135.343277
[2]: 67.130859 68.268845
[2]: 130.679718 129.859833
[2]: 117.437721 117.726288
[2]: 131.078140 129.149658
[2]: 145.039703 144.983566
[2]: 141.913559 140.783249
[2]: 138.160263 136.607025
[2]: 123.801392 122.202629
[2]: 115.570900 115.770721
[2]: 125.359192 127.232552
[2]: 140.443314 141.488953
[2]: 116.436844 117.123810
[2]: 185.769669 187.028641
[2]: 115.490051 115.487915
[2]: 116.661179 115.701958
[2]: 126.300629 126.823853
[2]: 118.812256 119.795769
[1]: 126.285500 124.435265
[1]: 126.727798 126.022057
[1]: 137.225540 136.218262
[1]: 196.389801 195.582352
[1]: 127.187584 128.496063
[1]: 127.650955 127.885963
[1]: 126.804871 126.182396
[1]: 126.213249 126.707695
[1]: 138.097687 139.348587
[1]: 128.544647 128.695145
[1]: 120.592781 120.969055
[1]: 130.390961 129.116302
[1]: 128.454117 129.162750
[1]: 133.455124 133.181931
[1]: 132.592545 133.151993
[1]: 118.425652 118.258011
[1]: 134.016724 134.611816
[1]: 190.617676 191.817841
[1]: 133.242966 132.786499
[1]: 123.147766 122.490532
[1]: 125.850517 125.744560
[1]: 136.812256 135.743011
[1]: 139.640076 140.021667
[1]: 133.619766 134.113419
[1]: 128.920364 129.365189
[1]: 119.384583 119.186768
[1]: 121.469200 122.164551
[1]: 135.167053 136.165558
[1]: 126.409706 127.482735
[1]: 132.920441 131.550781
[1]: 118.574272 119.676590
[1]: 116.100327 117.413986
[1]: 125.795456 126.122925
[1]: 129.160904 130.843796
[0]: 125.790047 124.891190
[0]: 117.210121 117.632103
[0]: 117.975250 117.247887
[0]: 92.697578 91.521843
[0]: 115.592903 115.437042
[0]: 129.173767 129.795883
[0]: 123.252663 121.578682
[0]: 123.820900 123.861870
[0]: 106.314888 103.972305
[0]: 119.517532 121.032570
[0]: 153.299332 151.454742
[0]: 125.476799 124.158813
[0]: 132.320557 131.248230
[0]: 105.649017 105.238052
[0]: 116.584053 117.011108
[0]: 129.919037 130.063766
[0]: 116.707542 116.268654
[0]: 155.346771 155.970764
[0]: 124.071762 124.307205
[0]: 140.094879 141.321823
[0]: 125.186661 127.129501
[0]: 103.721901 105.662453
[0]: 105.829407 105.882210
[0]: 109.944656 112.333275
[0]: 125.492348 126.447815
[0]: 147.335602 147.295670
[0]: 131.111557 128.576889
[0]: 113.671364 112.386185
[0]: 140.108536 138.924698
[0]: 186.661392 185.904358
[0]: 144.151077 143.981277
[0]: 144.978348 146.401062
[0]: 127.783943 127.767845
[0]: 138.507736 137.356873
