[4]: 90.935814 132.432159
[4]: 128.574738 126.836334
[4]: 125.216782 117.904129
[4]: 174.270340 173.930054
[4]: 129.834381 124.594322
[4]: 128.704193 126.765602
[4]: 127.232643 122.387993
[4]: 126.825645 126.389420
[4]: 128.790710 111.252876
[4]: 129.223038 123.659187
[4]: 127.624870 133.923080
[4]: 128.723190 128.397034
[4]: 125.735046 127.930695
[4]: 130.049698 122.162163
[4]: 125.601517 123.592026
[4]: 132.112137 132.753708
[4]: 126.490761 118.670052
[4]: 59.953354 67.263580
[4]: 125.663734 125.855522
[4]: 127.831467 131.628586
[4]: 129.957428 130.921097
[4]: 129.489746 113.843704
[4]: 130.178802 117.078583
[4]: 129.036087 123.219727
[4]: 127.686584 128.845459
[4]: 126.136589 137.093811
[4]: 128.343552 133.075012
[4]: 128.942215 118.086906
[4]: 123.665115 129.906662
[4]: 125.468056 74.227898
[4]: 126.293846 133.324158
[4]: 172.417923 140.945679
[4]: 128.428101 131.868683
[4]: 124.092056 128.115768
[3]: 169.499649 129.667557
[3]: 127.030411 129.926086
[3]: 125.918991 127.448074
[3]: 85.520813 60.540619
[3]: 128.608475 131.771637
[3]: 127.929573 126.479179
[3]: 129.255432 135.141663
[3]: 127.841766 130.633560
[3]: 126.936577 135.352875
[3]: 125.487946 125.978561
[3]: 125.635880 119.108917
[3]: 128.306656 127.657806
[3]: 127.615837 128.203644
[3]: 127.558723 132.660767
[3]: 127.349335 129.234131
[3]: 130.381287 131.750046
[3]: 127.817101 132.714172
[3]: 127.647583 155.685638
[3]: 126.127190 124.603302
[3]: 127.797409 122.442459
[3]: 128.072464 124.990410
[3]: 127.262299 136.959061
[3]: 126.469025 132.554504
[3]: 127.395798 128.384995
[3]: 127.731255 129.326920
[3]: 125.193970 120.673088
[3]: 127.455849 128.321609
[3]: 126.620461 128.891006
[3]: 129.122711 125.635117
[3]: 59.662369 64.354279
[3]: 128.800064 128.957504
[3]: 83.726486 117.774368
[3]: 127.335388 124.986511
[3]: 127.118500 121.671371
[2]: 169.966171 127.894775
[2]: 130.333496 136.264862
[2]: 130.742386 137.254089
[2]: 96.774727 113.327965
[2]: 132.753632 139.689117
[2]: 127.973358 126.364342
[2]: 129.554779 130.981094
[2]: 130.594620 128.233978
[2]: 135.052750 143.741364
[2]: 129.361069 136.178146
[2]: 116.536018 114.198883
[2]: 129.481476 130.096924
[2]: 131.160889 122.856323
[2]: 136.639236 141.394409
[2]: 130.841766 131.694214
[2]: 129.000000 125.654327
[2]: 136.190659 135.343277
[2]: 117.774651 68.268845
[2]: 129.199799 129.859833
[2]: 119.648621 117.726288
[2]: 127.496483 129.149658
[2]: 133.185104 144.983566
[2]: 137.962494 140.783249
[2]: 136.163223 136.607025
[2]: 127.630257 122.202629
[2]: 123.346535 115.770721
[2]: 124.522507 127.232552
[2]: 132.059067 141.488953
[2]: 119.435143 117.123810
[2]: 187.369583 187.028641
[2]: 121.920380 115.487915
[2]: 73.022346 115.701958
[2]: 132.926392 126.823853
[2]: 121.935928 119.795769
[1]: 83.903084 124.435265
[1]: 129.021393 126.022057
[1]: 134.727463 136.218262
[1]: 184.467728 195.582352
[1]: 131.372559 128.496063
[1]: 126.863335 127.885963
[1]: 130.293930 126.182396
[1]: 129.092300 126.707695
[1]: 133.618301 139.348587
[1]: 126.485931 128.695145
[1]: 115.930199 120.969055
[1]: 126.557404 129.116302
[1]: 131.869141 129.162750
[1]: 133.897125 133.181931
[1]: 132.781601 133.151993
[1]: 124.643501 118.258011
[1]: 138.575607 134.611816
[1]: 188.330261 191.817841
[1]: 129.836304 132.786499
[1]: 120.228416 122.490532
[1]: 125.181747 125.744560
[1]: 131.613052 135.743011
[1]: 134.788437 140.021667
[1]: 135.330261 134.113419
[1]: 128.974716 129.365189
[1]: 123.662827 119.186768
[1]: 123.036095 122.164551
[1]: 131.272705 136.165558
[1]: 125.802513 127.482735
[1]: 113.737877 131.550781
[1]: 124.937035 119.676590
[1]: 155.140808 117.413986
[1]: 130.609314 126.122925
[1]: 127.187309 130.843796
[0]: 120.160339 124.891190
[0]: 120.338348 117.632103
[0]: 118.065079 117.247887
[0]: 87.397827 91.521843
[0]: 114.193039 115.437042
[0]: 124.700722 129.795883
[0]: 117.424057 121.578682
[0]: 119.534241 123.861870
[0]: 104.766899 103.972305
[0]: 124.698311 121.032570
[0]: 161.942047 151.454742
[0]: 125.932068 124.158813
[0]: 121.159348 131.248230
[0]: 100.304108 105.238052
[0]: 115.907814 117.011108
[0]: 118.862381 130.063766
[0]: 102.532043 116.268654
[0]: 160.761627 155.970764
[0]: 127.043571 124.307205
[0]: 143.442047 141.321823
[0]: 126.626869 127.129501
[0]: 113.242760 105.662453
[0]: 101.157921 105.882210
[0]: 100.058601 112.333275
[0]: 123.059265 126.447815
[0]: 145.542252 147.295670
[0]: 139.015915 128.576889
[0]: 116.061241 112.386185
[0]: 145.488373 138.924698
[0]: 171.679657 185.904358
[0]: 142.391022 143.981277
[0]: 165.426804 146.401062
[0]: 114.427788 127.767845
[0]: 140.896179 137.356873
