[4]: 132.432159 134.397217
[4]: 126.836334 126.131645
[4]: 117.904129 117.061317
[4]: 173.930054 171.710632
[4]: 124.594322 127.983864
[4]: 126.765602 127.230087
[4]: 122.387993 122.966011
[4]: 126.389420 128.677963
[4]: 111.252876 116.289688
[4]: 123.659187 122.949173
[4]: 133.923080 136.052307
[4]: 128.397034 128.151459
[4]: 127.930695 129.081131
[4]: 122.162163 122.711098
[4]: 123.592026 123.793564
[4]: 132.753708 135.149811
[4]: 118.670052 120.889580
[4]: 67.263580 68.402222
[4]: 125.855522 126.172371
[4]: 131.628586 130.137833
[4]: 130.921097 128.527451
[4]: 113.843704 111.922310
[4]: 117.078583 116.961388
[4]: 123.219727 122.136818
[4]: 128.845459 127.100403
[4]: 137.093811 136.431824
[4]: 133.075012 135.621902
[4]: 118.086906 120.583603
[4]: 129.906662 131.581177
[4]: 74.227898 70.845169
[4]: 133.324158 134.116531
[4]: 140.945679 137.757858
[4]: 131.868683 131.219757
[4]: 128.115768 132.186234
[3]: 129.667557 125.620201
[3]: 129.926086 129.753006
[3]: 127.448074 128.028732
[3]: 60.540619 61.293385
[3]: 131.771637 130.978653
[3]: 126.479179 127.641472
[3]: 135.141663 135.622009
[3]: 130.633560 129.050858
[3]: 135.352875 134.430191
[3]: 125.978561 127.119064
[3]: 119.108917 116.496193
[3]: 127.657806 126.241898
[3]: 128.203644 127.464798
[3]: 132.660767 132.088776
[3]: 129.234131 128.370148
[3]: 131.750046 131.330429
[3]: 132.714172 133.822693
[3]: 155.685638 160.831177
[3]: 124.603302 123.401932
[3]: 122.442459 123.694763
[3]: 124.990410 127.030685
[3]: 136.959061 140.010284
[3]: 132.554504 132.167969
[3]: 128.384995 131.769012
[3]: 129.326920 131.257980
[3]: 120.673088 121.410011
[3]: 128.321609 125.986893
[3]: 128.891006 128.024643
[3]: 125.635117 124.678207
[3]: 64.354279 66.629463
[3]: 128.957504 129.160736
[3]: 117.774368 122.241974
[3]: 124.986511 125.470924
[3]: 121.671371 119.647675
[2]: 127.894775 126.547035
[2]: 136.264862 135.779099
[2]: 137.254089 136.155716
[2]: 113.327965 111.935913
[2]: 139.689117 136.134979
[2]: 126.364342 126.154205
[2]: 130.981094 128.519272
[2]: 128.233978 127.840332
[2]: 143.741364 139.024445
[2]: 136.178146 138.662231
[2]: 114.198883 113.925629
[2]: 130.096924 128.043198
[2]: 122.856323 123.373131
[2]: 141.394409 140.000626
[2]: 131.694214 133.037659
[2]: 125.654327 124.908699
[2]: 135.343277 133.426926
[2]: 68.268845 65.836220
[2]: 129.859833 129.908691
[2]: 117.726288 119.550835
[2]: 129.149658 131.845322
[2]: 144.983566 146.538971
[2]: 140.783249 141.758835
[2]: 136.607025 137.591034
[2]: 122.202629 124.639130
[2]: 115.770721 116.210144
[2]: 127.232552 125.036240
[2]: 141.488953 137.708359
[2]: 117.123810 115.334839
[2]: 187.028641 185.388565
[2]: 115.487915 116.433739
[2]: 115.701958 117.362610
[2]: 126.823853 127.744049
[2]: 119.795769 116.855843
[1]: 124.435265 127.242882
[1]: 126.022057 126.912193
[1]: 136.218262 138.040985
[1]: 195.582352 195.826019
[1]: 128.496063 126.736664
[1]: 127.885963 127.182373
[1]: 126.182396 126.551643
[1]: 126.707695 125.535774
[1]: 139.348587 136.599167
[1]: 128.695145 128.397339
[1]: 120.969055 119.983276
[1]: 129.116302 130.275711
[1]: 129.162750 128.210846
[1]: 133.181931 133.609818
[1]: 133.151993 133.310394
[1]: 118.258011 117.176857
[1]: 134.611816 133.352158
[1]: 191.817841 190.665970
[1]: 132.786499 134.016953
[1]: 122.490532 122.631439
[1]: 125.744560 126.333954
[1]: 135.743011 137.249573
[1]: 140.021667 139.597137
[1]: 134.113419 133.969986
[1]: 129.365189 127.939880
[1]: 119.186768 119.671181
[1]: 122.164551 121.308289
[1]: 136.165558 134.826721
[1]: 127.482735 125.684319
[1]: 131.550781 135.009171
[1]: 119.676590 119.089668
[1]: 117.413986 115.311249
[1]: 126.122925 127.325165
[1]: 130.843796 128.393845
[0]: 124.891190 125.441483
[0]: 117.632103 117.919861
[0]: 117.247887 116.546768
[0]: 91.521843 92.589493
[0]: 115.437042 118.169670
[0]: 129.795883 129.062561
[0]: 121.578682 122.690681
[0]: 123.861870 124.786392
[0]: 103.972305 107.345253
[0]: 121.032570 118.002525
[0]: 151.454742 153.804749
[0]: 124.158813 126.864090
[0]: 131.248230 131.390060
[0]: 105.238052 105.888802
[0]: 117.011108 115.916733
[0]: 130.063766 129.941528
[0]: 116.268654 115.960236
[0]: 155.970764 154.885849
[0]: 124.307205 123.765945
[0]: 141.321823 139.680328
[0]: 127.129501 123.820503
[0]: 105.662453 100.705910
[0]: 105.882210 105.484383
[0]: 112.333275 108.557732
[0]: 126.447815 125.180374
[0]: 147.295670 146.488556
[0]: 128.576889 131.673370
[0]: 112.386185 115.948494
[0]: 138.924698 142.356308
[0]: 185.904358 185.838165
[0]: 143.981277 142.846695
[0]: 146.401062 145.730530
[0]: 127.767845 125.530586
[0]: 137.356873 141.238312
