[4]: 133.894897 132.432159
[4]: 126.047379 126.836334
[4]: 116.998184 117.904129
[4]: 173.072021 173.930054
[4]: 126.367767 124.594322
[4]: 126.388535 126.765602
[4]: 122.123039 122.387993
[4]: 127.854614 126.389420
[4]: 113.399353 111.252876
[4]: 123.536209 123.659187
[4]: 135.023300 133.923080
[4]: 128.843475 128.397034
[4]: 129.022354 127.930695
[4]: 122.544975 122.162163
[4]: 124.985153 123.592026
[4]: 134.039322 132.753708
[4]: 120.097290 118.670052
[4]: 67.379768 67.263580
[4]: 125.371552 125.855522
[4]: 130.491516 131.628586
[4]: 129.993362 130.921097
[4]: 113.516228 113.843704
[4]: 116.932243 117.078583
[4]: 121.833374 123.219727
[4]: 127.847191 128.845459
[4]: 136.409225 137.093811
[4]: 135.574509 133.075012
[4]: 118.071861 118.086906
[4]: 130.373444 129.906662
[4]: 73.177605 74.227898
[4]: 134.368088 133.324158
[4]: 138.837723 140.945679
[4]: 131.947571 131.868683
[4]: 129.630737 128.115768
[3]: 126.758911 129.667557
[3]: 129.376526 129.926086
[3]: 127.066162 127.448074
[3]: 60.884529 60.540619
[3]: 131.986893 131.771637
[3]: 127.337601 126.479179
[3]: 135.228912 135.141663
[3]: 129.890228 130.633560
[3]: 134.414688 135.352875
[3]: 126.161346 125.978561
[3]: 117.147537 119.108917
[3]: 126.191696 127.657806
[3]: 127.306152 128.203644
[3]: 132.400955 132.660767
[3]: 128.830688 129.234131
[3]: 130.579391 131.750046
[3]: 132.954361 132.714172
[3]: 158.490753 155.685638
[3]: 124.108604 124.603302
[3]: 124.316536 122.442459
[3]: 125.847076 124.990410
[3]: 137.812042 136.959061
[3]: 131.863541 132.554504
[3]: 130.882584 128.384995
[3]: 130.068970 129.326920
[3]: 121.350548 120.673088
[3]: 125.931572 128.321609
[3]: 129.662796 128.891006
[3]: 125.931419 125.635117
[3]: 65.071312 64.354279
[3]: 129.254044 128.957504
[3]: 121.446594 117.774368
[3]: 125.709839 124.986511
[3]: 121.656082 121.671371
[2]: 126.899506 127.894775
[2]: 136.924652 136.264862
[2]: 136.570328 137.254089
[2]: 111.503593 113.327965
[2]: 138.725494 139.689117
[2]: 126.683586 126.364342
[2]: 128.935898 130.981094
[2]: 128.362946 128.233978
[2]: 141.803406 143.741364
[2]: 137.770432 136.178146
[2]: 114.095863 114.198883
[2]: 128.532333 130.096924
[2]: 122.470383 122.856323
[2]: 140.477325 141.394409
[2]: 131.520432 131.694214
[2]: 125.549408 125.654327
[2]: 133.627319 135.343277
[2]: 67.221825 68.268845
[2]: 130.745697 129.859833
[2]: 117.547256 117.726288
[2]: 130.821915 129.149658
[2]: 145.504944 144.983566
[2]: 142.088760 140.783249
[2]: 138.016922 136.607025
[2]: 123.690536 122.202629
[2]: 115.606163 115.770721
[2]: 125.278893 127.232552
[2]: 140.515732 141.488953
[2]: 116.522591 117.123810
[2]: 185.750717 187.028641
[2]: 115.172974 115.487915
[2]: 117.036240 115.701958
[2]: 126.107040 126.823853
[2]: 118.873566 119.795769
[1]: 126.239677 124.435265
[1]: 127.042694 126.022057
[1]: 137.415115 136.218262
[1]: 196.365662 195.582352
[1]: 127.059959 128.496063
[1]: 127.625397 127.885963
[1]: 126.566376 126.182396
[1]: 126.028542 126.707695
[1]: 138.038498 139.348587
[1]: 128.290375 128.695145
[1]: 120.618942 120.969055
[1]: 130.460068 129.116302
[1]: 128.370712 129.162750
[1]: 133.521896 133.181931
[1]: 132.694916 133.151993
[1]: 118.632477 118.258011
[1]: 134.020294 134.611816
[1]: 190.659454 191.817841
[1]: 133.292404 132.786499
[1]: 123.088577 122.490532
[1]: 125.801537 125.744560
[1]: 136.875885 135.743011
[1]: 139.695312 140.021667
[1]: 133.583405 134.113419
[1]: 128.649429 129.365189
[1]: 119.373436 119.186768
[1]: 121.414574 122.164551
[1]: 135.093323 136.165558
[1]: 126.322655 127.482735
[1]: 133.024414 131.550781
[1]: 118.694687 119.676590
[1]: 116.123108 117.413986
[1]: 125.869667 126.122925
[1]: 129.143326 130.843796
[0]: 125.553856 124.891190
[0]: 117.215591 117.632103
[0]: 118.036278 117.247887
[0]: 92.528236 91.521843
[0]: 115.847244 115.437042
[0]: 129.218597 129.795883
[0]: 123.549728 121.578682
[0]: 123.687012 123.861870
[0]: 106.129112 103.972305
[0]: 119.679100 121.032570
[0]: 153.025620 151.454742
[0]: 125.462303 124.158813
[0]: 132.352707 131.248230
[0]: 105.614716 105.238052
[0]: 116.578781 117.011108
[0]: 129.670242 130.063766
[0]: 116.918419 116.268654
[0]: 155.412796 155.970764
[0]: 123.840630 124.307205
[0]: 140.089569 141.321823
[0]: 125.317802 127.129501
[0]: 103.199089 105.662453
[0]: 105.661133 105.882210
[0]: 110.080292 112.333275
[0]: 125.887131 126.447815
[0]: 147.343857 147.295670
[0]: 131.417770 128.576889
[0]: 113.729050 112.386185
[0]: 140.066360 138.924698
[0]: 186.550934 185.904358
[0]: 144.024323 143.981277
[0]: 144.698181 146.401062
[0]: 127.920143 127.767845
[0]: 138.606033 137.356873
