[4]: 133.700500 132.432159
[4]: 126.230156 126.836334
[4]: 117.007500 117.904129
[4]: 172.823715 173.930054
[4]: 126.375008 124.594322
[4]: 126.150856 126.765602
[4]: 122.262459 122.387993
[4]: 127.660851 126.389420
[4]: 113.105759 111.252876
[4]: 123.365532 123.659187
[4]: 134.785400 133.923080
[4]: 128.967697 128.397034
[4]: 128.946213 127.930695
[4]: 122.529655 122.162163
[4]: 125.215073 123.592026
[4]: 134.119415 132.753708
[4]: 120.127396 118.670052
[4]: 67.191063 67.263580
[4]: 125.513069 125.855522
[4]: 130.547424 131.628586
[4]: 129.924500 130.921097
[4]: 113.521049 113.843704
[4]: 117.110733 117.078583
[4]: 121.875603 123.219727
[4]: 127.779877 128.845459
[4]: 136.594421 137.093811
[4]: 135.228180 133.075012
[4]: 117.936264 118.086906
[4]: 130.563385 129.906662
[4]: 73.198799 74.227898
[4]: 134.363800 133.324158
[4]: 139.162079 140.945679
[4]: 132.042648 131.868683
[4]: 129.778931 128.115768
[3]: 126.877556 129.667557
[3]: 129.101913 129.926086
[3]: 127.185112 127.448074
[3]: 60.862183 60.540619
[3]: 132.108246 131.771637
[3]: 127.644760 126.479179
[3]: 135.005539 135.141663
[3]: 129.954117 130.633560
[3]: 134.412201 135.352875
[3]: 126.169968 125.978561
[3]: 117.412674 119.108917
[3]: 126.144295 127.657806
[3]: 127.418449 128.203644
[3]: 132.506393 132.660767
[3]: 128.749802 129.234131
[3]: 130.519516 131.750046
[3]: 132.824951 132.714172
[3]: 158.567657 155.685638
[3]: 123.850945 124.603302
[3]: 124.218353 122.442459
[3]: 125.767052 124.990410
[3]: 137.925400 136.959061
[3]: 131.773605 132.554504
[3]: 130.706650 128.384995
[3]: 129.960510 129.326920
[3]: 121.144608 120.673088
[3]: 126.372559 128.321609
[3]: 129.679184 128.891006
[3]: 125.514908 125.635117
[3]: 65.098175 64.354279
[3]: 129.149841 128.957504
[3]: 121.240753 117.774368
[3]: 125.583817 124.986511
[3]: 121.515762 121.671371
[2]: 126.794609 127.894775
[2]: 137.109863 136.264862
[2]: 136.756744 137.254089
[2]: 111.630844 113.327965
[2]: 138.774750 139.689117
[2]: 126.488121 126.364342
[2]: 129.006302 130.981094
[2]: 128.262405 128.233978
[2]: 141.877930 143.741364
[2]: 137.622543 136.178146
[2]: 114.088585 114.198883
[2]: 128.612579 130.096924
[2]: 122.454948 122.856323
[2]: 140.475525 141.394409
[2]: 131.484528 131.694214
[2]: 125.524559 125.654327
[2]: 133.723083 135.343277
[2]: 67.396347 68.268845
[2]: 130.744705 129.859833
[2]: 117.326027 117.726288
[2]: 130.957108 129.149658
[2]: 145.337509 144.983566
[2]: 141.922348 140.783249
[2]: 138.241196 136.607025
[2]: 123.671745 122.202629
[2]: 115.688324 115.770721
[2]: 125.440842 127.232552
[2]: 140.593765 141.488953
[2]: 116.632675 117.123810
[2]: 185.871155 187.028641
[2]: 115.389648 115.487915
[2]: 116.853775 115.701958
[2]: 126.079491 126.823853
[2]: 119.031418 119.795769
[1]: 126.335274 124.435265
[1]: 126.765083 126.022057
[1]: 137.102997 136.218262
[1]: 196.392105 195.582352
[1]: 127.164101 128.496063
[1]: 127.766327 127.885963
[1]: 126.606033 126.182396
[1]: 126.363342 126.707695
[1]: 138.176544 139.348587
[1]: 128.579834 128.695145
[1]: 120.519203 120.969055
[1]: 130.402832 129.116302
[1]: 128.611633 129.162750
[1]: 133.440994 133.181931
[1]: 132.707870 133.151993
[1]: 118.465950 118.258011
[1]: 133.973724 134.611816
[1]: 190.635422 191.817841
[1]: 133.124847 132.786499
[1]: 123.333176 122.490532
[1]: 125.983284 125.744560
[1]: 136.618317 135.743011
[1]: 139.728394 140.021667
[1]: 133.581467 134.113419
[1]: 128.981415 129.365189
[1]: 119.477455 119.186768
[1]: 121.554802 122.164551
[1]: 135.093674 136.165558
[1]: 126.454910 127.482735
[1]: 132.773392 131.550781
[1]: 118.562424 119.676590
[1]: 116.020752 117.413986
[1]: 125.856888 126.122925
[1]: 129.085739 130.843796
[0]: 125.642052 124.891190
[0]: 117.403389 117.632103
[0]: 118.010757 117.247887
[0]: 92.594971 91.521843
[0]: 115.510628 115.437042
[0]: 129.196579 129.795883
[0]: 123.519234 121.578682
[0]: 123.561234 123.861870
[0]: 106.170326 103.972305
[0]: 119.671570 121.032570
[0]: 153.159225 151.454742
[0]: 125.350891 124.158813
[0]: 132.073502 131.248230
[0]: 105.562439 105.238052
[0]: 116.421555 117.011108
[0]: 129.870895 130.063766
[0]: 116.953697 116.268654
[0]: 155.448578 155.970764
[0]: 124.145103 124.307205
[0]: 140.133667 141.321823
[0]: 125.128067 127.129501
[0]: 103.479988 105.662453
[0]: 105.659004 105.882210
[0]: 109.951973 112.333275
[0]: 125.735695 126.447815
[0]: 147.206985 147.295670
[0]: 130.989761 128.576889
[0]: 113.737495 112.386185
[0]: 140.082458 138.924698
[0]: 186.619247 185.904358
[0]: 144.096649 143.981277
[0]: 144.920654 146.401062
[0]: 128.002579 127.767845
[0]: 138.541443 137.356873
