[4]: 133.551376 132.432159
[4]: 126.007477 126.836334
[4]: 115.941315 117.904129
[4]: 172.750702 173.930054
[4]: 127.218300 124.594322
[4]: 126.969322 126.765602
[4]: 122.696190 122.387993
[4]: 128.042084 126.389420
[4]: 114.849274 111.252876
[4]: 123.201935 123.659187
[4]: 135.688324 133.923080
[4]: 128.313644 128.397034
[4]: 129.173538 127.930695
[4]: 122.551918 122.162163
[4]: 124.251419 123.592026
[4]: 135.129791 132.753708
[4]: 120.887115 118.670052
[4]: 68.205078 67.263580
[4]: 125.207680 125.855522
[4]: 130.174164 131.628586
[4]: 129.413315 130.921097
[4]: 112.744339 113.843704
[4]: 117.043266 117.078583
[4]: 122.390732 123.219727
[4]: 127.765343 128.845459
[4]: 136.786575 137.093811
[4]: 135.539810 133.075012
[4]: 118.910240 118.086906
[4]: 131.387985 129.906662
[4]: 72.046883 74.227898
[4]: 133.946899 133.324158
[4]: 138.430145 140.945679
[4]: 131.896317 131.868683
[4]: 130.919525 128.115768
[3]: 126.592560 129.667557
[3]: 129.300262 129.926086
[3]: 128.093185 127.448074
[3]: 61.023216 60.540619
[3]: 131.550262 131.771637
[3]: 127.432304 126.479179
[3]: 134.935272 135.141663
[3]: 129.326141 130.633560
[3]: 134.354202 135.352875
[3]: 126.192154 125.978561
[3]: 116.534164 119.108917
[3]: 126.449738 127.657806
[3]: 127.088493 128.203644
[3]: 132.254303 132.660767
[3]: 128.837326 129.234131
[3]: 130.625549 131.750046
[3]: 133.184875 132.714172
[3]: 159.547211 155.685638
[3]: 123.807068 124.603302
[3]: 123.914635 122.442459
[3]: 126.447388 124.990410
[3]: 138.625229 136.959061
[3]: 131.615540 132.554504
[3]: 130.569107 128.384995
[3]: 130.538300 129.326920
[3]: 121.046745 120.673088
[3]: 126.160179 128.321609
[3]: 129.468658 128.891006
[3]: 125.182693 125.635117
[3]: 65.708649 64.354279
[3]: 129.440353 128.957504
[3]: 121.250702 117.774368
[3]: 125.600922 124.986511
[3]: 120.825363 121.671371
[2]: 127.000076 127.894775
[2]: 136.534439 136.264862
[2]: 136.928345 137.254089
[2]: 111.461197 113.327965
[2]: 137.415527 139.689117
[2]: 126.190086 126.364342
[2]: 128.389633 130.981094
[2]: 128.326004 128.233978
[2]: 140.405197 143.741364
[2]: 138.326630 136.178146
[2]: 114.399635 114.198883
[2]: 128.340851 130.096924
[2]: 123.008179 122.856323
[2]: 140.329254 141.394409
[2]: 132.484634 131.694214
[2]: 124.997932 125.654327
[2]: 133.505051 135.343277
[2]: 66.176422 68.268845
[2]: 131.132812 129.859833
[2]: 118.707123 117.726288
[2]: 131.634048 129.149658
[2]: 145.767258 144.983566
[2]: 141.786880 140.783249
[2]: 137.924698 136.607025
[2]: 124.202240 122.202629
[2]: 115.901505 115.770721
[2]: 124.664948 127.232552
[2]: 139.513458 141.488953
[2]: 115.909447 117.123810
[2]: 185.218445 187.028641
[2]: 116.177063 115.487915
[2]: 117.417747 115.701958
[2]: 127.096832 126.823853
[2]: 118.586067 119.795769
[1]: 126.476982 124.435265
[1]: 127.546616 126.022057
[1]: 138.036606 136.218262
[1]: 196.143158 195.582352
[1]: 127.030144 128.496063
[1]: 127.248932 127.885963
[1]: 126.846558 126.182396
[1]: 125.683777 126.707695
[1]: 137.495911 139.348587
[1]: 128.381882 128.695145
[1]: 119.817039 120.969055
[1]: 130.724823 129.116302
[1]: 128.632446 129.162750
[1]: 133.549026 133.181931
[1]: 133.143234 133.151993
[1]: 117.957939 118.258011
[1]: 133.691177 134.611816
[1]: 190.535004 191.817841
[1]: 133.701385 132.786499
[1]: 122.877640 122.490532
[1]: 125.907158 125.744560
[1]: 136.911758 135.743011
[1]: 139.790405 140.021667
[1]: 133.230392 134.113419
[1]: 128.712601 129.365189
[1]: 118.895164 119.186768
[1]: 121.406181 122.164551
[1]: 135.228287 136.165558
[1]: 126.421219 127.482735
[1]: 134.346527 131.550781
[1]: 118.833557 119.676590
[1]: 116.075859 117.413986
[1]: 125.782074 126.122925
[1]: 128.498245 130.843796
[0]: 125.703835 124.891190
[0]: 117.111084 117.632103
[0]: 116.942253 117.247887
[0]: 92.690956 91.521843
[0]: 116.743172 115.437042
[0]: 129.449081 129.795883
[0]: 123.536224 121.578682
[0]: 124.502769 123.861870
[0]: 106.623878 103.972305
[0]: 119.222687 121.032570
[0]: 153.680496 151.454742
[0]: 125.653442 124.158813
[0]: 131.599930 131.248230
[0]: 105.750862 105.238052
[0]: 115.770836 117.011108
[0]: 129.755798 130.063766
[0]: 116.256569 116.268654
[0]: 155.518936 155.970764
[0]: 123.452972 124.307205
[0]: 139.950638 141.321823
[0]: 124.243515 127.129501
[0]: 102.689056 105.662453
[0]: 105.911995 105.882210
[0]: 110.195107 112.333275
[0]: 124.848206 126.447815
[0]: 147.583679 147.295670
[0]: 131.866180 128.576889
[0]: 113.875084 112.386185
[0]: 140.448212 138.924698
[0]: 186.329956 185.904358
[0]: 143.151627 143.981277
[0]: 145.070969 146.401062
[0]: 127.101143 127.767845
[0]: 139.253281 137.356873
