[4]: 89.633339 132.432159
[4]: 129.238220 126.836334
[4]: 125.976189 117.904129
[4]: 174.628189 173.930054
[4]: 130.565521 124.594322
[4]: 128.934219 126.765602
[4]: 127.729179 122.387993
[4]: 128.623322 126.389420
[4]: 129.311478 111.252876
[4]: 129.736221 123.659187
[4]: 127.358528 133.923080
[4]: 129.830750 128.397034
[4]: 126.591736 127.930695
[4]: 131.206635 122.162163
[4]: 126.209251 123.592026
[4]: 132.090103 132.753708
[4]: 126.906555 118.670052
[4]: 60.411167 67.263580
[4]: 125.976479 125.855522
[4]: 127.216003 131.628586
[4]: 129.559357 130.921097
[4]: 129.732513 113.843704
[4]: 129.856598 117.078583
[4]: 130.745728 123.219727
[4]: 126.627098 128.845459
[4]: 126.255135 137.093811
[4]: 126.783195 133.075012
[4]: 129.252457 118.086906
[4]: 123.743195 129.906662
[4]: 124.727295 74.227898
[4]: 126.503448 133.324158
[4]: 170.757935 140.945679
[4]: 128.718369 131.868683
[4]: 122.831116 128.115768
[3]: 170.502609 129.667557
[3]: 127.906609 129.926086
[3]: 126.397408 127.448074
[3]: 87.042183 60.540619
[3]: 129.212708 131.771637
[3]: 128.355438 126.479179
[3]: 129.689178 135.141663
[3]: 127.486427 130.633560
[3]: 126.717613 135.352875
[3]: 126.151474 125.978561
[3]: 124.836784 119.108917
[3]: 128.621292 127.657806
[3]: 127.721405 128.203644
[3]: 127.766525 132.660767
[3]: 127.361313 129.234131
[3]: 130.703217 131.750046
[3]: 128.415024 132.714172
[3]: 125.899307 155.685638
[3]: 127.137581 124.603302
[3]: 126.752205 122.442459
[3]: 127.591637 124.990410
[3]: 127.573517 136.959061
[3]: 126.906540 132.554504
[3]: 127.253456 128.384995
[3]: 128.876251 129.326920
[3]: 124.334167 120.673088
[3]: 127.804268 128.321609
[3]: 127.767883 128.891006
[3]: 127.997780 125.635117
[3]: 58.944710 64.354279
[3]: 129.704285 128.957504
[3]: 83.207336 117.774368
[3]: 127.550667 124.986511
[3]: 126.294205 121.671371
[2]: 168.698257 127.894775
[2]: 130.411911 136.264862
[2]: 131.517059 137.254089
[2]: 94.389923 113.327965
[2]: 131.436111 139.689117
[2]: 126.731110 126.364342
[2]: 131.983963 130.981094
[2]: 134.223969 128.233978
[2]: 137.063248 143.741364
[2]: 131.105865 136.178146
[2]: 117.368965 114.198883
[2]: 132.063736 130.096924
[2]: 133.632782 122.856323
[2]: 138.363495 141.394409
[2]: 132.066589 131.694214
[2]: 129.517776 125.654327
[2]: 135.597305 135.343277
[2]: 123.879921 68.268845
[2]: 128.093887 129.859833
[2]: 120.063568 117.726288
[2]: 127.794525 129.149658
[2]: 134.926987 144.983566
[2]: 135.739212 140.783249
[2]: 140.597305 136.607025
[2]: 127.218491 122.202629
[2]: 122.884766 115.770721
[2]: 122.121666 127.232552
[2]: 131.334839 141.488953
[2]: 121.280479 117.123810
[2]: 187.433014 187.028641
[2]: 120.630951 115.487915
[2]: 74.202065 115.701958
[2]: 134.787704 126.823853
[2]: 118.981346 119.795769
[1]: 83.956299 124.435265
[1]: 129.009613 126.022057
[1]: 133.619812 136.218262
[1]: 179.205017 195.582352
[1]: 129.445618 128.496063
[1]: 125.711754 127.885963
[1]: 131.176834 126.182396
[1]: 128.984482 126.707695
[1]: 133.544983 139.348587
[1]: 128.608307 128.695145
[1]: 118.697289 120.969055
[1]: 128.051727 129.116302
[1]: 132.392838 129.162750
[1]: 132.325363 133.181931
[1]: 131.799301 133.151993
[1]: 124.525223 118.258011
[1]: 135.914719 134.611816
[1]: 190.529922 191.817841
[1]: 129.229019 132.786499
[1]: 121.132614 122.490532
[1]: 124.617844 125.744560
[1]: 132.120193 135.743011
[1]: 132.181152 140.021667
[1]: 135.127075 134.113419
[1]: 130.480377 129.365189
[1]: 123.097015 119.186768
[1]: 124.091484 122.164551
[1]: 130.248413 136.165558
[1]: 126.908585 127.482735
[1]: 117.461983 131.550781
[1]: 125.238487 119.676590
[1]: 160.497498 117.413986
[1]: 131.248795 126.122925
[1]: 125.769768 130.843796
[0]: 127.729462 124.891190
[0]: 117.675110 117.632103
[0]: 116.055466 117.247887
[0]: 88.646431 91.521843
[0]: 116.469643 115.437042
[0]: 127.145424 129.795883
[0]: 111.008034 121.578682
[0]: 112.215851 123.861870
[0]: 100.918419 103.972305
[0]: 117.283707 121.032570
[0]: 159.433701 151.454742
[0]: 118.012276 124.158813
[0]: 115.108261 131.248230
[0]: 97.380249 105.238052
[0]: 114.189735 117.011108
[0]: 118.009712 130.063766
[0]: 104.725784 116.268654
[0]: 147.293411 155.970764
[0]: 127.264282 124.307205
[0]: 144.714951 141.321823
[0]: 128.558151 127.129501
[0]: 108.769081 105.662453
[0]: 107.170647 105.882210
[0]: 90.886383 112.333275
[0]: 121.095535 126.447815
[0]: 148.591187 147.295670
[0]: 143.129349 128.576889
[0]: 115.932144 112.386185
[0]: 143.210831 138.924698
[0]: 169.076111 185.904358
[0]: 142.385818 143.981277
[0]: 155.087723 146.401062
[0]: 109.758369 127.767845
[0]: 150.462830 137.356873
