[4]: 133.088409 132.432159
[4]: 126.608940 126.836334
[4]: 118.020485 117.904129
[4]: 173.669586 173.930054
[4]: 124.713722 124.594322
[4]: 126.991379 126.765602
[4]: 122.033455 122.387993
[4]: 126.596283 126.389420
[4]: 111.391220 111.252876
[4]: 123.407036 123.659187
[4]: 133.603561 133.923080
[4]: 128.820724 128.397034
[4]: 128.222702 127.930695
[4]: 122.185921 122.162163
[4]: 124.350258 123.592026
[4]: 133.161728 132.753708
[4]: 118.803795 118.670052
[4]: 67.297112 67.263580
[4]: 125.144722 125.855522
[4]: 132.080032 131.628586
[4]: 130.631073 130.921097
[4]: 113.809647 113.843704
[4]: 117.279953 117.078583
[4]: 123.512062 123.219727
[4]: 128.425934 128.845459
[4]: 137.527237 137.093811
[4]: 133.652664 133.075012
[4]: 118.190117 118.086906
[4]: 130.845627 129.906662
[4]: 74.077026 74.227898
[4]: 133.141953 133.324158
[4]: 139.812500 140.945679
[4]: 131.963379 131.868683
[4]: 128.206482 128.115768
[3]: 128.916901 129.667557
[3]: 130.175110 129.926086
[3]: 127.078262 127.448074
[3]: 60.688900 60.540619
[3]: 132.091537 131.771637
[3]: 127.112549 126.479179
[3]: 135.385529 135.141663
[3]: 130.569168 130.633560
[3]: 135.220810 135.352875
[3]: 125.795128 125.978561
[3]: 118.259079 119.108917
[3]: 126.978287 127.657806
[3]: 127.905724 128.203644
[3]: 132.507385 132.660767
[3]: 128.694839 129.234131
[3]: 131.819733 131.750046
[3]: 132.855194 132.714172
[3]: 156.488785 155.685638
[3]: 124.515266 124.603302
[3]: 122.609467 122.442459
[3]: 124.907677 124.990410
[3]: 137.084351 136.959061
[3]: 132.146835 132.554504
[3]: 128.502457 128.384995
[3]: 129.261032 129.326920
[3]: 120.750763 120.673088
[3]: 128.026474 128.321609
[3]: 128.944473 128.891006
[3]: 125.570259 125.635117
[3]: 64.267982 64.354279
[3]: 129.452621 128.957504
[3]: 119.222054 117.774368
[3]: 125.104034 124.986511
[3]: 122.285324 121.671371
[2]: 126.996170 127.894775
[2]: 136.736481 136.264862
[2]: 137.217819 137.254089
[2]: 112.597466 113.327965
[2]: 139.740387 139.689117
[2]: 125.930847 126.364342
[2]: 130.725388 130.981094
[2]: 128.072983 128.233978
[2]: 143.595871 143.741364
[2]: 136.624268 136.178146
[2]: 114.662704 114.198883
[2]: 129.866882 130.096924
[2]: 122.774048 122.856323
[2]: 141.160706 141.394409
[2]: 131.770065 131.694214
[2]: 125.126335 125.654327
[2]: 134.654007 135.343277
[2]: 68.122108 68.268845
[2]: 130.450226 129.859833
[2]: 117.142448 117.726288
[2]: 130.145950 129.149658
[2]: 144.677856 144.983566
[2]: 140.977661 140.783249
[2]: 137.221970 136.607025
[2]: 122.467941 122.202629
[2]: 115.158241 115.770721
[2]: 126.951431 127.232552
[2]: 141.182877 141.488953
[2]: 116.869118 117.123810
[2]: 186.654007 187.028641
[2]: 115.432442 115.487915
[2]: 116.224434 115.701958
[2]: 126.518501 126.823853
[2]: 119.493538 119.795769
[1]: 124.745567 124.435265
[1]: 125.738251 126.022057
[1]: 136.239487 136.218262
[1]: 195.682907 195.582352
[1]: 128.146866 128.496063
[1]: 127.508331 127.885963
[1]: 126.562111 126.182396
[1]: 127.321915 126.707695
[1]: 139.316620 139.348587
[1]: 129.187653 128.695145
[1]: 121.321060 120.969055
[1]: 129.242142 129.116302
[1]: 128.770859 129.162750
[1]: 133.343872 133.181931
[1]: 133.146484 133.151993
[1]: 118.019691 118.258011
[1]: 134.748291 134.611816
[1]: 191.534943 191.817841
[1]: 133.137375 132.786499
[1]: 122.715210 122.490532
[1]: 125.695358 125.744560
[1]: 135.987076 135.743011
[1]: 139.758560 140.021667
[1]: 133.832657 134.113419
[1]: 129.561569 129.365189
[1]: 119.036583 119.186768
[1]: 121.511597 122.164551
[1]: 135.975632 136.165558
[1]: 126.768990 127.482735
[1]: 131.971207 131.550781
[1]: 119.521011 119.676590
[1]: 117.603516 117.413986
[1]: 126.076981 126.122925
[1]: 129.904648 130.843796
[0]: 125.615120 124.891190
[0]: 117.389938 117.632103
[0]: 117.525375 117.247887
[0]: 91.839447 91.521843
[0]: 115.264015 115.437042
[0]: 129.744125 129.795883
[0]: 121.566429 121.578682
[0]: 123.205124 123.861870
[0]: 104.131668 103.972305
[0]: 120.471024 121.032570
[0]: 151.894135 151.454742
[0]: 124.538918 124.158813
[0]: 131.787933 131.248230
[0]: 105.403397 105.238052
[0]: 116.680527 117.011108
[0]: 130.390793 130.063766
[0]: 116.550056 116.268654
[0]: 155.744385 155.970764
[0]: 124.134148 124.307205
[0]: 141.057007 141.321823
[0]: 126.504539 127.129501
[0]: 105.600380 105.662453
[0]: 106.147522 105.882210
[0]: 111.494003 112.333275
[0]: 126.468452 126.447815
[0]: 147.595398 147.295670
[0]: 129.293076 128.576889
[0]: 112.723473 112.386185
[0]: 139.062225 138.924698
[0]: 186.276276 185.904358
[0]: 143.914703 143.981277
[0]: 145.284851 146.401062
[0]: 127.900482 127.767845
[0]: 137.957657 137.356873
