[4]: 133.350342 132.432159
[4]: 126.429520 126.836334
[4]: 117.229080 117.904129
[4]: 173.210403 173.930054
[4]: 125.594604 124.594322
[4]: 126.496758 126.765602
[4]: 121.928650 122.387993
[4]: 127.418213 126.389420
[4]: 111.837997 111.252876
[4]: 122.976036 123.659187
[4]: 134.207642 133.923080
[4]: 128.833572 128.397034
[4]: 128.651947 127.930695
[4]: 122.551651 122.162163
[4]: 125.076019 123.592026
[4]: 133.814514 132.753708
[4]: 119.115807 118.670052
[4]: 67.279388 67.263580
[4]: 125.336105 125.855522
[4]: 131.748611 131.628586
[4]: 130.367737 130.921097
[4]: 114.017563 113.843704
[4]: 117.369164 117.078583
[4]: 122.662392 123.219727
[4]: 128.038834 128.845459
[4]: 137.002853 137.093811
[4]: 134.567322 133.075012
[4]: 117.607025 118.086906
[4]: 130.716736 129.906662
[4]: 73.713730 74.227898
[4]: 133.681381 133.324158
[4]: 139.746399 140.945679
[4]: 131.966217 131.868683
[4]: 128.486481 128.115768
[3]: 128.089478 129.667557
[3]: 129.624039 129.926086
[3]: 127.041527 127.448074
[3]: 60.726891 60.540619
[3]: 132.221954 131.771637
[3]: 127.453857 126.479179
[3]: 135.181610 135.141663
[3]: 129.865555 130.633560
[3]: 134.840210 135.352875
[3]: 126.136948 125.978561
[3]: 117.727356 119.108917
[3]: 126.861725 127.657806
[3]: 127.930786 128.203644
[3]: 132.347412 132.660767
[3]: 128.580795 129.234131
[3]: 131.472229 131.750046
[3]: 132.978333 132.714172
[3]: 157.411392 155.685638
[3]: 123.832710 124.603302
[3]: 122.904816 122.442459
[3]: 125.368217 124.990410
[3]: 137.207886 136.959061
[3]: 131.695129 132.554504
[3]: 129.587982 128.384995
[3]: 129.691772 129.326920
[3]: 120.872208 120.673088
[3]: 127.068672 128.321609
[3]: 129.003281 128.891006
[3]: 125.486160 125.635117
[3]: 64.520416 64.354279
[3]: 129.534332 128.957504
[3]: 119.865944 117.774368
[3]: 125.213516 124.986511
[3]: 122.392151 121.671371
[2]: 126.611465 127.894775
[2]: 137.132996 136.264862
[2]: 137.303696 137.254089
[2]: 111.965637 113.327965
[2]: 139.566574 139.689117
[2]: 126.437653 126.364342
[2]: 129.940445 130.981094
[2]: 128.119034 128.233978
[2]: 142.789581 143.741364
[2]: 137.267746 136.178146
[2]: 114.612503 114.198883
[2]: 128.895554 130.096924
[2]: 122.421387 122.856323
[2]: 140.722931 141.394409
[2]: 131.492020 131.694214
[2]: 125.256340 125.654327
[2]: 134.508453 135.343277
[2]: 67.789749 68.268845
[2]: 130.762711 129.859833
[2]: 116.825706 117.726288
[2]: 130.788239 129.149658
[2]: 144.700211 144.983566
[2]: 141.645187 140.783249
[2]: 137.991547 136.607025
[2]: 123.068169 122.202629
[2]: 115.223808 115.770721
[2]: 126.174133 127.232552
[2]: 140.829529 141.488953
[2]: 116.566895 117.123810
[2]: 185.982941 187.028641
[2]: 114.995056 115.487915
[2]: 116.845482 115.701958
[2]: 126.332161 126.823853
[2]: 119.771965 119.795769
[1]: 125.526390 124.435265
[1]: 126.265488 126.022057
[1]: 136.507690 136.218262
[1]: 196.007141 195.582352
[1]: 127.579254 128.496063
[1]: 127.551781 127.885963
[1]: 126.792343 126.182396
[1]: 126.996582 126.707695
[1]: 138.841248 139.348587
[1]: 129.346756 128.695145
[1]: 120.946053 120.969055
[1]: 129.928421 129.116302
[1]: 128.659760 129.162750
[1]: 133.502014 133.181931
[1]: 132.706406 133.151993
[1]: 117.936111 118.258011
[1]: 134.327286 134.611816
[1]: 191.010162 191.817841
[1]: 133.209442 132.786499
[1]: 123.188789 122.490532
[1]: 125.576149 125.744560
[1]: 136.090591 135.743011
[1]: 139.659683 140.021667
[1]: 133.521194 134.113419
[1]: 129.613342 129.365189
[1]: 119.441315 119.186768
[1]: 121.579414 122.164551
[1]: 135.812988 136.165558
[1]: 126.703148 127.482735
[1]: 132.207886 131.550781
[1]: 119.093231 119.676590
[1]: 116.689102 117.413986
[1]: 126.096649 126.122925
[1]: 129.589584 130.843796
[0]: 125.798592 124.891190
[0]: 117.169556 117.632103
[0]: 117.988235 117.247887
[0]: 92.283226 91.521843
[0]: 114.960678 115.437042
[0]: 129.315842 129.795883
[0]: 122.497169 121.578682
[0]: 123.393547 123.861870
[0]: 105.389420 103.972305
[0]: 119.672302 121.032570
[0]: 152.339203 151.454742
[0]: 124.928917 124.158813
[0]: 131.802460 131.248230
[0]: 105.428574 105.238052
[0]: 116.770348 117.011108
[0]: 130.056915 130.063766
[0]: 116.663635 116.268654
[0]: 155.593063 155.970764
[0]: 124.231888 124.307205
[0]: 140.942307 141.321823
[0]: 125.724930 127.129501
[0]: 105.046532 105.662453
[0]: 105.867874 105.882210
[0]: 110.694283 112.333275
[0]: 125.709137 126.447815
[0]: 147.565765 147.295670
[0]: 130.136505 128.576889
[0]: 113.799538 112.386185
[0]: 139.714371 138.924698
[0]: 186.805725 185.904358
[0]: 144.240723 143.981277
[0]: 145.043701 146.401062
[0]: 127.958878 127.767845
[0]: 137.586975 137.356873
