[4]: 134.271042 132.432159
[4]: 127.333435 126.836334
[4]: 117.657806 117.904129
[4]: 173.632172 173.930054
[4]: 124.337143 124.594322
[4]: 126.574028 126.765602
[4]: 122.888931 122.387993
[4]: 126.275146 126.389420
[4]: 111.612762 111.252876
[4]: 124.663643 123.659187
[4]: 135.428650 133.923080
[4]: 129.025787 128.397034
[4]: 127.960083 127.930695
[4]: 121.792221 122.162163
[4]: 123.412323 123.592026
[4]: 132.163605 132.753708
[4]: 119.383842 118.670052
[4]: 67.382820 67.263580
[4]: 126.833321 125.855522
[4]: 130.372009 131.628586
[4]: 130.122192 130.921097
[4]: 112.815964 113.843704
[4]: 116.685890 117.078583
[4]: 122.511635 123.219727
[4]: 128.786392 128.845459
[4]: 135.708054 137.093811
[4]: 133.415405 133.075012
[4]: 117.370277 118.086906
[4]: 129.224258 129.906662
[4]: 74.343224 74.227898
[4]: 134.198471 133.324158
[4]: 140.011200 140.945679
[4]: 131.946442 131.868683
[4]: 128.295578 128.115768
[3]: 127.260223 129.667557
[3]: 128.723129 129.926086
[3]: 126.188164 127.448074
[3]: 60.960358 60.540619
[3]: 132.437637 131.771637
[3]: 127.436691 126.479179
[3]: 135.211319 135.141663
[3]: 130.653275 130.633560
[3]: 135.545334 135.352875
[3]: 125.145927 125.978561
[3]: 117.487793 119.108917
[3]: 126.509384 127.657806
[3]: 128.243195 128.203644
[3]: 132.416199 132.660767
[3]: 129.420670 129.234131
[3]: 131.618973 131.750046
[3]: 133.218704 132.714172
[3]: 157.257156 155.685638
[3]: 122.992226 124.603302
[3]: 123.513229 122.442459
[3]: 125.944344 124.990410
[3]: 138.626892 136.959061
[3]: 131.745346 132.554504
[3]: 130.510559 128.384995
[3]: 129.265564 129.326920
[3]: 120.681061 120.673088
[3]: 127.576889 128.321609
[3]: 129.455765 128.891006
[3]: 126.565117 125.635117
[3]: 64.239738 64.354279
[3]: 129.389664 128.957504
[3]: 120.666847 117.774368
[3]: 125.271767 124.986511
[3]: 122.209511 121.671371
[2]: 126.463043 127.894775
[2]: 135.787613 136.264862
[2]: 137.354050 137.254089
[2]: 111.336235 113.327965
[2]: 140.569550 139.689117
[2]: 126.543510 126.364342
[2]: 128.708191 130.981094
[2]: 128.331039 128.233978
[2]: 143.038681 143.741364
[2]: 136.800873 136.178146
[2]: 114.336395 114.198883
[2]: 128.514587 130.096924
[2]: 122.642746 122.856323
[2]: 140.764038 141.394409
[2]: 132.041794 131.694214
[2]: 125.860489 125.654327
[2]: 134.929047 135.343277
[2]: 67.398880 68.268845
[2]: 130.266556 129.859833
[2]: 118.157013 117.726288
[2]: 130.862488 129.149658
[2]: 145.113297 144.983566
[2]: 142.181137 140.783249
[2]: 137.850098 136.607025
[2]: 123.293488 122.202629
[2]: 116.396805 115.770721
[2]: 126.442108 127.232552
[2]: 141.785217 141.488953
[2]: 117.132324 117.123810
[2]: 185.743668 187.028641
[2]: 114.917137 115.487915
[2]: 117.017258 115.701958
[2]: 125.878548 126.823853
[2]: 121.220055 119.795769
[1]: 125.994957 124.435265
[1]: 126.995422 126.022057
[1]: 136.395050 136.218262
[1]: 196.250259 195.582352
[1]: 128.510056 128.496063
[1]: 127.077911 127.885963
[1]: 126.196396 126.182396
[1]: 127.167610 126.707695
[1]: 138.211838 139.348587
[1]: 128.305740 128.695145
[1]: 120.119965 120.969055
[1]: 129.887177 129.116302
[1]: 129.144882 129.162750
[1]: 133.618301 133.181931
[1]: 133.130371 133.151993
[1]: 119.175606 118.258011
[1]: 133.726471 134.611816
[1]: 190.787933 191.817841
[1]: 132.316055 132.786499
[1]: 123.155968 122.490532
[1]: 125.523865 125.744560
[1]: 136.731430 135.743011
[1]: 140.467056 140.021667
[1]: 133.066193 134.113419
[1]: 129.088150 129.365189
[1]: 120.380692 119.186768
[1]: 122.354156 122.164551
[1]: 135.677734 136.165558
[1]: 127.268486 127.482735
[1]: 132.733215 131.550781
[1]: 118.577560 119.676590
[1]: 115.587799 117.413986
[1]: 125.786682 126.122925
[1]: 129.368439 130.843796
[0]: 125.334450 124.891190
[0]: 117.871765 117.632103
[0]: 118.599297 117.247887
[0]: 91.608711 91.521843
[0]: 114.077812 115.437042
[0]: 129.655106 129.795883
[0]: 123.468330 121.578682
[0]: 123.382553 123.861870
[0]: 105.463707 103.972305
[0]: 120.622841 121.032570
[0]: 152.323837 151.454742
[0]: 125.561295 124.158813
[0]: 131.413803 131.248230
[0]: 106.131912 105.238052
[0]: 116.653053 117.011108
[0]: 129.662384 130.063766
[0]: 116.414825 116.268654
[0]: 156.366714 155.970764
[0]: 125.047081 124.307205
[0]: 140.289505 141.321823
[0]: 125.337700 127.129501
[0]: 103.834450 105.662453
[0]: 105.227448 105.882210
[0]: 110.598785 112.333275
[0]: 125.701935 126.447815
[0]: 146.747910 147.295670
[0]: 129.659470 128.576889
[0]: 112.791214 112.386185
[0]: 138.849762 138.924698
[0]: 185.973801 185.904358
[0]: 144.405319 143.981277
[0]: 144.775375 146.401062
[0]: 128.718719 127.767845
[0]: 136.601013 137.356873
