[4]: 132.693161 132.432159
[4]: 127.115662 126.836334
[4]: 117.704185 117.904129
[4]: 173.525696 173.930054
[4]: 124.832298 124.594322
[4]: 126.553070 126.765602
[4]: 122.118195 122.387993
[4]: 126.406471 126.389420
[4]: 111.333809 111.252876
[4]: 123.670792 123.659187
[4]: 133.774399 133.923080
[4]: 128.357056 128.397034
[4]: 128.278366 127.930695
[4]: 122.136360 122.162163
[4]: 123.861336 123.592026
[4]: 133.129303 132.753708
[4]: 118.868713 118.670052
[4]: 67.085915 67.263580
[4]: 125.522606 125.855522
[4]: 131.751068 131.628586
[4]: 130.513245 130.921097
[4]: 113.800964 113.843704
[4]: 117.120819 117.078583
[4]: 123.297951 123.219727
[4]: 128.794708 128.845459
[4]: 137.357849 137.093811
[4]: 133.375610 133.075012
[4]: 118.173729 118.086906
[4]: 130.359436 129.906662
[4]: 74.051720 74.227898
[4]: 133.460098 133.324158
[4]: 140.404175 140.945679
[4]: 131.961441 131.868683
[4]: 128.305176 128.115768
[3]: 129.610306 129.667557
[3]: 129.917725 129.926086
[3]: 127.474693 127.448074
[3]: 60.582935 60.540619
[3]: 131.900879 131.771637
[3]: 126.782814 126.479179
[3]: 135.215469 135.141663
[3]: 130.620605 130.633560
[3]: 135.330505 135.352875
[3]: 125.884193 125.978561
[3]: 118.847694 119.108917
[3]: 127.784843 127.657806
[3]: 128.064178 128.203644
[3]: 132.681046 132.660767
[3]: 129.037354 129.234131
[3]: 131.647202 131.750046
[3]: 132.695160 132.714172
[3]: 155.885513 155.685638
[3]: 124.563599 124.603302
[3]: 122.457069 122.442459
[3]: 125.147392 124.990410
[3]: 137.015915 136.959061
[3]: 132.618271 132.554504
[3]: 128.358261 128.384995
[3]: 129.293060 129.326920
[3]: 120.640724 120.673088
[3]: 128.137558 128.321609
[3]: 128.945251 128.891006
[3]: 125.543785 125.635117
[3]: 64.401077 64.354279
[3]: 129.009277 128.957504
[3]: 118.005226 117.774368
[3]: 125.058563 124.986511
[3]: 121.662323 121.671371
[2]: 127.587631 127.894775
[2]: 136.379013 136.264862
[2]: 137.415726 137.254089
[2]: 113.399200 113.327965
[2]: 139.552826 139.689117
[2]: 126.412689 126.364342
[2]: 130.945648 130.981094
[2]: 128.156662 128.233978
[2]: 143.582443 143.741364
[2]: 136.224258 136.178146
[2]: 114.470474 114.198883
[2]: 130.038223 130.096924
[2]: 122.654747 122.856323
[2]: 141.461533 141.394409
[2]: 131.712769 131.694214
[2]: 125.277733 125.654327
[2]: 134.925385 135.343277
[2]: 68.211090 68.268845
[2]: 129.995453 129.859833
[2]: 117.592262 117.726288
[2]: 129.494965 129.149658
[2]: 144.800079 144.983566
[2]: 140.718918 140.783249
[2]: 136.661209 136.607025
[2]: 122.244934 122.202629
[2]: 115.627533 115.770721
[2]: 127.043098 127.232552
[2]: 141.496490 141.488953
[2]: 117.028648 117.123810
[2]: 187.089951 187.028641
[2]: 115.346130 115.487915
[2]: 115.997604 115.701958
[2]: 126.697685 126.823853
[2]: 119.707420 119.795769
[1]: 124.417259 124.435265
[1]: 125.746498 126.022057
[1]: 136.215240 136.218262
[1]: 195.709015 195.582352
[1]: 128.275192 128.496063
[1]: 127.879623 127.885963
[1]: 126.423409 126.182396
[1]: 126.887947 126.707695
[1]: 139.281494 139.348587
[1]: 128.803268 128.695145
[1]: 121.156998 120.969055
[1]: 129.077530 129.116302
[1]: 128.899384 129.162750
[1]: 133.136154 133.181931
[1]: 133.132111 133.151993
[1]: 117.927063 118.258011
[1]: 134.611191 134.611816
[1]: 191.624954 191.817841
[1]: 132.960114 132.786499
[1]: 122.688339 122.490532
[1]: 125.842613 125.744560
[1]: 135.774811 135.743011
[1]: 139.909180 140.021667
[1]: 134.030869 134.113419
[1]: 129.279785 129.365189
[1]: 119.128075 119.186768
[1]: 122.036858 122.164551
[1]: 135.895645 136.165558
[1]: 127.138336 127.482735
[1]: 131.561813 131.550781
[1]: 119.609955 119.676590
[1]: 117.729782 117.413986
[1]: 125.996193 126.122925
[1]: 130.551010 130.843796
[0]: 125.028595 124.891190
[0]: 117.513573 117.632103
[0]: 117.225494 117.247887
[0]: 91.456383 91.521843
[0]: 115.411522 115.437042
[0]: 129.648483 129.795883
[0]: 121.557144 121.578682
[0]: 123.739319 123.861870
[0]: 104.088181 103.972305
[0]: 120.943672 121.032570
[0]: 151.452866 151.454742
[0]: 124.160263 124.158813
[0]: 131.532059 131.248230
[0]: 105.177635 105.238052
[0]: 116.907883 117.011108
[0]: 130.570663 130.063766
[0]: 116.488831 116.268654
[0]: 156.046661 155.970764
[0]: 124.354080 124.307205
[0]: 141.130463 141.321823
[0]: 126.924576 127.129501
[0]: 105.756531 105.662453
[0]: 105.895470 105.882210
[0]: 112.272324 112.333275
[0]: 126.580605 126.447815
[0]: 147.314362 147.295670
[0]: 128.816620 128.576889
[0]: 112.478043 112.386185
[0]: 139.031326 138.924698
[0]: 186.030899 185.904358
[0]: 144.047089 143.981277
[0]: 146.121307 146.401062
[0]: 127.868507 127.767845
[0]: 137.581284 137.356873
