[4]: 133.552597 132.432159
[4]: 126.115707 126.836334
[4]: 117.005219 117.904129
[4]: 172.763123 173.930054
[4]: 126.532822 124.594322
[4]: 126.294128 126.765602
[4]: 122.049828 122.387993
[4]: 127.798721 126.389420
[4]: 113.472557 111.252876
[4]: 123.139511 123.659187
[4]: 134.814697 133.923080
[4]: 128.978958 128.397034
[4]: 129.091263 127.930695
[4]: 122.644730 122.162163
[4]: 125.139984 123.592026
[4]: 134.478806 132.753708
[4]: 120.319519 118.670052
[4]: 67.324501 67.263580
[4]: 125.302597 125.855522
[4]: 130.585892 131.628586
[4]: 130.126144 130.921097
[4]: 113.623459 113.843704
[4]: 117.195663 117.078583
[4]: 121.925812 123.219727
[4]: 127.715042 128.845459
[4]: 136.699860 137.093811
[4]: 135.517715 133.075012
[4]: 118.008858 118.086906
[4]: 130.776657 129.906662
[4]: 72.972717 74.227898
[4]: 134.712830 133.324158
[4]: 139.395203 140.945679
[4]: 132.049423 131.868683
[4]: 130.062958 128.115768
[3]: 126.844154 129.667557
[3]: 129.265289 129.926086
[3]: 127.280365 127.448074
[3]: 60.783375 60.540619
[3]: 132.181946 131.771637
[3]: 127.493088 126.479179
[3]: 135.193192 135.141663
[3]: 129.566910 130.633560
[3]: 134.265762 135.352875
[3]: 126.125458 125.978561
[3]: 117.077103 119.108917
[3]: 126.288101 127.657806
[3]: 127.130852 128.203644
[3]: 132.199509 132.660767
[3]: 128.828842 129.234131
[3]: 130.511917 131.750046
[3]: 132.873367 132.714172
[3]: 158.561600 155.685638
[3]: 123.940865 124.603302
[3]: 124.104210 122.442459
[3]: 125.598938 124.990410
[3]: 137.687607 136.959061
[3]: 131.581833 132.554504
[3]: 130.613617 128.384995
[3]: 130.034454 129.326920
[3]: 120.843681 120.673088
[3]: 126.075851 128.321609
[3]: 129.679321 128.891006
[3]: 125.489647 125.635117
[3]: 65.177483 64.354279
[3]: 128.983368 128.957504
[3]: 121.342003 117.774368
[3]: 125.624718 124.986511
[3]: 121.346695 121.671371
[2]: 126.563309 127.894775
[2]: 137.338318 136.264862
[2]: 136.607956 137.254089
[2]: 111.881340 113.327965
[2]: 138.389175 139.689117
[2]: 126.424355 126.364342
[2]: 129.434219 130.981094
[2]: 127.838120 128.233978
[2]: 141.303375 143.741364
[2]: 137.764740 136.178146
[2]: 113.927971 114.198883
[2]: 128.598969 130.096924
[2]: 122.492477 122.856323
[2]: 140.406601 141.394409
[2]: 131.668289 131.694214
[2]: 125.369995 125.654327
[2]: 133.734497 135.343277
[2]: 67.192680 68.268845
[2]: 131.000641 129.859833
[2]: 117.397774 117.726288
[2]: 130.644562 129.149658
[2]: 145.088333 144.983566
[2]: 141.568008 140.783249
[2]: 138.086197 136.607025
[2]: 123.816956 122.202629
[2]: 115.847908 115.770721
[2]: 125.450058 127.232552
[2]: 140.594986 141.488953
[2]: 116.667252 117.123810
[2]: 185.812897 187.028641
[2]: 115.148270 115.487915
[2]: 116.369675 115.701958
[2]: 126.398491 126.823853
[2]: 118.544373 119.795769
[1]: 126.533730 124.435265
[1]: 126.670265 126.022057
[1]: 137.227615 136.218262
[1]: 196.256134 195.582352
[1]: 127.087425 128.496063
[1]: 127.727310 127.885963
[1]: 126.688766 126.182396
[1]: 126.443893 126.707695
[1]: 138.427490 139.348587
[1]: 128.759171 128.695145
[1]: 120.796318 120.969055
[1]: 130.161880 129.116302
[1]: 128.584396 129.162750
[1]: 133.490356 133.181931
[1]: 132.514771 133.151993
[1]: 118.270439 118.258011
[1]: 134.057892 134.611816
[1]: 190.683945 191.817841
[1]: 133.114471 132.786499
[1]: 123.380714 122.490532
[1]: 126.219147 125.744560
[1]: 136.654800 135.743011
[1]: 139.879929 140.021667
[1]: 133.659393 134.113419
[1]: 129.006454 129.365189
[1]: 119.496117 119.186768
[1]: 121.398819 122.164551
[1]: 135.155197 136.165558
[1]: 126.293205 127.482735
[1]: 132.717209 131.550781
[1]: 118.796783 119.676590
[1]: 115.938843 117.413986
[1]: 125.739899 126.122925
[1]: 129.350800 130.843796
[0]: 125.880745 124.891190
[0]: 117.189728 117.632103
[0]: 117.896317 117.247887
[0]: 92.635864 91.521843
[0]: 115.743935 115.437042
[0]: 129.319565 129.795883
[0]: 122.988731 121.578682
[0]: 124.210121 123.861870
[0]: 106.235931 103.972305
[0]: 119.588280 121.032570
[0]: 153.385483 151.454742
[0]: 125.459732 124.158813
[0]: 132.232483 131.248230
[0]: 105.771385 105.238052
[0]: 116.422562 117.011108
[0]: 129.891327 130.063766
[0]: 116.569176 116.268654
[0]: 155.513077 155.970764
[0]: 123.995354 124.307205
[0]: 140.106430 141.321823
[0]: 125.166496 127.129501
[0]: 103.818451 105.662453
[0]: 105.955605 105.882210
[0]: 110.057648 112.333275
[0]: 125.550766 126.447815
[0]: 147.257782 147.295670
[0]: 131.179581 128.576889
[0]: 113.552399 112.386185
[0]: 140.040787 138.924698
[0]: 186.621231 185.904358
[0]: 143.936417 143.981277
[0]: 145.200134 146.401062
[0]: 127.742554 127.767845
[0]: 138.661758 137.356873
