[4]: 134.111542 132.432159
[4]: 125.732353 126.836334
[4]: 116.470993 117.904129
[4]: 172.112869 173.930054
[4]: 127.615623 124.594322
[4]: 127.331711 126.765602
[4]: 122.974060 122.387993
[4]: 128.969818 126.389420
[4]: 115.877533 111.252876
[4]: 122.879028 123.659187
[4]: 136.032547 133.923080
[4]: 128.083557 128.397034
[4]: 128.982315 127.930695
[4]: 122.679298 122.162163
[4]: 123.901192 123.592026
[4]: 135.261047 132.753708
[4]: 120.950478 118.670052
[4]: 68.457634 67.263580
[4]: 126.056755 125.855522
[4]: 129.859528 131.628586
[4]: 128.827469 130.921097
[4]: 112.143456 113.843704
[4]: 116.696587 117.078583
[4]: 122.251060 123.219727
[4]: 127.005974 128.845459
[4]: 136.337845 137.093811
[4]: 135.514694 133.075012
[4]: 119.905914 118.086906
[4]: 131.513916 129.906662
[4]: 71.137085 74.227898
[4]: 134.207825 133.324158
[4]: 138.019104 140.945679
[4]: 131.479874 131.868683
[4]: 131.839722 128.115768
[3]: 125.845428 129.667557
[3]: 129.646210 129.926086
[3]: 128.168488 127.448074
[3]: 61.198357 60.540619
[3]: 130.993439 131.771637
[3]: 127.594841 126.479179
[3]: 135.392334 135.141663
[3]: 128.872559 130.633560
[3]: 134.419632 135.352875
[3]: 126.994446 125.978561
[3]: 116.392181 119.108917
[3]: 126.127518 127.657806
[3]: 127.307816 128.203644
[3]: 132.076233 132.660767
[3]: 128.246368 129.234131
[3]: 131.309219 131.750046
[3]: 133.717117 132.714172
[3]: 160.366150 155.685638
[3]: 123.303207 124.603302
[3]: 123.762390 122.442459
[3]: 127.060753 124.990410
[3]: 139.706650 136.959061
[3]: 132.080536 132.554504
[3]: 131.196243 128.384995
[3]: 131.159271 129.326920
[3]: 121.485847 120.673088
[3]: 126.140579 128.321609
[3]: 128.413605 128.891006
[3]: 124.959816 125.635117
[3]: 66.483971 64.354279
[3]: 128.875214 128.957504
[3]: 122.058800 117.774368
[3]: 125.383186 124.986511
[3]: 120.016495 121.671371
[2]: 127.053268 127.894775
[2]: 136.477600 136.264862
[2]: 136.635590 137.254089
[2]: 112.039177 113.327965
[2]: 136.859268 139.689117
[2]: 126.243073 126.364342
[2]: 128.577011 130.981094
[2]: 127.740227 128.233978
[2]: 139.116272 143.741364
[2]: 138.561111 136.178146
[2]: 114.151497 114.198883
[2]: 128.283127 130.096924
[2]: 123.526039 122.856323
[2]: 140.129578 141.394409
[2]: 132.912857 131.694214
[2]: 124.800301 125.654327
[2]: 133.134720 135.343277
[2]: 65.889267 68.268845
[2]: 130.186401 129.859833
[2]: 119.393860 117.726288
[2]: 131.688141 129.149658
[2]: 146.183243 144.983566
[2]: 141.921249 140.783249
[2]: 137.786377 136.607025
[2]: 124.721306 122.202629
[2]: 115.925598 115.770721
[2]: 125.097122 127.232552
[2]: 138.382462 141.488953
[2]: 115.397736 117.123810
[2]: 185.308533 187.028641
[2]: 116.491135 115.487915
[2]: 117.320007 115.701958
[2]: 127.485435 126.823853
[2]: 117.370193 119.795769
[1]: 126.962273 124.435265
[1]: 127.053368 126.022057
[1]: 137.869461 136.218262
[1]: 195.810654 195.582352
[1]: 126.808945 128.496063
[1]: 127.216957 127.885963
[1]: 126.354958 126.182396
[1]: 125.476936 126.707695
[1]: 136.982803 139.348587
[1]: 128.338699 128.695145
[1]: 119.873665 120.969055
[1]: 130.559860 129.116302
[1]: 128.340027 129.162750
[1]: 133.639755 133.181931
[1]: 133.250336 133.151993
[1]: 117.299805 118.258011
[1]: 133.434235 134.611816
[1]: 190.662537 191.817841
[1]: 134.071960 132.786499
[1]: 122.981094 122.490532
[1]: 126.203812 125.744560
[1]: 137.031662 135.743011
[1]: 139.761337 140.021667
[1]: 133.877792 134.113419
[1]: 128.059036 129.365189
[1]: 119.738464 119.186768
[1]: 121.216179 122.164551
[1]: 135.067062 136.165558
[1]: 125.730141 127.482735
[1]: 134.720184 131.550781
[1]: 119.070404 119.676590
[1]: 115.387863 117.413986
[1]: 126.946327 126.122925
[1]: 128.415329 130.843796
[0]: 125.301331 124.891190
[0]: 117.548393 117.632103
[0]: 116.676231 117.247887
[0]: 92.645966 91.521843
[0]: 117.679626 115.437042
[0]: 128.862503 129.795883
[0]: 123.043221 121.578682
[0]: 124.836853 123.861870
[0]: 107.225761 103.972305
[0]: 118.388466 121.032570
[0]: 153.876953 151.454742
[0]: 126.494476 124.158813
[0]: 131.364548 131.248230
[0]: 105.741974 105.238052
[0]: 116.130707 117.011108
[0]: 129.833557 130.063766
[0]: 116.195755 116.268654
[0]: 154.879120 155.970764
[0]: 123.653793 124.307205
[0]: 139.710495 141.321823
[0]: 123.783028 127.129501
[0]: 101.341248 105.662453
[0]: 105.470474 105.882210
[0]: 108.932693 112.333275
[0]: 125.153580 126.447815
[0]: 146.791199 147.295670
[0]: 131.691879 128.576889
[0]: 115.238197 112.386185
[0]: 142.012344 138.924698
[0]: 186.112534 185.904358
[0]: 143.026703 143.981277
[0]: 145.653625 146.401062
[0]: 126.072960 127.767845
[0]: 140.663361 137.356873
