[4]: 132.496597 132.432159
[4]: 126.808556 126.836334
[4]: 117.868698 117.904129
[4]: 173.919495 173.930054
[4]: 124.621788 124.594322
[4]: 126.787086 126.765602
[4]: 122.345802 122.387993
[4]: 126.422348 126.389420
[4]: 111.330032 111.252876
[4]: 123.631302 123.659187
[4]: 133.873215 133.923080
[4]: 128.417191 128.397034
[4]: 127.949997 127.930695
[4]: 122.154678 122.162163
[4]: 123.552460 123.592026
[4]: 132.830109 132.753708
[4]: 118.642944 118.670052
[4]: 67.277420 67.263580
[4]: 125.789146 125.855522
[4]: 131.672821 131.628586
[4]: 130.829163 130.921097
[4]: 113.843025 113.843704
[4]: 117.089066 117.078583
[4]: 123.253487 123.219727
[4]: 128.916168 128.845459
[4]: 137.085495 137.093811
[4]: 133.090729 133.075012
[4]: 118.097305 118.086906
[4]: 129.878448 129.906662
[4]: 74.238983 74.227898
[4]: 133.285416 133.324158
[4]: 140.870209 140.945679
[4]: 131.883286 131.868683
[4]: 128.082886 128.115768
[3]: 129.678421 129.667557
[3]: 129.903458 129.926086
[3]: 127.451416 127.448074
[3]: 60.546009 60.540619
[3]: 131.775726 131.771637
[3]: 126.505692 126.479179
[3]: 135.160629 135.141663
[3]: 130.605423 130.633560
[3]: 135.384827 135.352875
[3]: 125.984947 125.978561
[3]: 119.108940 119.108917
[3]: 127.668900 127.657806
[3]: 128.217178 128.203644
[3]: 132.704849 132.660767
[3]: 129.300369 129.234131
[3]: 131.744308 131.750046
[3]: 132.710388 132.714172
[3]: 155.661102 155.685638
[3]: 124.599655 124.603302
[3]: 122.431381 122.442459
[3]: 125.013023 124.990410
[3]: 136.970139 136.959061
[3]: 132.593109 132.554504
[3]: 128.404007 128.384995
[3]: 129.321503 129.326920
[3]: 120.686760 120.673088
[3]: 128.342560 128.321609
[3]: 128.908447 128.891006
[3]: 125.644028 125.635117
[3]: 64.336479 64.354279
[3]: 128.972778 128.957504
[3]: 117.747269 117.774368
[3]: 125.019341 124.986511
[3]: 121.666954 121.671371
[2]: 127.767181 127.894775
[2]: 136.294998 136.264862
[2]: 137.297394 137.254089
[2]: 113.297394 113.327965
[2]: 139.671082 139.689117
[2]: 126.275284 126.364342
[2]: 130.954193 130.981094
[2]: 128.198822 128.233978
[2]: 143.698944 143.741364
[2]: 136.198898 136.178146
[2]: 114.243912 114.198883
[2]: 130.061142 130.096924
[2]: 122.841331 122.856323
[2]: 141.443924 141.394409
[2]: 131.683380 131.694214
[2]: 125.547531 125.654327
[2]: 135.364838 135.343277
[2]: 68.295074 68.268845
[2]: 129.918350 129.859833
[2]: 117.681137 117.726288
[2]: 129.260040 129.149658
[2]: 144.966400 144.983566
[2]: 140.778351 140.783249
[2]: 136.576904 136.607025
[2]: 122.164017 122.202629
[2]: 115.772125 115.770721
[2]: 127.170242 127.232552
[2]: 141.430435 141.488953
[2]: 117.126984 117.123810
[2]: 187.102249 187.028641
[2]: 115.528458 115.487915
[2]: 115.837494 115.701958
[2]: 126.811958 126.823853
[2]: 119.837418 119.795769
[1]: 124.439102 124.435265
[1]: 126.008179 126.022057
[1]: 136.225739 136.218262
[1]: 195.587555 195.582352
[1]: 128.500504 128.496063
[1]: 127.898857 127.885963
[1]: 126.213821 126.182396
[1]: 126.728981 126.707695
[1]: 139.333588 139.348587
[1]: 128.688766 128.695145
[1]: 121.028755 120.969055
[1]: 129.122726 129.116302
[1]: 129.144775 129.162750
[1]: 133.169403 133.181931
[1]: 133.168549 133.151993
[1]: 118.248657 118.258011
[1]: 134.609528 134.611816
[1]: 191.809326 191.817841
[1]: 132.774719 132.786499
[1]: 122.513367 122.490532
[1]: 125.727341 125.744560
[1]: 135.769348 135.743011
[1]: 139.989243 140.021667
[1]: 134.109482 134.113419
[1]: 129.349335 129.365189
[1]: 119.184135 119.186768
[1]: 122.194183 122.164551
[1]: 136.165741 136.165558
[1]: 127.439568 127.482735
[1]: 131.578827 131.550781
[1]: 119.676537 119.676590
[1]: 117.393753 117.413986
[1]: 126.104416 126.122925
[1]: 130.839859 130.843796
[0]: 124.938942 124.891190
[0]: 117.671539 117.632103
[0]: 117.232857 117.247887
[0]: 91.461266 91.521843
[0]: 115.421074 115.437042
[0]: 129.825546 129.795883
[0]: 121.602699 121.578682
[0]: 123.871986 123.861870
[0]: 103.923981 103.972305
[0]: 121.044380 121.032570
[0]: 151.394043 151.454742
[0]: 124.154869 124.158813
[0]: 131.246796 131.248230
[0]: 105.159142 105.238052
[0]: 116.973663 117.011108
[0]: 130.112274 130.063766
[0]: 116.285957 116.268654
[0]: 155.974945 155.970764
[0]: 124.331879 124.307205
[0]: 141.308105 141.321823
[0]: 127.102791 127.129501
[0]: 105.649475 105.662453
[0]: 105.871559 105.882210
[0]: 112.311958 112.333275
[0]: 126.431671 126.447815
[0]: 147.287750 147.295670
[0]: 128.569183 128.576889
[0]: 112.423553 112.386185
[0]: 138.986740 138.924698
[0]: 185.886612 185.904358
[0]: 143.962296 143.981277
[0]: 146.382675 146.401062
[0]: 127.745598 127.767845
[0]: 137.359924 137.356873
