[4]: 132.432159 92.098946
[4]: 126.836334 130.755371
[4]: 117.904129 127.413284
[4]: 173.930054 181.502258
[4]: 124.594322 136.919174
[4]: 126.765602 129.069458
[4]: 122.387993 127.617065
[4]: 126.389420 135.061829
[4]: 111.252876 132.088364
[4]: 123.659187 132.353363
[4]: 133.923080 124.627556
[4]: 128.397034 126.033211
[4]: 127.930695 124.016045
[4]: 122.162163 140.084457
[4]: 123.592026 127.297523
[4]: 132.753708 128.551773
[4]: 118.670052 132.538589
[4]: 67.263580 59.134583
[4]: 125.855522 130.732742
[4]: 131.628586 128.080643
[4]: 130.921097 133.422821
[4]: 113.843704 136.578995
[4]: 117.078583 134.338455
[4]: 123.219727 135.481094
[4]: 128.845459 125.591919
[4]: 137.093811 119.516212
[4]: 133.075012 126.361252
[4]: 118.086906 130.707687
[4]: 129.906662 121.304543
[4]: 74.227898 125.032951
[4]: 133.324158 124.709419
[4]: 140.945679 165.857361
[4]: 131.868683 131.398117
[4]: 128.115768 118.677422
[3]: 129.667557 170.760178
[3]: 129.926086 126.538162
[3]: 127.448074 124.783356
[3]: 60.540619 87.099380
[3]: 131.771637 129.312286
[3]: 126.479179 127.205734
[3]: 135.141663 128.498383
[3]: 130.633560 128.543655
[3]: 135.352875 126.876274
[3]: 125.978561 125.326294
[3]: 119.108917 126.305763
[3]: 127.657806 128.703415
[3]: 128.203644 127.438591
[3]: 132.660767 127.605965
[3]: 129.234131 127.259071
[3]: 131.750046 129.749252
[3]: 132.714172 126.858002
[3]: 155.685638 127.106483
[3]: 124.603302 126.464615
[3]: 122.442459 126.517952
[3]: 124.990410 126.396942
[3]: 136.959061 127.903915
[3]: 132.554504 127.176743
[3]: 128.384995 127.256294
[3]: 129.326920 128.031708
[3]: 120.673088 125.121597
[3]: 128.321609 129.071548
[3]: 128.891006 127.107773
[3]: 125.635117 128.966492
[3]: 64.354279 63.084721
[3]: 128.957504 128.878403
[3]: 117.774368 83.408371
[3]: 124.986511 128.229050
[3]: 121.671371 125.508011
[2]: 127.894775 169.195068
[2]: 136.264862 128.900269
[2]: 137.254089 129.888306
[2]: 113.327965 83.995880
[2]: 139.689117 128.987305
[2]: 126.364342 128.306702
[2]: 130.981094 127.094292
[2]: 128.233978 128.427109
[2]: 143.741364 127.747215
[2]: 136.178146 129.372269
[2]: 114.198883 126.147888
[2]: 130.096924 127.555229
[2]: 122.856323 128.752975
[2]: 141.394409 129.868347
[2]: 131.694214 127.808731
[2]: 125.654327 125.902763
[2]: 135.343277 130.561768
[2]: 68.268845 129.125046
[2]: 129.859833 130.163849
[2]: 117.726288 126.793289
[2]: 129.149658 129.511261
[2]: 144.983566 128.404922
[2]: 140.783249 129.573746
[2]: 136.607025 128.703842
[2]: 122.202629 125.475067
[2]: 115.770721 127.952164
[2]: 127.232552 125.944313
[2]: 141.488953 128.179367
[2]: 117.123810 125.277382
[2]: 187.028641 191.892426
[2]: 115.487915 126.729942
[2]: 115.701958 84.950203
[2]: 126.823853 127.796165
[2]: 119.795769 127.219215
[1]: 124.435265 87.191032
[1]: 126.022057 128.659988
[1]: 136.218262 136.749939
[1]: 195.582352 182.708862
[1]: 128.496063 138.480820
[1]: 127.885963 126.007904
[1]: 126.182396 127.451256
[1]: 126.707695 133.564117
[1]: 139.348587 130.395630
[1]: 128.695145 127.150505
[1]: 120.969055 116.427620
[1]: 129.116302 124.377396
[1]: 129.162750 133.181503
[1]: 133.181931 138.270920
[1]: 133.151993 131.290771
[1]: 118.258011 120.741577
[1]: 134.611816 141.591690
[1]: 191.817841 193.600235
[1]: 132.786499 138.256180
[1]: 122.490532 123.567619
[1]: 125.744560 125.979240
[1]: 135.743011 130.663406
[1]: 140.021667 138.637787
[1]: 134.113419 137.527176
[1]: 129.365189 124.856949
[1]: 119.186768 118.547935
[1]: 122.164551 120.874649
[1]: 136.165558 133.553238
[1]: 127.482735 124.913651
[1]: 131.550781 123.532845
[1]: 119.676590 126.076286
[1]: 117.413986 159.564377
[1]: 126.122925 129.900345
[1]: 130.843796 123.111961
[0]: 124.891190 80.630142
[0]: 117.632103 121.023926
[0]: 117.247887 116.048615
[0]: 91.521843 133.550323
[0]: 115.437042 101.148712
[0]: 129.795883 125.951828
[0]: 121.578682 125.398193
[0]: 123.861870 105.191376
[0]: 103.972305 116.135376
[0]: 121.032570 120.165695
[0]: 151.454742 149.395660
[0]: 124.158813 134.083893
[0]: 131.248230 125.315071
[0]: 105.238052 92.516701
[0]: 117.011108 120.278473
[0]: 130.063766 134.304153
[0]: 116.268654 101.251572
[0]: 155.970764 133.192703
[0]: 124.307205 107.711281
[0]: 141.321823 130.277481
[0]: 127.129501 120.857681
[0]: 105.662453 111.905525
[0]: 105.882210 103.042442
[0]: 112.333275 101.117409
[0]: 126.447815 134.086426
[0]: 147.295670 153.181458
[0]: 128.576889 139.399963
[0]: 112.386185 116.494873
[0]: 138.924698 140.870911
[0]: 185.904358 136.958771
[0]: 143.981277 135.488815
[0]: 146.401062 185.104614
[0]: 127.767845 117.838936
[0]: 137.356873 147.383530
