[4]: 89.269600 132.432159
[4]: 128.695938 126.836334
[4]: 126.625092 117.904129
[4]: 174.493500 173.930054
[4]: 129.843262 124.594322
[4]: 128.958542 126.765602
[4]: 127.976341 122.387993
[4]: 127.699249 126.389420
[4]: 129.040466 111.252876
[4]: 129.377808 123.659187
[4]: 127.646629 133.923080
[4]: 129.299057 128.397034
[4]: 126.496536 127.930695
[4]: 130.350189 122.162163
[4]: 126.358032 123.592026
[4]: 131.564697 132.753708
[4]: 126.575714 118.670052
[4]: 61.320808 67.263580
[4]: 125.426613 125.855522
[4]: 127.447800 131.628586
[4]: 129.441803 130.921097
[4]: 129.154892 113.843704
[4]: 129.057495 117.078583
[4]: 130.039902 123.219727
[4]: 127.026489 128.845459
[4]: 126.421738 137.093811
[4]: 126.696564 133.075012
[4]: 128.973236 118.086906
[4]: 124.496964 129.906662
[4]: 125.510521 74.227898
[4]: 126.403870 133.324158
[4]: 170.528107 140.945679
[4]: 129.061798 131.868683
[4]: 122.791428 128.115768
[3]: 170.232391 129.667557
[3]: 127.860107 129.926086
[3]: 126.904419 127.448074
[3]: 87.813744 60.540619
[3]: 128.970657 131.771637
[3]: 128.778824 126.479179
[3]: 129.865463 135.141663
[3]: 126.859375 130.633560
[3]: 127.272522 135.352875
[3]: 126.223152 125.978561
[3]: 124.398178 119.108917
[3]: 128.056992 127.657806
[3]: 127.777214 128.203644
[3]: 128.076065 132.660767
[3]: 127.761299 129.234131
[3]: 131.151703 131.750046
[3]: 128.049438 132.714172
[3]: 126.025307 155.685638
[3]: 127.283745 124.603302
[3]: 126.189262 122.442459
[3]: 127.197769 124.990410
[3]: 127.628448 136.959061
[3]: 126.570786 132.554504
[3]: 127.694176 128.384995
[3]: 129.181564 129.326920
[3]: 123.737602 120.673088
[3]: 127.782936 128.321609
[3]: 128.041733 128.891006
[3]: 127.577980 125.635117
[3]: 58.107468 64.354279
[3]: 130.001389 128.957504
[3]: 82.166229 117.774368
[3]: 127.820496 124.986511
[3]: 126.191238 121.671371
[2]: 168.262238 127.894775
[2]: 129.915161 136.264862
[2]: 131.655411 137.254089
[2]: 95.899651 113.327965
[2]: 130.219772 139.689117
[2]: 126.843010 126.364342
[2]: 134.477859 130.981094
[2]: 133.532516 128.233978
[2]: 138.394928 143.741364
[2]: 133.564102 136.178146
[2]: 116.207001 114.198883
[2]: 132.414581 130.096924
[2]: 133.705917 122.856323
[2]: 139.261230 141.394409
[2]: 134.238678 131.694214
[2]: 130.251541 125.654327
[2]: 134.752121 135.343277
[2]: 124.941032 68.268845
[2]: 127.296402 129.859833
[2]: 119.710236 117.726288
[2]: 127.073479 129.149658
[2]: 134.099854 144.983566
[2]: 134.753769 140.783249
[2]: 142.681625 136.607025
[2]: 128.283051 122.202629
[2]: 121.494110 115.770721
[2]: 119.973045 127.232552
[2]: 130.769119 141.488953
[2]: 121.322357 117.123810
[2]: 186.709732 187.028641
[2]: 119.508041 115.487915
[2]: 72.411758 115.701958
[2]: 137.398575 126.823853
[2]: 116.701111 119.795769
[1]: 83.750954 124.435265
[1]: 128.155548 126.022057
[1]: 132.455414 136.218262
[1]: 177.400726 195.582352
[1]: 128.535751 128.496063
[1]: 125.913597 127.885963
[1]: 130.913818 126.182396
[1]: 128.470474 126.707695
[1]: 132.490204 139.348587
[1]: 129.335236 128.695145
[1]: 120.744148 120.969055
[1]: 127.409431 129.116302
[1]: 131.453735 129.162750
[1]: 131.007828 133.181931
[1]: 131.562714 133.151993
[1]: 125.093933 118.258011
[1]: 133.662933 134.611816
[1]: 191.220032 191.817841
[1]: 129.660095 132.786499
[1]: 121.641594 122.490532
[1]: 124.141884 125.744560
[1]: 130.531357 135.743011
[1]: 130.416885 140.021667
[1]: 134.154968 134.113419
[1]: 130.534210 129.365189
[1]: 123.816154 119.186768
[1]: 124.336548 122.164551
[1]: 129.796783 136.165558
[1]: 127.779167 127.482735
[1]: 119.096275 131.550781
[1]: 125.981064 119.676590
[1]: 162.095322 117.413986
[1]: 130.814255 126.122925
[1]: 126.450150 130.843796
[0]: 137.623154 124.891190
[0]: 120.620712 117.632103
[0]: 115.808624 117.247887
[0]: 80.202408 91.521843
[0]: 121.080139 115.437042
[0]: 126.024521 129.795883
[0]: 107.568321 121.578682
[0]: 116.638985 123.861870
[0]: 100.507469 103.972305
[0]: 113.355217 121.032570
[0]: 157.806290 151.454742
[0]: 120.416962 124.158813
[0]: 116.681900 131.248230
[0]: 99.355103 105.238052
[0]: 110.904594 117.011108
[0]: 116.517723 130.063766
[0]: 110.505013 116.268654
[0]: 142.418854 155.970764
[0]: 128.320892 124.307205
[0]: 144.753448 141.321823
[0]: 131.121155 127.129501
[0]: 113.266830 105.662453
[0]: 113.109787 105.882210
[0]: 90.298706 112.333275
[0]: 118.410278 126.447815
[0]: 149.870377 147.295670
[0]: 145.689484 128.576889
[0]: 117.441597 112.386185
[0]: 141.089722 138.924698
[0]: 169.279755 185.904358
[0]: 142.277649 143.981277
[0]: 148.504456 146.401062
[0]: 106.174767 127.767845
[0]: 152.418945 137.356873
