[4]: 135.602325 132.432159
[4]: 129.839188 126.836334
[4]: 123.203644 117.904129
[4]: 166.838318 173.930054
[4]: 122.661171 124.594322
[4]: 128.934509 126.765602
[4]: 127.441589 122.387993
[4]: 122.846527 126.389420
[4]: 121.422913 111.252876
[4]: 124.189026 123.659187
[4]: 126.239273 133.923080
[4]: 135.203873 128.397034
[4]: 125.694695 127.930695
[4]: 125.452446 122.162163
[4]: 127.074471 123.592026
[4]: 127.716888 132.753708
[4]: 117.862778 118.670052
[4]: 65.346176 67.263580
[4]: 129.816605 125.855522
[4]: 127.000076 131.628586
[4]: 126.053528 130.921097
[4]: 120.207001 113.843704
[4]: 115.728996 117.078583
[4]: 125.945534 123.219727
[4]: 127.882553 128.845459
[4]: 131.021027 137.093811
[4]: 130.847458 133.075012
[4]: 122.978668 118.086906
[4]: 129.949051 129.906662
[4]: 65.145187 74.227898
[4]: 127.050949 133.324158
[4]: 130.687424 140.945679
[4]: 125.215210 131.868683
[4]: 126.211693 128.115768
[3]: 129.622971 129.667557
[3]: 127.929741 129.926086
[3]: 123.256790 127.448074
[3]: 66.871048 60.540619
[3]: 139.462021 131.771637
[3]: 126.000557 126.479179
[3]: 134.162613 135.141663
[3]: 138.335678 130.633560
[3]: 134.710892 135.352875
[3]: 129.881424 125.978561
[3]: 118.459091 119.108917
[3]: 121.167999 127.657806
[3]: 131.118423 128.203644
[3]: 134.279678 132.660767
[3]: 128.243332 129.234131
[3]: 140.016785 131.750046
[3]: 139.963409 132.714172
[3]: 171.626450 155.685638
[3]: 120.082138 124.603302
[3]: 127.742340 122.442459
[3]: 128.791519 124.990410
[3]: 140.448242 136.959061
[3]: 138.159927 132.554504
[3]: 134.034698 128.384995
[3]: 132.191849 129.326920
[3]: 121.172752 120.673088
[3]: 125.557785 128.321609
[3]: 128.693863 128.891006
[3]: 125.847366 125.635117
[3]: 72.828438 64.354279
[3]: 133.926651 128.957504
[3]: 123.048790 117.774368
[3]: 129.206970 124.986511
[3]: 120.395088 121.671371
[2]: 130.458923 127.894775
[2]: 131.319046 136.264862
[2]: 129.130173 137.254089
[2]: 121.076538 113.327965
[2]: 146.550949 139.689117
[2]: 128.666122 126.364342
[2]: 126.093987 130.981094
[2]: 141.323608 128.233978
[2]: 136.300705 143.741364
[2]: 143.220413 136.178146
[2]: 121.935608 114.198883
[2]: 115.478317 130.096924
[2]: 123.125366 122.856323
[2]: 141.744217 141.394409
[2]: 128.393539 131.694214
[2]: 132.789612 125.654327
[2]: 144.283585 135.343277
[2]: 71.543282 68.268845
[2]: 123.657806 129.859833
[2]: 128.670029 117.726288
[2]: 137.307388 129.149658
[2]: 144.354660 144.983566
[2]: 149.541901 140.783249
[2]: 137.382050 136.607025
[2]: 123.412292 122.202629
[2]: 116.799232 115.770721
[2]: 129.483536 127.232552
[2]: 137.448486 141.488953
[2]: 116.074425 117.123810
[2]: 188.985809 187.028641
[2]: 127.079147 115.487915
[2]: 121.736877 115.701958
[2]: 136.009460 126.823853
[2]: 124.392159 119.795769
[1]: 127.809738 124.435265
[1]: 125.611427 126.022057
[1]: 135.302872 136.218262
[1]: 196.894470 195.582352
[1]: 126.232849 128.496063
[1]: 126.972557 127.885963
[1]: 127.116501 126.182396
[1]: 122.820999 126.707695
[1]: 131.836670 139.348587
[1]: 126.824806 128.695145
[1]: 130.051010 120.969055
[1]: 128.284012 129.116302
[1]: 129.664825 129.162750
[1]: 129.117386 133.181931
[1]: 129.604050 133.151993
[1]: 120.624481 118.258011
[1]: 131.661316 134.611816
[1]: 192.651321 191.817841
[1]: 130.713974 132.786499
[1]: 125.736130 122.490532
[1]: 126.219048 125.744560
[1]: 128.881943 135.743011
[1]: 131.089493 140.021667
[1]: 128.792358 134.113419
[1]: 127.382156 129.365189
[1]: 125.730537 119.186768
[1]: 125.568916 122.164551
[1]: 131.946671 136.165558
[1]: 127.455101 127.482735
[1]: 143.212555 131.550781
[1]: 124.215248 119.676590
[1]: 121.478226 117.413986
[1]: 129.496277 126.122925
[1]: 131.228592 130.843796
[0]: 114.710136 124.891190
[0]: 122.353531 117.632103
[0]: 125.432465 117.247887
[0]: 75.927643 91.521843
[0]: 104.413170 115.437042
[0]: 126.496666 129.795883
[0]: 121.363007 121.578682
[0]: 109.832664 123.861870
[0]: 109.677422 103.972305
[0]: 110.748550 121.032570
[0]: 142.185501 151.454742
[0]: 140.292587 124.158813
[0]: 129.560333 131.248230
[0]: 103.790916 105.238052
[0]: 121.555519 117.011108
[0]: 116.585426 130.063766
[0]: 102.764076 116.268654
[0]: 133.536835 155.970764
[0]: 133.657257 124.307205
[0]: 125.285736 141.321823
[0]: 119.066566 127.129501
[0]: 103.213562 105.662453
[0]: 101.641205 105.882210
[0]: 108.009384 112.333275
[0]: 125.150764 126.447815
[0]: 145.142776 147.295670
[0]: 127.928261 128.576889
[0]: 116.094635 112.386185
[0]: 139.787048 138.924698
[0]: 173.361343 185.904358
[0]: 128.187073 143.981277
[0]: 141.139099 146.401062
[0]: 116.657600 127.767845
[0]: 135.302841 137.356873
