[2]: 127.894775 127.564590
[2]: 136.264862 85.167397
[2]: 137.254089 128.846024
[2]: 113.327965 127.944237
[2]: 139.689117 170.106049
[2]: 126.364342 127.275177
[2]: 130.981094 126.923126
[2]: 128.233978 128.726364
[2]: 143.741364 127.150429
[2]: 136.178146 125.878036
[2]: 114.198883 128.191437
[2]: 130.096924 126.849144
[2]: 122.856323 128.075867
[2]: 141.394409 128.635071
[2]: 131.694214 125.924332
[2]: 125.654327 128.190323
[2]: 135.343277 126.531029
[2]: 68.268845 128.050293
[2]: 129.859833 127.064850
[2]: 117.726288 127.241188
[2]: 129.149658 128.954666
[2]: 144.983566 129.436752
[2]: 140.783249 127.025284
[2]: 136.607025 128.186188
[2]: 122.202629 125.955101
[2]: 115.770721 169.865723
[2]: 127.232552 127.170326
[2]: 141.488953 127.985191
[2]: 117.123810 127.236862
[2]: 187.028641 126.601845
[2]: 115.487915 128.033798
[2]: 115.701958 128.269897
[2]: 126.823853 170.811981
[2]: 119.795769 128.965240
[1]: 124.435265 127.750336
[1]: 126.022057 126.586380
[1]: 136.218262 124.634521
[1]: 195.582352 127.074051
[1]: 128.496063 129.504974
[1]: 127.885963 126.421165
[1]: 126.182396 127.546982
[1]: 126.707695 125.733810
[1]: 139.348587 127.767258
[1]: 128.695145 129.151871
[1]: 120.969055 127.599190
[1]: 129.116302 128.994400
[1]: 129.162750 126.908066
[1]: 133.181931 126.516678
[1]: 133.151993 129.282150
[1]: 118.258011 127.991158
[1]: 134.611816 130.376068
[1]: 191.817841 126.955193
[1]: 132.786499 127.923286
[1]: 122.490532 126.180977
[1]: 125.744560 126.296791
[1]: 135.743011 125.532722
[1]: 140.021667 128.824829
[1]: 134.113419 125.590439
[1]: 129.365189 129.833725
[1]: 119.186768 42.222546
[1]: 122.164551 129.860214
[1]: 136.165558 126.586960
[1]: 127.482735 128.287796
[1]: 131.550781 129.414642
[1]: 119.676590 128.897339
[1]: 117.413986 125.261459
[1]: 126.122925 127.513199
[1]: 130.843796 124.279388
[0]: 124.891190 128.384705
[0]: 117.632103 170.223877
[0]: 117.247887 128.631668
[0]: 91.521843 127.554901
[0]: 115.437042 85.372612
[0]: 129.795883 128.557373
[0]: 121.578682 127.596642
[0]: 123.861870 127.199608
[0]: 103.972305 126.448715
[0]: 121.032570 126.551186
[0]: 151.454742 126.865784
[0]: 124.158813 127.983482
[0]: 131.248230 128.532669
[0]: 105.238052 126.654083
[0]: 117.011108 126.131172
[0]: 130.063766 126.764076
[0]: 116.268654 126.278519
[0]: 155.970764 128.330154
[0]: 124.307205 127.616676
[0]: 141.321823 127.252060
[0]: 127.129501 127.472038
[0]: 105.662453 128.401596
[0]: 105.882210 127.029320
[0]: 112.333275 127.698395
[0]: 126.447815 126.047020
[0]: 147.295670 170.063828
[0]: 128.576889 126.532486
[0]: 112.386185 128.339294
[0]: 138.924698 127.451332
[0]: 185.904358 126.490173
[0]: 143.981277 127.214790
[0]: 146.401062 128.402405
[0]: 127.767845 84.600639
[0]: 137.356873 128.965775
