[4]: 133.719467 132.432159
[4]: 126.156570 126.836334
[4]: 116.932884 117.904129
[4]: 172.691910 173.930054
[4]: 126.340782 124.594322
[4]: 126.126015 126.765602
[4]: 122.224007 122.387993
[4]: 128.059845 126.389420
[4]: 113.134705 111.252876
[4]: 123.378601 123.659187
[4]: 134.753098 133.923080
[4]: 128.963287 128.397034
[4]: 129.183502 127.930695
[4]: 122.849823 122.162163
[4]: 125.122223 123.592026
[4]: 134.141968 132.753708
[4]: 120.031738 118.670052
[4]: 67.289223 67.263580
[4]: 125.189735 125.855522
[4]: 130.929260 131.628586
[4]: 129.896255 130.921097
[4]: 113.572762 113.843704
[4]: 117.252823 117.078583
[4]: 122.174416 123.219727
[4]: 127.537231 128.845459
[4]: 136.881638 137.093811
[4]: 135.661591 133.075012
[4]: 117.800476 118.086906
[4]: 130.725220 129.906662
[4]: 73.094749 74.227898
[4]: 134.045319 133.324158
[4]: 139.054092 140.945679
[4]: 132.002136 131.868683
[4]: 129.927917 128.115768
[3]: 126.774719 129.667557
[3]: 129.131561 129.926086
[3]: 127.191040 127.448074
[3]: 60.743061 60.540619
[3]: 131.952637 131.771637
[3]: 127.485893 126.479179
[3]: 135.110916 135.141663
[3]: 129.805679 130.633560
[3]: 134.456894 135.352875
[3]: 126.166031 125.978561
[3]: 117.363556 119.108917
[3]: 125.952942 127.657806
[3]: 127.242004 128.203644
[3]: 132.505203 132.660767
[3]: 128.671616 129.234131
[3]: 130.692017 131.750046
[3]: 132.961227 132.714172
[3]: 158.444458 155.685638
[3]: 124.127960 124.603302
[3]: 124.116394 122.442459
[3]: 125.799500 124.990410
[3]: 138.143356 136.959061
[3]: 131.618546 132.554504
[3]: 130.627686 128.384995
[3]: 130.168610 129.326920
[3]: 121.010788 120.673088
[3]: 125.771751 128.321609
[3]: 129.894241 128.891006
[3]: 125.800438 125.635117
[3]: 65.133354 64.354279
[3]: 129.292740 128.957504
[3]: 121.508636 117.774368
[3]: 125.620728 124.986511
[3]: 121.420937 121.671371
[2]: 126.694366 127.894775
[2]: 137.140228 136.264862
[2]: 136.476608 137.254089
[2]: 111.901604 113.327965
[2]: 138.444824 139.689117
[2]: 126.658195 126.364342
[2]: 129.196716 130.981094
[2]: 128.034653 128.233978
[2]: 141.787979 143.741364
[2]: 137.678436 136.178146
[2]: 114.143730 114.198883
[2]: 128.464432 130.096924
[2]: 122.509521 122.856323
[2]: 140.353271 141.394409
[2]: 131.668320 131.694214
[2]: 125.204048 125.654327
[2]: 133.852676 135.343277
[2]: 67.340927 68.268845
[2]: 130.955933 129.859833
[2]: 117.132423 117.726288
[2]: 130.936493 129.149658
[2]: 145.210342 144.983566
[2]: 141.793488 140.783249
[2]: 137.909805 136.607025
[2]: 123.684090 122.202629
[2]: 115.585052 115.770721
[2]: 125.167557 127.232552
[2]: 140.757477 141.488953
[2]: 116.571671 117.123810
[2]: 185.887100 187.028641
[2]: 115.335907 115.487915
[2]: 116.613815 115.701958
[2]: 126.204842 126.823853
[2]: 118.768623 119.795769
[1]: 126.434143 124.435265
[1]: 126.812050 126.022057
[1]: 137.311432 136.218262
[1]: 196.290390 195.582352
[1]: 127.322380 128.496063
[1]: 127.826424 127.885963
[1]: 126.292175 126.182396
[1]: 126.054672 126.707695
[1]: 138.153931 139.348587
[1]: 128.346848 128.695145
[1]: 120.736954 120.969055
[1]: 130.609665 129.116302
[1]: 128.447968 129.162750
[1]: 133.172806 133.181931
[1]: 132.725769 133.151993
[1]: 118.544731 118.258011
[1]: 134.134430 134.611816
[1]: 190.775238 191.817841
[1]: 133.181656 132.786499
[1]: 123.138786 122.490532
[1]: 125.865875 125.744560
[1]: 136.667450 135.743011
[1]: 139.783630 140.021667
[1]: 133.598328 134.113419
[1]: 128.813217 129.365189
[1]: 119.405563 119.186768
[1]: 121.538521 122.164551
[1]: 134.849014 136.165558
[1]: 126.053665 127.482735
[1]: 132.627609 131.550781
[1]: 118.943848 119.676590
[1]: 116.206276 117.413986
[1]: 125.826424 126.122925
[1]: 129.241455 130.843796
[0]: 125.731209 124.891190
[0]: 117.359276 117.632103
[0]: 118.139908 117.247887
[0]: 92.483086 91.521843
[0]: 115.896599 115.437042
[0]: 129.150070 129.795883
[0]: 123.601036 121.578682
[0]: 123.881531 123.861870
[0]: 106.199745 103.972305
[0]: 119.846924 121.032570
[0]: 152.953247 151.454742
[0]: 125.489708 124.158813
[0]: 132.135254 131.248230
[0]: 105.631081 105.238052
[0]: 116.381233 117.011108
[0]: 129.930176 130.063766
[0]: 116.586739 116.268654
[0]: 155.450027 155.970764
[0]: 123.885925 124.307205
[0]: 140.263885 141.321823
[0]: 125.269653 127.129501
[0]: 103.258629 105.662453
[0]: 105.732849 105.882210
[0]: 110.039604 112.333275
[0]: 125.949379 126.447815
[0]: 147.242096 147.295670
[0]: 131.496506 128.576889
[0]: 113.727509 112.386185
[0]: 140.111404 138.924698
[0]: 186.713898 185.904358
[0]: 143.946701 143.981277
[0]: 144.807755 146.401062
[0]: 127.902367 127.767845
[0]: 138.591904 137.356873
