[4]: 132.767090 132.432159
[4]: 125.655861 126.836334
[4]: 117.495399 117.904129
[4]: 173.751144 173.930054
[4]: 125.682182 124.594322
[4]: 126.456871 126.765602
[4]: 121.607735 122.387993
[4]: 127.849693 126.389420
[4]: 112.513161 111.252876
[4]: 122.679565 123.659187
[4]: 134.496109 133.923080
[4]: 128.905502 128.397034
[4]: 128.760895 127.930695
[4]: 123.517365 122.162163
[4]: 125.128510 123.592026
[4]: 133.452911 132.753708
[4]: 119.396385 118.670052
[4]: 67.517120 67.263580
[4]: 124.701050 125.855522
[4]: 131.764145 131.628586
[4]: 130.457581 130.921097
[4]: 113.781509 113.843704
[4]: 117.378151 117.078583
[4]: 122.490646 123.219727
[4]: 128.124390 128.845459
[4]: 136.809738 137.093811
[4]: 135.003647 133.075012
[4]: 117.830269 118.086906
[4]: 130.582687 129.906662
[4]: 73.830582 74.227898
[4]: 134.258759 133.324158
[4]: 140.442368 140.945679
[4]: 131.904236 131.868683
[4]: 128.794586 128.115768
[3]: 128.989548 129.667557
[3]: 130.173126 129.926086
[3]: 126.922951 127.448074
[3]: 60.916245 60.540619
[3]: 132.297668 131.771637
[3]: 127.347656 126.479179
[3]: 135.582855 135.141663
[3]: 129.632217 130.633560
[3]: 134.528030 135.352875
[3]: 126.039696 125.978561
[3]: 117.343208 119.108917
[3]: 126.818062 127.657806
[3]: 127.793655 128.203644
[3]: 132.325974 132.660767
[3]: 128.827499 129.234131
[3]: 131.883179 131.750046
[3]: 132.843796 132.714172
[3]: 156.738907 155.685638
[3]: 124.343605 124.603302
[3]: 122.192314 122.442459
[3]: 125.229431 124.990410
[3]: 137.284958 136.959061
[3]: 131.795990 132.554504
[3]: 129.373001 128.384995
[3]: 129.385635 129.326920
[3]: 120.719719 120.673088
[3]: 127.324104 128.321609
[3]: 128.867035 128.891006
[3]: 125.338066 125.635117
[3]: 64.393196 64.354279
[3]: 128.964203 128.957504
[3]: 118.806908 117.774368
[3]: 125.256729 124.986511
[3]: 122.263435 121.671371
[2]: 127.045174 127.894775
[2]: 137.576935 136.264862
[2]: 136.722900 137.254089
[2]: 112.033043 113.327965
[2]: 138.864487 139.689117
[2]: 126.419632 126.364342
[2]: 129.823547 130.981094
[2]: 128.035355 128.233978
[2]: 141.986038 143.741364
[2]: 138.312134 136.178146
[2]: 115.022583 114.198883
[2]: 128.408859 130.096924
[2]: 122.177811 122.856323
[2]: 140.072632 141.394409
[2]: 131.343658 131.694214
[2]: 125.147728 125.654327
[2]: 134.009415 135.343277
[2]: 67.376854 68.268845
[2]: 131.213013 129.859833
[2]: 117.732483 117.726288
[2]: 130.912689 129.149658
[2]: 145.129288 144.983566
[2]: 141.973816 140.783249
[2]: 137.815170 136.607025
[2]: 123.250839 122.202629
[2]: 115.886429 115.770721
[2]: 125.683563 127.232552
[2]: 140.834244 141.488953
[2]: 116.945572 117.123810
[2]: 186.185471 187.028641
[2]: 115.112053 115.487915
[2]: 116.432404 115.701958
[2]: 126.457939 126.823853
[2]: 119.701996 119.795769
[1]: 125.381683 124.435265
[1]: 126.326759 126.022057
[1]: 136.757385 136.218262
[1]: 195.854645 195.582352
[1]: 127.941269 128.496063
[1]: 127.761734 127.885963
[1]: 126.832191 126.182396
[1]: 126.451988 126.707695
[1]: 138.510483 139.348587
[1]: 128.892319 128.695145
[1]: 120.717293 120.969055
[1]: 130.329391 129.116302
[1]: 128.670532 129.162750
[1]: 133.104019 133.181931
[1]: 132.756989 133.151993
[1]: 117.817513 118.258011
[1]: 134.397446 134.611816
[1]: 191.137192 191.817841
[1]: 133.223358 132.786499
[1]: 123.141777 122.490532
[1]: 125.572174 125.744560
[1]: 136.397217 135.743011
[1]: 139.387512 140.021667
[1]: 134.094086 134.113419
[1]: 129.726303 129.365189
[1]: 119.313080 119.186768
[1]: 121.356590 122.164551
[1]: 135.627090 136.165558
[1]: 126.753105 127.482735
[1]: 132.553131 131.550781
[1]: 119.056557 119.676590
[1]: 116.781929 117.413986
[1]: 126.074425 126.122925
[1]: 129.346100 130.843796
[0]: 125.144928 124.891190
[0]: 116.869049 117.632103
[0]: 118.184204 117.247887
[0]: 91.989624 91.521843
[0]: 115.144417 115.437042
[0]: 129.258041 129.795883
[0]: 122.454422 121.578682
[0]: 123.871536 123.861870
[0]: 106.220139 103.972305
[0]: 119.493179 121.032570
[0]: 152.261978 151.454742
[0]: 124.991081 124.158813
[0]: 132.077606 131.248230
[0]: 105.561699 105.238052
[0]: 116.557159 117.011108
[0]: 130.233002 130.063766
[0]: 116.954460 116.268654
[0]: 156.101013 155.970764
[0]: 123.876167 124.307205
[0]: 140.781662 141.321823
[0]: 125.668381 127.129501
[0]: 104.404510 105.662453
[0]: 105.706032 105.882210
[0]: 110.690079 112.333275
[0]: 125.625847 126.447815
[0]: 147.373810 147.295670
[0]: 130.165680 128.576889
[0]: 113.915619 112.386185
[0]: 139.548752 138.924698
[0]: 186.289261 185.904358
[0]: 144.127518 143.981277
[0]: 145.810654 146.401062
[0]: 127.882858 127.767845
[0]: 137.740326 137.356873
