[19]: 1995  5 22  6 14 ERNESTO     7.1   4.9   53  190 1983  6 22  0 14 GORDON      7.1   5.8  130  838
[18]: 1989  9  9  6 13 CHRIS       7.0   4.6   21  602 1995  5 22  6 14 ERNESTO     7.1   4.9   53  190
[17]: 1995  5 22  6 14 ERNESTO     7.1   4.9   53  190 1994  7  1 18 28 RAFAEL      7.0   5.1   47  135
[16]: 1991  3 24  0 27 GORDON     17.8  53.3  150  803 1989  9  9  6 13 CHRIS       7.0   4.6   21  602
[14]: 1978 12  1  6  4 ALBERTO     7.1   4.7   21  674 1989  9  9  6 13 CHRIS       7.0   4.6   21  602
[13]: 1994  7  1 18 28 RAFAEL      7.0   5.1   47  135 2000 10 11  0 20 OSCAR       7.1   4.6   65  547
[12]: 1994  7  1 18 28 RAFAEL      7.0   5.1   47  135 2000 10 11  0 20 OSCAR       7.1   4.6   65  547
[11]: 2000 10 11  0 20 OSCAR       7.1   4.6   65  547 1952  3 21 18 10 DEBBY       7.1   5.7   77  178
[9]: 1978 12  1  6  4 ALBERTO     7.1   4.7   21  674 1995  5 22  6 14 ERNESTO     7.1   4.9   53  190
[6]: 2000 10 11  0 20 OSCAR       7.1   4.6   65  547 1978 12  1  6  4 ALBERTO     7.1   4.7   21  674
[2]: 1989  9  9  6 13 CHRIS       7.0   4.6   21  602 1994  7  1 18 28 RAFAEL      7.0   5.1   47  135
[1]: 1995  5 22  6 14 ERNESTO     7.1   4.9   53  190 1978 12  1  6  4 ALBERTO     7.1   4.7   21  674
[0]: 1989  9  9  6 13 CHRIS       7.0   4.6   21  602 1995  5 22  6 14 ERNESTO     7.1   4.9   53  190
