[4]: 135.501022 132.432159
[4]: 127.011314 126.836334
[4]: 116.927620 117.904129
[4]: 173.574356 173.930054
[4]: 126.485130 124.594322
[4]: 126.523727 126.765602
[4]: 121.964012 122.387993
[4]: 128.212463 126.389420
[4]: 111.571426 111.252876
[4]: 123.975555 123.659187
[4]: 134.417572 133.923080
[4]: 129.399536 128.397034
[4]: 128.259933 127.930695
[4]: 122.256447 122.162163
[4]: 124.318779 123.592026
[4]: 134.138428 132.753708
[4]: 119.937744 118.670052
[4]: 67.642616 67.263580
[4]: 125.773849 125.855522
[4]: 131.467575 131.628586
[4]: 130.501740 130.921097
[4]: 112.136452 113.843704
[4]: 117.881584 117.078583
[4]: 121.751938 123.219727
[4]: 127.671257 128.845459
[4]: 136.888306 137.093811
[4]: 135.127823 133.075012
[4]: 118.045799 118.086906
[4]: 129.763809 129.906662
[4]: 73.779388 74.227898
[4]: 134.493912 133.324158
[4]: 136.897400 140.945679
[4]: 131.900330 131.868683
[4]: 128.339905 128.115768
[3]: 125.566101 129.667557
[3]: 128.997498 129.926086
[3]: 126.597549 127.448074
[3]: 60.675980 60.540619
[3]: 131.367722 131.771637
[3]: 127.386063 126.479179
[3]: 134.920715 135.141663
[3]: 129.251450 130.633560
[3]: 135.818787 135.352875
[3]: 124.973076 125.978561
[3]: 117.699234 119.108917
[3]: 125.495163 127.657806
[3]: 127.734589 128.203644
[3]: 131.883102 132.660767
[3]: 129.263611 129.234131
[3]: 131.111908 131.750046
[3]: 132.322693 132.714172
[3]: 157.496490 155.685638
[3]: 123.654205 124.603302
[3]: 123.035744 122.442459
[3]: 126.027863 124.990410
[3]: 139.113708 136.959061
[3]: 131.056976 132.554504
[3]: 130.875534 128.384995
[3]: 129.955276 129.326920
[3]: 120.577179 120.673088
[3]: 126.383018 128.321609
[3]: 129.116272 128.891006
[3]: 126.798889 125.635117
[3]: 64.837212 64.354279
[3]: 128.695175 128.957504
[3]: 122.213669 117.774368
[3]: 125.220619 124.986511
[3]: 122.325584 121.671371
[2]: 124.533791 127.894775
[2]: 135.483765 136.264862
[2]: 137.718185 137.254089
[2]: 111.585335 113.327965
[2]: 139.901138 139.689117
[2]: 126.333122 126.364342
[2]: 129.758804 130.981094
[2]: 126.489586 128.233978
[2]: 142.933533 143.741364
[2]: 136.392242 136.178146
[2]: 114.657303 114.198883
[2]: 127.941353 130.096924
[2]: 122.638397 122.856323
[2]: 140.981415 141.394409
[2]: 131.716583 131.694214
[2]: 125.408997 125.654327
[2]: 135.055939 135.343277
[2]: 67.374451 68.268845
[2]: 130.604721 129.859833
[2]: 117.313492 117.726288
[2]: 130.158218 129.149658
[2]: 145.507217 144.983566
[2]: 141.464935 140.783249
[2]: 138.386826 136.607025
[2]: 123.800285 122.202629
[2]: 115.680206 115.770721
[2]: 125.549591 127.232552
[2]: 141.335907 141.488953
[2]: 117.002869 117.123810
[2]: 185.698471 187.028641
[2]: 114.391609 115.487915
[2]: 118.817764 115.701958
[2]: 126.524536 126.823853
[2]: 120.839386 119.795769
[1]: 126.006615 124.435265
[1]: 127.027954 126.022057
[1]: 136.686127 136.218262
[1]: 196.029892 195.582352
[1]: 127.198944 128.496063
[1]: 127.677254 127.885963
[1]: 126.970726 126.182396
[1]: 126.922836 126.707695
[1]: 138.541779 139.348587
[1]: 128.863968 128.695145
[1]: 120.462585 120.969055
[1]: 130.089539 129.116302
[1]: 128.966522 129.162750
[1]: 133.854004 133.181931
[1]: 132.695236 133.151993
[1]: 117.664490 118.258011
[1]: 134.700699 134.611816
[1]: 190.926025 191.817841
[1]: 133.251190 132.786499
[1]: 123.251106 122.490532
[1]: 126.388847 125.744560
[1]: 137.430511 135.743011
[1]: 139.408081 140.021667
[1]: 133.861328 134.113419
[1]: 129.981857 129.365189
[1]: 119.589661 119.186768
[1]: 121.263412 122.164551
[1]: 135.666199 136.165558
[1]: 126.575020 127.482735
[1]: 132.628586 131.550781
[1]: 119.051781 119.676590
[1]: 116.895508 117.413986
[1]: 125.415009 126.122925
[1]: 129.013702 130.843796
[0]: 127.936920 124.891190
[0]: 118.175438 117.632103
[0]: 118.215889 117.247887
[0]: 92.765854 91.521843
[0]: 115.012939 115.437042
[0]: 129.331589 129.795883
[0]: 122.733803 121.578682
[0]: 125.038994 123.861870
[0]: 104.848557 103.972305
[0]: 121.369728 121.032570
[0]: 152.575684 151.454742
[0]: 126.679207 124.158813
[0]: 131.863480 131.248230
[0]: 105.649727 105.238052
[0]: 116.648270 117.011108
[0]: 130.189072 130.063766
[0]: 115.527679 116.268654
[0]: 155.691040 155.970764
[0]: 124.113388 124.307205
[0]: 140.475830 141.321823
[0]: 124.641754 127.129501
[0]: 102.707146 105.662453
[0]: 106.562653 105.882210
[0]: 109.519798 112.333275
[0]: 124.627441 126.447815
[0]: 147.305450 147.295670
[0]: 131.276566 128.576889
[0]: 112.875641 112.386185
[0]: 138.950714 138.924698
[0]: 186.339478 185.904358
[0]: 144.904434 143.981277
[0]: 143.150406 146.401062
[0]: 128.565216 127.767845
[0]: 137.302200 137.356873
