[4]: 133.474533 132.432159
[4]: 128.993820 126.836334
[4]: 123.356789 117.904129
[4]: 138.470840 173.930054
[4]: 127.528465 124.594322
[4]: 126.993500 126.765602
[4]: 127.690506 122.387993
[4]: 128.884995 126.389420
[4]: 124.890480 111.252876
[4]: 126.339386 123.659187
[4]: 122.213806 133.923080
[4]: 127.955887 128.397034
[4]: 126.871613 127.930695
[4]: 127.342575 122.162163
[4]: 130.797989 123.592026
[4]: 129.640274 132.753708
[4]: 122.698669 118.670052
[4]: 68.067825 67.263580
[4]: 126.637344 125.855522
[4]: 128.529541 131.628586
[4]: 126.904823 130.921097
[4]: 128.269592 113.843704
[4]: 125.795563 117.078583
[4]: 126.326004 123.219727
[4]: 128.994263 128.845459
[4]: 128.445206 137.093811
[4]: 131.429779 133.075012
[4]: 124.720406 118.086906
[4]: 127.145088 129.906662
[4]: 58.527824 74.227898
[4]: 128.377579 133.324158
[4]: 129.027664 140.945679
[4]: 128.404221 131.868683
[4]: 127.285904 128.115768
[3]: 129.504578 129.667557
[3]: 126.534805 129.926086
[3]: 127.979996 127.448074
[3]: 58.833172 60.540619
[3]: 131.260910 131.771637
[3]: 129.471207 126.479179
[3]: 126.994186 135.141663
[3]: 129.507248 130.633560
[3]: 128.230621 135.352875
[3]: 124.074020 125.978561
[3]: 126.770020 119.108917
[3]: 126.999428 127.657806
[3]: 126.902077 128.203644
[3]: 125.699013 132.660767
[3]: 125.776222 129.234131
[3]: 128.567215 131.750046
[3]: 128.113586 132.714172
[3]: 189.067368 155.685638
[3]: 126.075935 124.603302
[3]: 130.532944 122.442459
[3]: 127.073120 124.990410
[3]: 129.458298 136.959061
[3]: 126.478424 132.554504
[3]: 129.293518 128.384995
[3]: 129.445892 129.326920
[3]: 129.891403 120.673088
[3]: 124.844681 128.321609
[3]: 126.699326 128.891006
[3]: 129.225952 125.635117
[3]: 116.735634 64.354279
[3]: 130.472229 128.957504
[3]: 125.006012 117.774368
[3]: 127.728287 124.986511
[3]: 126.351036 121.671371
[2]: 123.003113 127.894775
[2]: 128.285263 136.264862
[2]: 127.327591 137.254089
[2]: 115.167007 113.327965
[2]: 127.935562 139.689117
[2]: 127.317741 126.364342
[2]: 126.841507 130.981094
[2]: 126.100151 128.233978
[2]: 126.864388 143.741364
[2]: 133.157028 136.178146
[2]: 132.431366 114.198883
[2]: 128.428314 130.096924
[2]: 129.808212 122.856323
[2]: 127.559990 141.394409
[2]: 123.206657 131.694214
[2]: 128.261063 125.654327
[2]: 130.180099 135.343277
[2]: 69.249237 68.268845
[2]: 127.234428 129.859833
[2]: 124.413445 117.726288
[2]: 131.413132 129.149658
[2]: 125.074799 144.983566
[2]: 128.523315 140.783249
[2]: 125.749367 136.607025
[2]: 122.766968 122.202629
[2]: 126.247017 115.770721
[2]: 126.573654 127.232552
[2]: 127.932571 141.488953
[2]: 126.610260 117.123810
[2]: 196.376205 187.028641
[2]: 128.170380 115.487915
[2]: 130.009338 115.701958
[2]: 126.421135 126.823853
[2]: 124.763786 119.795769
[1]: 125.607178 124.435265
[1]: 126.043289 126.022057
[1]: 130.914536 136.218262
[1]: 198.640945 195.582352
[1]: 125.973885 128.496063
[1]: 125.892624 127.885963
[1]: 127.907593 126.182396
[1]: 124.360870 126.707695
[1]: 128.515808 139.348587
[1]: 125.120979 128.695145
[1]: 128.786545 120.969055
[1]: 128.381805 129.116302
[1]: 127.779938 129.162750
[1]: 128.484711 133.181931
[1]: 128.674576 133.151993
[1]: 124.053329 118.258011
[1]: 129.912201 134.611816
[1]: 186.037003 191.817841
[1]: 130.231201 132.786499
[1]: 124.071281 122.490532
[1]: 124.857246 125.744560
[1]: 128.406174 135.743011
[1]: 129.720123 140.021667
[1]: 127.295357 134.113419
[1]: 127.902473 129.365189
[1]: 126.127136 119.186768
[1]: 128.544266 122.164551
[1]: 131.268860 136.165558
[1]: 127.653450 127.482735
[1]: 138.273010 131.550781
[1]: 125.115540 119.676590
[1]: 125.182152 117.413986
[1]: 127.439606 126.122925
[1]: 131.325745 130.843796
[0]: 0.002175 124.891190
[0]: 0.002031 117.632103
[0]: 0.002043 117.247887
[0]: 0.001603 91.521843
[0]: 0.002002 115.437042
[0]: 0.002237 129.795883
[0]: 0.002135 121.578682
[0]: 0.002145 123.861870
[0]: 0.001838 103.972305
[0]: 0.002071 121.032570
[0]: 0.002654 151.454742
[0]: 0.002170 124.158813
[0]: 0.002290 131.248230
[0]: 0.001830 105.238052
[0]: 0.002017 117.011108
[0]: 0.002245 130.063766
[0]: 0.002019 116.268654
[0]: 0.002688 155.970764
[0]: 0.002145 124.307205
[0]: 0.002422 141.321823
[0]: 0.002165 127.129501
[0]: 0.001787 105.662453
[0]: 0.001829 105.882210
[0]: 0.001904 112.333275
[0]: 0.002173 126.447815
[0]: 0.002550 147.295670
[0]: 0.002273 128.576889
[0]: 0.001964 112.386185
[0]: 0.002426 138.924698
[0]: 0.003228 185.904358
[0]: 0.002492 143.981277
[0]: 0.002513 146.401062
[0]: 0.002212 127.767845
[0]: 0.002402 137.356873
