[19]: 1971  4  1 12 11 ERNESTO     7.2   0.8   38  123 1999  4  3 18 11 RAFAEL      7.2   1.2  118  189
[18]: 1980  1 25  0 25 JOYCE       7.0   0.1   64  108 1976  7 18  0 20 ISAAC       7.0   6.5   30   85
[17]: 1971  1 26 12 27 WILLIAM     7.1   1.0   21  894 1988  4 10 18 10 PATTY       7.4   5.5   93  228
[16]: 1980  1 25  0 25 JOYCE       7.0   0.1   64  108 1950  2  6  6  8 TONY        7.3   0.2   90  769
[12]: 1950  2  6  6  8 TONY        7.3   0.2   90  769 1995  1 14  0 16 MICHAEL     7.0   6.4   23  493
[10]: 1954  7 28 12 14 MICHAEL     7.1   0.3   25  842 1950  2  7 12 25 SANDY       7.4   5.1   15  258
[9]: 1950  2  6  6  8 TONY        7.3   0.2   90  769 1988  7 22  6 25 GORDON      7.2   5.9   21  869
[7]: 1954  7 28 12 14 MICHAEL     7.1   0.3   25  842 1968  2 23  0 28 FLORENCE    7.1   3.8   92  430
[6]: 1954  7 28 12 14 MICHAEL     7.1   0.3   25  842 1984  9 20  0 22 CHRIS       8.8   0.7   85  128
[2]: 1980  1 25  0 25 JOYCE       7.0   0.1   64  108 2004 12 28  0  1 PATTY       7.1   6.1   94  198
[1]: 1971  1 26 12 27 WILLIAM     7.1   1.0   21  894 1964  2 21  0  1 OSCAR       7.4   5.1  110  629
[0]: 1971  1 26 12 27 WILLIAM     7.1   1.0   21  894 1950  2  6  6  8 TONY        7.3   0.2   90  769
