[4]: 133.504349 132.432159
[4]: 129.136292 126.836334
[4]: 123.314438 117.904129
[4]: 138.703445 173.930054
[4]: 127.646965 124.594322
[4]: 126.911247 126.765602
[4]: 127.882301 122.387993
[4]: 128.907471 126.389420
[4]: 124.955780 111.252876
[4]: 126.634827 123.659187
[4]: 122.044853 133.923080
[4]: 127.806709 128.397034
[4]: 127.061470 127.930695
[4]: 127.493416 122.162163
[4]: 130.793228 123.592026
[4]: 129.440826 132.753708
[4]: 122.774567 118.670052
[4]: 67.897064 67.263580
[4]: 126.721024 125.855522
[4]: 128.620514 131.628586
[4]: 126.819298 130.921097
[4]: 128.129135 113.843704
[4]: 125.901154 117.078583
[4]: 126.526772 123.219727
[4]: 128.942368 128.845459
[4]: 128.351059 137.093811
[4]: 131.401657 133.075012
[4]: 124.498405 118.086906
[4]: 127.150482 129.906662
[4]: 58.597763 74.227898
[4]: 128.353226 133.324158
[4]: 128.635468 140.945679
[4]: 128.516098 131.868683
[4]: 127.537697 128.115768
[3]: 128.911530 129.667557
[3]: 126.792343 129.926086
[3]: 128.208176 127.448074
[3]: 58.916821 60.540619
[3]: 130.783722 131.771637
[3]: 129.663513 126.479179
[3]: 127.426361 135.141663
[3]: 129.820435 130.633560
[3]: 128.437027 135.352875
[3]: 124.241241 125.978561
[3]: 126.959846 119.108917
[3]: 127.129776 127.657806
[3]: 126.719116 128.203644
[3]: 125.273735 132.660767
[3]: 125.719696 129.234131
[3]: 128.788757 131.750046
[3]: 128.093903 132.714172
[3]: 189.112671 155.685638
[3]: 126.005043 124.603302
[3]: 130.363098 122.442459
[3]: 126.724548 124.990410
[3]: 129.648071 136.959061
[3]: 126.453751 132.554504
[3]: 129.303604 128.384995
[3]: 129.267029 129.326920
[3]: 129.714325 120.673088
[3]: 125.143059 128.321609
[3]: 126.745293 128.891006
[3]: 129.004471 125.635117
[3]: 116.459175 64.354279
[3]: 130.411942 128.957504
[3]: 125.827896 117.774368
[3]: 127.493263 124.986511
[3]: 126.305969 121.671371
[2]: 122.832321 127.894775
[2]: 128.276703 136.264862
[2]: 127.256760 137.254089
[2]: 114.855553 113.327965
[2]: 128.152573 139.689117
[2]: 127.325333 126.364342
[2]: 126.473717 130.981094
[2]: 126.125015 128.233978
[2]: 126.955620 143.741364
[2]: 132.982483 136.178146
[2]: 132.544952 114.198883
[2]: 128.282089 130.096924
[2]: 129.780380 122.856323
[2]: 127.413460 141.394409
[2]: 123.180824 131.694214
[2]: 128.381775 125.654327
[2]: 129.783615 135.343277
[2]: 69.377838 68.268845
[2]: 127.250984 129.859833
[2]: 124.421776 117.726288
[2]: 131.541275 129.149658
[2]: 124.886284 144.983566
[2]: 128.281906 140.783249
[2]: 125.576637 136.607025
[2]: 123.020256 122.202629
[2]: 126.375366 115.770721
[2]: 126.468445 127.232552
[2]: 128.026093 141.488953
[2]: 126.547363 117.123810
[2]: 196.362473 187.028641
[2]: 128.265274 115.487915
[2]: 130.366287 115.701958
[2]: 126.326607 126.823853
[2]: 124.784889 119.795769
[1]: 126.369293 124.435265
[1]: 125.650597 126.022057
[1]: 130.787109 136.218262
[1]: 198.750626 195.582352
[1]: 126.111694 128.496063
[1]: 125.769806 127.885963
[1]: 127.651443 126.182396
[1]: 123.997475 126.707695
[1]: 128.140198 139.348587
[1]: 124.826820 128.695145
[1]: 128.632843 120.969055
[1]: 128.550690 129.116302
[1]: 127.798637 129.162750
[1]: 128.914612 133.181931
[1]: 128.776932 133.151993
[1]: 123.911240 118.258011
[1]: 130.244568 134.611816
[1]: 185.852158 191.817841
[1]: 130.200912 132.786499
[1]: 124.144928 122.490532
[1]: 125.163071 125.744560
[1]: 128.549667 135.743011
[1]: 129.880341 140.021667
[1]: 127.254295 134.113419
[1]: 127.883446 129.365189
[1]: 126.271912 119.186768
[1]: 128.390793 122.164551
[1]: 131.345123 136.165558
[1]: 127.934631 127.482735
[1]: 138.280731 131.550781
[1]: 125.102692 119.676590
[1]: 124.386520 117.413986
[1]: 127.664009 126.122925
[1]: 131.097382 130.843796
[0]: 0.010631 124.891190
[0]: 0.010150 117.632103
[0]: 0.010117 117.247887
[0]: 0.008280 91.521843
[0]: 0.010079 115.437042
[0]: 0.010794 129.795883
[0]: 0.010259 121.578682
[0]: 0.010561 123.861870
[0]: 0.009075 103.972305
[0]: 0.009755 121.032570
[0]: 0.013241 151.454742
[0]: 0.010859 124.158813
[0]: 0.011059 131.248230
[0]: 0.009057 105.238052
[0]: 0.009428 117.011108
[0]: 0.011159 130.063766
[0]: 0.009587 116.268654
[0]: 0.013129 155.970764
[0]: 0.010540 124.307205
[0]: 0.011829 141.321823
[0]: 0.010329 127.129501
[0]: 0.008143 105.662453
[0]: 0.009086 105.882210
[0]: 0.009181 112.333275
[0]: 0.010430 126.447815
[0]: 0.012290 147.295670
[0]: 0.011773 128.576889
[0]: 0.010244 112.386185
[0]: 0.012351 138.924698
[0]: 0.015588 185.904358
[0]: 0.012226 143.981277
[0]: 0.012074 146.401062
[0]: 0.010255 127.767845
[0]: 0.012043 137.356873
