[4]: 90.316040 132.432159
[4]: 129.264893 126.836334
[4]: 125.954308 117.904129
[4]: 177.347168 173.930054
[4]: 131.696777 124.594322
[4]: 129.630341 126.765602
[4]: 127.414711 122.387993
[4]: 130.849304 126.389420
[4]: 130.236542 111.252876
[4]: 131.016464 123.659187
[4]: 124.965790 133.923080
[4]: 128.910202 128.397034
[4]: 127.341064 127.930695
[4]: 135.128204 122.162163
[4]: 126.538963 123.592026
[4]: 133.784134 132.753708
[4]: 131.330215 118.670052
[4]: 59.178493 67.263580
[4]: 129.288086 125.855522
[4]: 126.719116 131.628586
[4]: 131.684113 130.921097
[4]: 130.982346 113.843704
[4]: 133.308914 117.078583
[4]: 134.323639 123.219727
[4]: 127.501900 128.845459
[4]: 123.765366 137.093811
[4]: 126.188393 133.075012
[4]: 131.158691 118.086906
[4]: 121.706444 129.906662
[4]: 125.579109 74.227898
[4]: 125.378525 133.324158
[4]: 168.721725 140.945679
[4]: 129.392456 131.868683
[4]: 122.305832 128.115768
[3]: 170.940201 129.667557
[3]: 126.540581 129.926086
[3]: 126.001549 127.448074
[3]: 87.731094 60.540619
[3]: 130.526627 131.771637
[3]: 128.515976 126.479179
[3]: 129.205872 135.141663
[3]: 127.878525 130.633560
[3]: 126.831337 135.352875
[3]: 125.369148 125.978561
[3]: 125.066605 119.108917
[3]: 128.655594 127.657806
[3]: 127.145210 128.203644
[3]: 129.096741 132.660767
[3]: 127.200287 129.234131
[3]: 130.509308 131.750046
[3]: 127.824997 132.714172
[3]: 126.638939 155.685638
[3]: 127.295540 124.603302
[3]: 126.278214 122.442459
[3]: 127.598694 124.990410
[3]: 127.985100 136.959061
[3]: 127.693138 132.554504
[3]: 127.750908 128.384995
[3]: 129.128418 129.326920
[3]: 124.273491 120.673088
[3]: 128.599976 128.321609
[3]: 128.069641 128.891006
[3]: 127.945663 125.635117
[3]: 61.743832 64.354279
[3]: 129.007217 128.957504
[3]: 82.955978 117.774368
[3]: 127.747337 124.986511
[3]: 125.269043 121.671371
[2]: 168.839722 127.894775
[2]: 129.951462 136.264862
[2]: 129.845123 137.254089
[2]: 87.152077 113.327965
[2]: 129.079330 139.689117
[2]: 128.499298 126.364342
[2]: 128.372406 130.981094
[2]: 131.834808 128.233978
[2]: 131.574219 143.741364
[2]: 130.545181 136.178146
[2]: 123.460228 114.198883
[2]: 128.434204 130.096924
[2]: 131.918137 122.856323
[2]: 132.719269 141.394409
[2]: 129.694092 131.694214
[2]: 127.332138 125.654327
[2]: 135.664139 135.343277
[2]: 127.238213 68.268845
[2]: 131.237869 129.859833
[2]: 124.898987 117.726288
[2]: 129.786972 129.149658
[2]: 129.418564 144.983566
[2]: 133.570633 140.783249
[2]: 133.484070 136.607025
[2]: 125.260803 122.202629
[2]: 126.306396 115.770721
[2]: 123.469841 127.232552
[2]: 129.362305 141.488953
[2]: 122.940376 117.123810
[2]: 191.285004 187.028641
[2]: 124.252388 115.487915
[2]: 81.440239 115.701958
[2]: 130.290894 126.823853
[2]: 124.712051 119.795769
[1]: 84.582214 124.435265
[1]: 129.029678 126.022057
[1]: 134.490845 136.218262
[1]: 180.910477 195.582352
[1]: 132.329514 128.496063
[1]: 128.111847 127.885963
[1]: 130.831726 126.182396
[1]: 131.725647 126.707695
[1]: 134.340134 139.348587
[1]: 128.541000 128.695145
[1]: 117.050903 120.969055
[1]: 126.096466 129.116302
[1]: 134.371811 129.162750
[1]: 136.167847 133.181931
[1]: 132.648911 133.151993
[1]: 123.738106 118.258011
[1]: 142.580124 134.611816
[1]: 191.277100 191.817841
[1]: 133.744385 132.786499
[1]: 121.848114 122.490532
[1]: 126.828552 125.744560
[1]: 131.292648 135.743011
[1]: 136.455154 140.021667
[1]: 137.105988 134.113419
[1]: 128.698730 129.365189
[1]: 122.288475 119.186768
[1]: 120.985123 122.164551
[1]: 131.565079 136.165558
[1]: 124.924599 127.482735
[1]: 118.205215 131.550781
[1]: 124.503967 119.676590
[1]: 159.291397 117.413986
[1]: 130.879791 126.122925
[1]: 124.358772 130.843796
[0]: 101.914841 124.891190
[0]: 120.345840 117.632103
[0]: 118.108742 117.247887
[0]: 115.967453 91.521843
[0]: 112.124619 115.437042
[0]: 119.753372 129.795883
[0]: 117.802811 121.578682
[0]: 107.361717 123.861870
[0]: 106.139359 103.972305
[0]: 117.503120 121.032570
[0]: 156.278946 151.454742
[0]: 127.053070 124.158813
[0]: 114.290733 131.248230
[0]: 92.051483 105.238052
[0]: 116.051933 117.011108
[0]: 119.841362 130.063766
[0]: 89.366371 116.268654
[0]: 142.685562 155.970764
[0]: 111.015305 124.307205
[0]: 138.249237 141.321823
[0]: 119.098534 127.129501
[0]: 115.552780 105.662453
[0]: 97.763123 105.882210
[0]: 92.214874 112.333275
[0]: 125.120766 126.447815
[0]: 148.559357 147.295670
[0]: 145.334167 128.576889
[0]: 113.780357 112.386185
[0]: 147.021881 138.924698
[0]: 150.322144 185.904358
[0]: 141.173950 143.981277
[0]: 173.445068 146.401062
[0]: 115.260574 127.767845
[0]: 146.851120 137.356873
