[19]: 1967  5 26  0  9 KIRK        7.0  79.1   74  461 1983  6 22  0 14 GORDON      7.1   5.8  130  838
[18]: 1951  6 22  0  6 GORDON      7.0  79.7   49  296 1980  5  2 12 22 KIRK        7.4   5.1  119  559
[14]: 1951  6 22  0  6 GORDON      7.0  79.7   49  296 1993  1 18  0 27 VALERIE     7.3   5.2   66  431
[13]: 1951  6 22  0  6 GORDON      7.0  79.7   49  296 2000  7 28  0 28 PATTY       7.0   6.2   37  236
[12]: 1983  8 12 18 18 GORDON      7.1  80.3   39  200 1988  7 21  6  8 NADINE      7.3   4.6   80  714
[10]: 1983  8 12 18 18 GORDON      7.1  80.3   39  200 2004  4  7  0 27 DEBBY      32.1  47.9  154   63
[9]: 1967  5 26  0  9 KIRK        7.0  79.1   74  461 1988  7 22  6 25 GORDON      7.2   5.9   21  869
[7]: 1959  7  1  6 14 OSCAR       7.1  79.8   60  548 1973  7  1  6 24 BERYL       7.2   4.1  123   28
[6]: 1967  5 26  0  9 KIRK        7.0  79.1   74  461 1961  9 20 18  5 ISAAC       7.3   4.7  142   35
[2]: 1959  7  1  6 14 OSCAR       7.1  79.8   60  548 2004 12 28  0  1 PATTY       7.1   6.1   94  198
