[19]: 1964  2  9 18 18 CHRIS       7.4   0.1   57  288 1959  8 14 18 11 PATTY       7.1   1.2  130  146
[18]: 1953  3 28  0 20 OSCAR       7.1   0.4   68  869 1977  6 16  6  5 DEBBY       7.0   1.2   44  174
[17]: 1994  3 24  6 16 WILLIAM     7.0   0.7   60  175 1964 11 12 18 13 GORDON      7.2   0.5   24  612
[16]: 1951  8 27 18 23 VALERIE     7.0   0.6  150  688 1964 12  2 18 20 TONY        7.3   0.7   45  849
[15]: 1994 12  7 18  6 GORDON      7.3   0.5   49  657 1951  8 27 18 23 VALERIE     7.0   0.6  150  688
[14]: 1951  8 27 18 23 VALERIE     7.0   0.6  150  688 1987  1  6  6  1 DEBBY       7.3   0.9   35  617
[11]: 1977  6 16  6  5 DEBBY       7.0   1.2   44  174 1953  2 14  0 25 ALBERTO     7.3   1.5  120  109
[10]: 1964  2  9 18 18 CHRIS       7.4   0.1   57  288 1987  1  6  6  1 DEBBY       7.3   0.9   35  617
[9]: 1999 11 25 18  3 ALBERTO     7.0   0.9   63  809 1964 12  2 18 20 TONY        7.3   0.7   45  849
[8]: 1964  3 19  6 19 BERYL       7.1   0.7  126  660 1951  8 27 18 23 VALERIE     7.0   0.6  150  688
[7]: 1994  3 24  6 16 WILLIAM     7.0   0.7   60  175 1994  5  7 12  3 PATTY       7.3   0.7   54  149
[6]: 1964  3 19  6 19 BERYL       7.1   0.7  126  660 1991  7  2  6 12 WILLIAM     7.5   0.1  108  825
[5]: 1994 12  7 18  6 GORDON      7.3   0.5   49  657 1986  1  2  6  5 WILLIAM     7.2   0.7   32  332
[4]: 1977  6 16  6  5 DEBBY       7.0   1.2   44  174 1989 11 21 18 24 BERYL       7.2   1.2   16  862
[3]: 1986  1  2  6  5 WILLIAM     7.2   0.7   32  332 1989 11 21 18 24 BERYL       7.2   1.2   16  862
[2]: 1953  3 28  0 20 OSCAR       7.1   0.4   68  869 1991  7  2  6 12 WILLIAM     7.5   0.1  108  825
[1]: 1986  1  2  6  5 WILLIAM     7.2   0.7   32  332 1994  5  7 12  3 PATTY       7.3   0.7   54  149
[0]: 1964 11 12 18 13 GORDON      7.2   0.5   24  612 1977  6 16  6  5 DEBBY       7.0   1.2   44  174
