[4]: 132.432159 88.812607
[4]: 126.836334 128.611496
[4]: 117.904129 126.776886
[4]: 173.930054 174.145782
[4]: 124.594322 129.700378
[4]: 126.765602 128.929810
[4]: 122.387993 128.103607
[4]: 126.389420 127.799858
[4]: 111.252876 129.408615
[4]: 123.659187 129.512711
[4]: 133.923080 127.835098
[4]: 128.397034 128.758179
[4]: 127.930695 126.226128
[4]: 122.162163 130.724976
[4]: 123.592026 126.979195
[4]: 132.753708 131.073700
[4]: 118.670052 126.458427
[4]: 67.263580 61.650860
[4]: 125.855522 125.523643
[4]: 131.628586 126.686165
[4]: 130.921097 130.076355
[4]: 113.843704 129.771774
[4]: 117.078583 128.917480
[4]: 123.219727 129.750336
[4]: 128.845459 127.692047
[4]: 137.093811 126.021645
[4]: 133.075012 126.839020
[4]: 118.086906 128.825226
[4]: 129.906662 124.321404
[4]: 74.227898 124.905289
[4]: 133.324158 126.452400
[4]: 140.945679 170.417862
[4]: 131.868683 128.928406
[4]: 128.115768 122.985008
[3]: 129.667557 170.167252
[3]: 129.926086 127.733002
[3]: 127.448074 127.054123
[3]: 60.540619 88.064095
[3]: 131.771637 129.021347
[3]: 126.479179 128.903488
[3]: 135.141663 129.393707
[3]: 130.633560 126.759804
[3]: 135.352875 127.458832
[3]: 125.978561 126.263535
[3]: 119.108917 124.261612
[3]: 127.657806 127.959610
[3]: 128.203644 127.956879
[3]: 132.660767 128.528458
[3]: 129.234131 127.606583
[3]: 131.750046 131.088898
[3]: 132.714172 128.104919
[3]: 155.685638 126.406631
[3]: 124.603302 127.080193
[3]: 122.442459 126.239532
[3]: 124.990410 127.459946
[3]: 136.959061 127.863174
[3]: 132.554504 126.375618
[3]: 128.384995 128.000519
[3]: 129.326920 129.199142
[3]: 120.673088 123.591003
[3]: 128.321609 127.753082
[3]: 128.891006 128.148270
[3]: 125.635117 127.407738
[3]: 64.354279 57.974010
[3]: 128.957504 129.957916
[3]: 117.774368 81.850403
[3]: 124.986511 128.284866
[3]: 121.671371 125.773460
[2]: 127.894775 168.166321
[2]: 136.264862 129.558029
[2]: 137.254089 132.071854
[2]: 113.327965 96.165726
[2]: 139.689117 130.678802
[2]: 126.364342 126.821831
[2]: 130.981094 134.612823
[2]: 128.233978 133.961258
[2]: 143.741364 139.616348
[2]: 136.178146 133.674423
[2]: 114.198883 117.005798
[2]: 130.096924 132.715271
[2]: 122.856323 133.302048
[2]: 141.394409 139.363556
[2]: 131.694214 134.462982
[2]: 125.654327 129.784012
[2]: 135.343277 134.200943
[2]: 68.268845 125.753006
[2]: 129.859833 127.522064
[2]: 117.726288 118.988571
[2]: 129.149658 126.946213
[2]: 144.983566 134.220184
[2]: 140.783249 133.946884
[2]: 136.607025 143.693588
[2]: 122.202629 129.459534
[2]: 115.770721 121.734177
[2]: 127.232552 118.559372
[2]: 141.488953 130.499115
[2]: 117.123810 121.180267
[2]: 187.028641 186.527695
[2]: 115.487915 118.614082
[2]: 115.701958 72.182533
[2]: 126.823853 137.286163
[2]: 119.795769 115.732918
[1]: 124.435265 83.997330
[1]: 126.022057 127.817238
[1]: 136.218262 132.158798
[1]: 195.582352 176.919952
[1]: 128.496063 128.691422
[1]: 127.885963 125.908478
[1]: 126.182396 130.035294
[1]: 126.707695 128.331238
[1]: 139.348587 131.957779
[1]: 128.695145 128.897003
[1]: 120.969055 121.737839
[1]: 129.116302 127.650642
[1]: 129.162750 131.101120
[1]: 133.181931 130.084671
[1]: 133.151993 130.391800
[1]: 118.258011 125.048653
[1]: 134.611816 132.929916
[1]: 191.817841 191.762238
[1]: 132.786499 129.540634
[1]: 122.490532 122.817673
[1]: 125.744560 123.596146
[1]: 135.743011 129.824677
[1]: 140.021667 129.814346
[1]: 134.113419 133.708527
[1]: 129.365189 130.288437
[1]: 119.186768 124.895050
[1]: 122.164551 124.080124
[1]: 136.165558 129.704132
[1]: 127.482735 128.086182
[1]: 131.550781 120.657646
[1]: 119.676590 125.916412
[1]: 117.413986 162.823807
[1]: 126.122925 130.832245
[1]: 130.843796 126.275803
[0]: 124.891190 140.752151
[0]: 117.632103 121.934372
[0]: 117.247887 115.170792
[0]: 91.521843 77.995743
[0]: 115.437042 120.359726
[0]: 129.795883 125.923286
[0]: 121.578682 109.242691
[0]: 123.861870 116.301041
[0]: 103.972305 98.779037
[0]: 121.032570 113.578003
[0]: 151.454742 155.149506
[0]: 124.158813 120.691566
[0]: 131.248230 117.924294
[0]: 105.238052 99.339676
[0]: 117.011108 111.642509
[0]: 130.063766 118.117371
[0]: 116.268654 112.425018
[0]: 155.970764 139.026550
[0]: 124.307205 128.342361
[0]: 141.321823 145.077942
[0]: 127.129501 130.772202
[0]: 105.662453 112.830215
[0]: 105.882210 115.613167
[0]: 112.333275 89.571281
[0]: 126.447815 116.067085
[0]: 147.295670 148.787659
[0]: 128.576889 147.817337
[0]: 112.386185 117.971329
[0]: 138.924698 141.331726
[0]: 185.904358 169.023514
[0]: 143.981277 143.555374
[0]: 146.401062 145.765259
[0]: 127.767845 105.797287
[0]: 137.356873 154.318069
