[4]: 133.615570 132.432159
[4]: 126.094986 126.836334
[4]: 117.189171 117.904129
[4]: 172.877594 173.930054
[4]: 126.583878 124.594322
[4]: 126.350456 126.765602
[4]: 122.298141 122.387993
[4]: 127.760567 126.389420
[4]: 113.376297 111.252876
[4]: 123.278786 123.659187
[4]: 134.936310 133.923080
[4]: 129.032791 128.397034
[4]: 128.979767 127.930695
[4]: 122.371712 122.162163
[4]: 125.175980 123.592026
[4]: 134.051285 132.753708
[4]: 120.308182 118.670052
[4]: 67.282974 67.263580
[4]: 125.517265 125.855522
[4]: 130.454208 131.628586
[4]: 129.862976 130.921097
[4]: 113.442352 113.843704
[4]: 117.130699 117.078583
[4]: 121.764915 123.219727
[4]: 128.001190 128.845459
[4]: 136.320419 137.093811
[4]: 135.238724 133.075012
[4]: 117.854446 118.086906
[4]: 130.511810 129.906662
[4]: 73.036270 74.227898
[4]: 134.509521 133.324158
[4]: 139.168701 140.945679
[4]: 131.842194 131.868683
[4]: 129.806244 128.115768
[3]: 126.928116 129.667557
[3]: 129.226578 129.926086
[3]: 127.024223 127.448074
[3]: 60.799358 60.540619
[3]: 131.965698 131.771637
[3]: 127.424568 126.479179
[3]: 135.195557 135.141663
[3]: 129.840775 130.633560
[3]: 134.224472 135.352875
[3]: 126.245094 125.978561
[3]: 117.071175 119.108917
[3]: 126.189468 127.657806
[3]: 127.293541 128.203644
[3]: 132.609818 132.660767
[3]: 128.818268 129.234131
[3]: 130.692474 131.750046
[3]: 132.858582 132.714172
[3]: 158.613647 155.685638
[3]: 123.805687 124.603302
[3]: 124.307053 122.442459
[3]: 125.740837 124.990410
[3]: 137.903046 136.959061
[3]: 131.812332 132.554504
[3]: 130.827484 128.384995
[3]: 129.895859 129.326920
[3]: 121.332054 120.673088
[3]: 125.999062 128.321609
[3]: 129.786865 128.891006
[3]: 125.819595 125.635117
[3]: 65.139229 64.354279
[3]: 129.204620 128.957504
[3]: 121.399246 117.774368
[3]: 125.742165 124.986511
[3]: 121.538635 121.671371
[2]: 126.733063 127.894775
[2]: 137.345932 136.264862
[2]: 136.549652 137.254089
[2]: 111.741989 113.327965
[2]: 138.410812 139.689117
[2]: 126.426514 126.364342
[2]: 129.034836 130.981094
[2]: 128.249557 128.233978
[2]: 141.499130 143.741364
[2]: 137.645142 136.178146
[2]: 113.996330 114.198883
[2]: 128.538498 130.096924
[2]: 122.531799 122.856323
[2]: 140.570786 141.394409
[2]: 131.605286 131.694214
[2]: 125.528214 125.654327
[2]: 133.553406 135.343277
[2]: 67.129601 68.268845
[2]: 130.792603 129.859833
[2]: 117.351982 117.726288
[2]: 130.739594 129.149658
[2]: 145.304474 144.983566
[2]: 141.849670 140.783249
[2]: 138.081696 136.607025
[2]: 123.660606 122.202629
[2]: 116.117805 115.770721
[2]: 125.592857 127.232552
[2]: 140.604889 141.488953
[2]: 116.704689 117.123810
[2]: 185.779526 187.028641
[2]: 115.205246 115.487915
[2]: 116.485252 115.701958
[2]: 126.455048 126.823853
[2]: 118.565994 119.795769
[1]: 126.382210 124.435265
[1]: 126.651901 126.022057
[1]: 137.177704 136.218262
[1]: 196.183914 195.582352
[1]: 127.335899 128.496063
[1]: 127.810799 127.885963
[1]: 126.511108 126.182396
[1]: 126.282593 126.707695
[1]: 138.449890 139.348587
[1]: 128.409637 128.695145
[1]: 120.805283 120.969055
[1]: 130.310486 129.116302
[1]: 128.468613 129.162750
[1]: 133.390289 133.181931
[1]: 132.533096 133.151993
[1]: 118.370552 118.258011
[1]: 134.053146 134.611816
[1]: 190.690598 191.817841
[1]: 133.135742 132.786499
[1]: 123.331627 122.490532
[1]: 126.013596 125.744560
[1]: 136.736984 135.743011
[1]: 139.799683 140.021667
[1]: 133.779022 134.113419
[1]: 128.821915 129.365189
[1]: 119.264648 119.186768
[1]: 121.609947 122.164551
[1]: 135.158661 136.165558
[1]: 126.211578 127.482735
[1]: 132.821838 131.550781
[1]: 118.620354 119.676590
[1]: 116.029762 117.413986
[1]: 125.671951 126.122925
[1]: 129.354156 130.843796
[0]: 125.698280 124.891190
[0]: 117.291916 117.632103
[0]: 118.125885 117.247887
[0]: 92.656319 91.521843
[0]: 115.655716 115.437042
[0]: 129.237061 129.795883
[0]: 123.356232 121.578682
[0]: 123.687965 123.861870
[0]: 106.199913 103.972305
[0]: 119.846779 121.032570
[0]: 153.128464 151.454742
[0]: 125.411606 124.158813
[0]: 132.247284 131.248230
[0]: 105.590973 105.238052
[0]: 116.458725 117.011108
[0]: 129.866730 130.063766
[0]: 116.822701 116.268654
[0]: 155.495270 155.970764
[0]: 124.120033 124.307205
[0]: 140.102234 141.321823
[0]: 125.425797 127.129501
[0]: 103.512642 105.662453
[0]: 105.603699 105.882210
[0]: 109.903870 112.333275
[0]: 125.760101 126.447815
[0]: 147.057098 147.295670
[0]: 131.167328 128.576889
[0]: 113.626572 112.386185
[0]: 139.986237 138.924698
[0]: 186.608948 185.904358
[0]: 144.011353 143.981277
[0]: 145.117630 146.401062
[0]: 127.846687 127.767845
[0]: 138.672577 137.356873
