[18]: 1989  9  9  6 13 CHRIS       7.0   4.6   21  602 1995  5 22  6 14 ERNESTO     7.1   4.9   53  190
[17]: 1995  5 22  6 14 ERNESTO     7.1   4.9   53  190 1983  6 22  0 14 GORDON      7.1   5.8  130  838
[16]: 1995  5 22  6 14 ERNESTO     7.1   4.9   53  190 2000 10 11  0 20 OSCAR       7.1   4.6   65  547
[15]: 1994  7  1 18 28 RAFAEL      7.0   5.1   47  135 1985  9 28  0  6 FLORENCE    7.1   5.4   48  753
[14]: 1961  9 27  6  8 CHRIS      50.7 356.7  149  350 1989  9  9  6 13 CHRIS       7.0   4.6   21  602
[12]: 1994  7  1 18 28 RAFAEL      7.0   5.1   47  135 2000 10 11  0 20 OSCAR       7.1   4.6   65  547
[10]: 2000 10 11  0 20 OSCAR       7.1   4.6   65  547 1994  7  1 18 28 RAFAEL      7.0   5.1   47  135
[8]: 1978 12  1  6  4 ALBERTO     7.1   4.7   21  674 1989  9  9  6 13 CHRIS       7.0   4.6   21  602
[7]: 1987  5  9  6  7 PATTY       7.0   4.3   52  385 1995  5 22  6 14 ERNESTO     7.1   4.9   53  190
[6]: 2000 10 11  0 20 OSCAR       7.1   4.6   65  547 1978 12  1  6  4 ALBERTO     7.1   4.7   21  674
[3]: 1985  9 28  0  6 FLORENCE    7.1   5.4   48  753 1987  5  9  6  7 PATTY       7.0   4.3   52  385
[2]: 1989  9  9  6 13 CHRIS       7.0   4.6   21  602 1994  7  1 18 28 RAFAEL      7.0   5.1   47  135
