[4]: 132.848450 132.432159
[4]: 126.231667 126.836334
[4]: 117.880722 117.904129
[4]: 173.734955 173.930054
[4]: 124.500511 124.594322
[4]: 126.836273 126.765602
[4]: 122.179863 122.387993
[4]: 126.695724 126.389420
[4]: 111.629913 111.252876
[4]: 123.913864 123.659187
[4]: 133.644394 133.923080
[4]: 128.803772 128.397034
[4]: 128.027374 127.930695
[4]: 122.617416 122.162163
[4]: 123.765564 123.592026
[4]: 132.284348 132.753708
[4]: 118.645653 118.670052
[4]: 66.955940 67.263580
[4]: 125.630386 125.855522
[4]: 132.513885 131.628586
[4]: 130.972321 130.921097
[4]: 113.945190 113.843704
[4]: 117.445778 117.078583
[4]: 123.031555 123.219727
[4]: 128.814133 128.845459
[4]: 136.585068 137.093811
[4]: 133.128220 133.075012
[4]: 118.367241 118.086906
[4]: 129.839676 129.906662
[4]: 74.357513 74.227898
[4]: 133.456940 133.324158
[4]: 141.195999 140.945679
[4]: 131.798630 131.868683
[4]: 127.431068 128.115768
[3]: 129.292007 129.667557
[3]: 129.859543 129.926086
[3]: 127.173172 127.448074
[3]: 60.627419 60.540619
[3]: 131.592911 131.771637
[3]: 126.665756 126.479179
[3]: 135.118210 135.141663
[3]: 130.537552 130.633560
[3]: 135.162079 135.352875
[3]: 125.375938 125.978561
[3]: 119.074722 119.108917
[3]: 127.728920 127.657806
[3]: 128.157562 128.203644
[3]: 132.730087 132.660767
[3]: 128.760925 129.234131
[3]: 132.073547 131.750046
[3]: 132.598373 132.714172
[3]: 155.947769 155.685638
[3]: 124.531311 124.603302
[3]: 122.268585 122.442459
[3]: 125.253517 124.990410
[3]: 137.122421 136.959061
[3]: 132.448318 132.554504
[3]: 128.668961 128.384995
[3]: 129.422699 129.326920
[3]: 120.732513 120.673088
[3]: 128.148499 128.321609
[3]: 128.836273 128.891006
[3]: 125.426842 125.635117
[3]: 64.289192 64.354279
[3]: 128.682068 128.957504
[3]: 117.480011 117.774368
[3]: 125.117424 124.986511
[3]: 121.920280 121.671371
[2]: 127.875580 127.894775
[2]: 136.409424 136.264862
[2]: 137.547714 137.254089
[2]: 113.096146 113.327965
[2]: 139.823166 139.689117
[2]: 126.635338 126.364342
[2]: 131.138367 130.981094
[2]: 128.022217 128.233978
[2]: 143.286209 143.741364
[2]: 136.232269 136.178146
[2]: 114.468056 114.198883
[2]: 129.376129 130.096924
[2]: 122.787315 122.856323
[2]: 141.019760 141.394409
[2]: 131.799347 131.694214
[2]: 125.710693 125.654327
[2]: 135.235855 135.343277
[2]: 68.537994 68.268845
[2]: 130.046677 129.859833
[2]: 117.000557 117.726288
[2]: 129.352234 129.149658
[2]: 145.122116 144.983566
[2]: 140.945358 140.783249
[2]: 136.417313 136.607025
[2]: 122.268120 122.202629
[2]: 116.053688 115.770721
[2]: 127.189980 127.232552
[2]: 141.843079 141.488953
[2]: 117.113586 117.123810
[2]: 187.152145 187.028641
[2]: 115.551537 115.487915
[2]: 115.537361 115.701958
[2]: 126.840530 126.823853
[2]: 120.142189 119.795769
[1]: 124.048012 124.435265
[1]: 126.510948 126.022057
[1]: 136.347748 136.218262
[1]: 195.661835 195.582352
[1]: 128.910522 128.496063
[1]: 127.553658 127.885963
[1]: 126.286804 126.182396
[1]: 126.464500 126.707695
[1]: 139.378616 139.348587
[1]: 129.075211 128.695145
[1]: 121.290154 120.969055
[1]: 128.849045 129.116302
[1]: 129.119629 129.162750
[1]: 132.975845 133.181931
[1]: 133.414001 133.151993
[1]: 118.477829 118.258011
[1]: 134.947159 134.611816
[1]: 191.806168 191.817841
[1]: 133.184708 132.786499
[1]: 121.827057 122.490532
[1]: 125.160782 125.744560
[1]: 135.495438 135.743011
[1]: 139.773438 140.021667
[1]: 134.202637 134.113419
[1]: 129.299896 129.365189
[1]: 119.529808 119.186768
[1]: 122.105370 122.164551
[1]: 135.536194 136.165558
[1]: 127.619278 127.482735
[1]: 131.514145 131.550781
[1]: 120.215492 119.676590
[1]: 117.496529 117.413986
[1]: 126.317276 126.122925
[1]: 131.027115 130.843796
[0]: 125.280861 124.891190
[0]: 117.629112 117.632103
[0]: 117.094734 117.247887
[0]: 91.472824 91.521843
[0]: 115.093109 115.437042
[0]: 129.597397 129.795883
[0]: 121.548523 121.578682
[0]: 124.126633 123.861870
[0]: 104.187584 103.972305
[0]: 120.916321 121.032570
[0]: 151.215530 151.454742
[0]: 124.692902 124.158813
[0]: 131.334198 131.248230
[0]: 105.230621 105.238052
[0]: 116.915382 117.011108
[0]: 129.919235 130.063766
[0]: 116.153549 116.268654
[0]: 156.119171 155.970764
[0]: 123.976852 124.307205
[0]: 142.103226 141.321823
[0]: 127.192474 127.129501
[0]: 105.452934 105.662453
[0]: 105.647118 105.882210
[0]: 112.283096 112.333275
[0]: 126.382202 126.447815
[0]: 147.143005 147.295670
[0]: 128.810791 128.576889
[0]: 112.411949 112.386185
[0]: 139.128510 138.924698
[0]: 185.869003 185.904358
[0]: 143.535156 143.981277
[0]: 146.565079 146.401062
[0]: 127.454559 127.767845
[0]: 137.282059 137.356873
