[4]: 135.460342 132.432159
[4]: 125.404663 126.836334
[4]: 116.340950 117.904129
[4]: 174.031113 173.930054
[4]: 125.048279 124.594322
[4]: 126.483185 126.765602
[4]: 121.740486 122.387993
[4]: 126.647316 126.389420
[4]: 109.654091 111.252876
[4]: 124.969833 123.659187
[4]: 135.369293 133.923080
[4]: 130.034256 128.397034
[4]: 126.884537 127.930695
[4]: 123.129715 122.162163
[4]: 121.610619 123.592026
[4]: 131.518082 132.753708
[4]: 117.208237 118.670052
[4]: 68.126015 67.263580
[4]: 128.737503 125.855522
[4]: 130.595108 131.628586
[4]: 130.137985 130.921097
[4]: 112.906044 113.843704
[4]: 115.659760 117.078583
[4]: 124.336693 123.219727
[4]: 130.522171 128.845459
[4]: 133.527451 137.093811
[4]: 131.868546 133.075012
[4]: 116.490433 118.086906
[4]: 128.928558 129.906662
[4]: 74.624084 74.227898
[4]: 134.863754 133.324158
[4]: 137.819794 140.945679
[4]: 129.830673 131.868683
[4]: 124.836891 128.115768
[3]: 125.939354 129.667557
[3]: 129.461441 129.926086
[3]: 127.689087 127.448074
[3]: 61.526825 60.540619
[3]: 130.963379 131.771637
[3]: 127.228111 126.479179
[3]: 135.067337 135.141663
[3]: 130.004745 130.633560
[3]: 135.622375 135.352875
[3]: 124.157906 125.978561
[3]: 118.662102 119.108917
[3]: 125.703079 127.657806
[3]: 129.580078 128.203644
[3]: 131.094238 132.660767
[3]: 130.458633 129.234131
[3]: 132.266052 131.750046
[3]: 133.117401 132.714172
[3]: 158.149124 155.685638
[3]: 123.052483 124.603302
[3]: 123.533279 122.442459
[3]: 125.905067 124.990410
[3]: 138.377228 136.959061
[3]: 133.230362 132.554504
[3]: 128.253311 128.384995
[3]: 128.696472 129.326920
[3]: 122.759605 120.673088
[3]: 127.975197 128.321609
[3]: 129.370010 128.891006
[3]: 127.407867 125.635117
[3]: 64.087463 64.354279
[3]: 129.447525 128.957504
[3]: 121.063988 117.774368
[3]: 125.969131 124.986511
[3]: 123.274689 121.671371
[2]: 125.439705 127.894775
[2]: 136.164902 136.264862
[2]: 140.485474 137.254089
[2]: 110.363518 113.327965
[2]: 140.773438 139.689117
[2]: 127.159683 126.364342
[2]: 131.169556 130.981094
[2]: 127.304672 128.233978
[2]: 146.148209 143.741364
[2]: 135.280746 136.178146
[2]: 114.073296 114.198883
[2]: 128.124603 130.096924
[2]: 123.507545 122.856323
[2]: 140.107330 141.394409
[2]: 131.709625 131.694214
[2]: 126.104286 125.654327
[2]: 138.287338 135.343277
[2]: 66.618896 68.268845
[2]: 127.865608 129.859833
[2]: 119.355972 117.726288
[2]: 130.543030 129.149658
[2]: 145.428467 144.983566
[2]: 142.617294 140.783249
[2]: 135.386475 136.607025
[2]: 121.276978 122.202629
[2]: 119.828194 115.770721
[2]: 128.715881 127.232552
[2]: 144.633514 141.488953
[2]: 117.897240 117.123810
[2]: 183.815353 187.028641
[2]: 113.088074 115.487915
[2]: 120.243179 115.701958
[2]: 127.966606 126.823853
[2]: 124.669075 119.795769
[1]: 124.786850 124.435265
[1]: 128.478302 126.022057
[1]: 137.213455 136.218262
[1]: 195.934464 195.582352
[1]: 128.780960 128.496063
[1]: 128.052307 127.885963
[1]: 126.950638 126.182396
[1]: 126.695862 126.707695
[1]: 139.742203 139.348587
[1]: 128.487732 128.695145
[1]: 120.417023 120.969055
[1]: 129.067154 129.116302
[1]: 129.661514 129.162750
[1]: 132.936478 133.181931
[1]: 132.999374 133.151993
[1]: 118.238609 118.258011
[1]: 136.203323 134.611816
[1]: 190.434891 191.817841
[1]: 130.827072 132.786499
[1]: 122.793503 122.490532
[1]: 125.997063 125.744560
[1]: 136.283875 135.743011
[1]: 139.895554 140.021667
[1]: 134.183060 134.113419
[1]: 128.491989 129.365189
[1]: 121.652687 119.186768
[1]: 123.563950 122.164551
[1]: 136.505920 136.165558
[1]: 128.217560 127.482735
[1]: 134.419189 131.550781
[1]: 119.354584 119.676590
[1]: 116.504295 117.413986
[1]: 125.614082 126.122925
[1]: 131.769287 130.843796
[0]: 127.918861 124.891190
[0]: 117.033913 117.632103
[0]: 114.044640 117.247887
[0]: 91.882355 91.521843
[0]: 114.289101 115.437042
[0]: 128.255096 129.795883
[0]: 121.288322 121.578682
[0]: 125.259171 123.861870
[0]: 102.221107 103.972305
[0]: 122.822495 121.032570
[0]: 151.345673 151.454742
[0]: 126.672577 124.158813
[0]: 129.600601 131.248230
[0]: 107.383301 105.238052
[0]: 117.858307 117.011108
[0]: 130.426300 130.063766
[0]: 112.382874 116.268654
[0]: 155.370422 155.970764
[0]: 127.161942 124.307205
[0]: 139.274567 141.321823
[0]: 125.192039 127.129501
[0]: 103.890915 105.662453
[0]: 104.642044 105.882210
[0]: 112.344292 112.333275
[0]: 127.201294 126.447815
[0]: 141.939011 147.295670
[0]: 127.135902 128.576889
[0]: 109.745499 112.386185
[0]: 136.426117 138.924698
[0]: 187.689713 185.904358
[0]: 144.824142 143.981277
[0]: 142.458817 146.401062
[0]: 128.235992 127.767845
[0]: 132.940231 137.356873
