[4]: 133.600464 132.432159
[4]: 126.024338 126.836334
[4]: 116.586792 117.904129
[4]: 173.010117 173.930054
[4]: 126.573357 124.594322
[4]: 126.446396 126.765602
[4]: 122.071899 122.387993
[4]: 128.332932 126.389420
[4]: 113.420082 111.252876
[4]: 122.942322 123.659187
[4]: 134.720154 133.923080
[4]: 128.890503 128.397034
[4]: 129.055939 127.930695
[4]: 123.038002 122.162163
[4]: 125.242157 123.592026
[4]: 134.108948 132.753708
[4]: 120.040138 118.670052
[4]: 67.390137 67.263580
[4]: 125.262306 125.855522
[4]: 130.926605 131.628586
[4]: 130.007111 130.921097
[4]: 113.580467 113.843704
[4]: 116.972900 117.078583
[4]: 122.198547 123.219727
[4]: 127.577942 128.845459
[4]: 137.047714 137.093811
[4]: 135.436676 133.075012
[4]: 118.183693 118.086906
[4]: 130.744965 129.906662
[4]: 73.216721 74.227898
[4]: 134.181793 133.324158
[4]: 139.194916 140.945679
[4]: 131.843323 131.868683
[4]: 129.854553 128.115768
[3]: 127.197144 129.667557
[3]: 129.205963 129.926086
[3]: 127.614449 127.448074
[3]: 60.871273 60.540619
[3]: 131.775940 131.771637
[3]: 127.676941 126.479179
[3]: 135.324310 135.141663
[3]: 129.300903 130.633560
[3]: 134.535812 135.352875
[3]: 126.498749 125.978561
[3]: 117.343109 119.108917
[3]: 126.488770 127.657806
[3]: 127.264862 128.203644
[3]: 131.979324 132.660767
[3]: 128.563187 129.234131
[3]: 130.791931 131.750046
[3]: 133.167740 132.714172
[3]: 158.345215 155.685638
[3]: 124.023560 124.603302
[3]: 123.795914 122.442459
[3]: 125.871979 124.990410
[3]: 137.818924 136.959061
[3]: 131.672256 132.554504
[3]: 130.557648 128.384995
[3]: 130.449753 129.326920
[3]: 120.562103 120.673088
[3]: 126.199799 128.321609
[3]: 129.304489 128.891006
[3]: 125.537445 125.635117
[3]: 65.055389 64.354279
[3]: 129.017319 128.957504
[3]: 121.234512 117.774368
[3]: 125.740211 124.986511
[3]: 121.615150 121.671371
[2]: 126.664459 127.894775
[2]: 137.394653 136.264862
[2]: 136.694885 137.254089
[2]: 111.500877 113.327965
[2]: 138.639053 139.689117
[2]: 126.503754 126.364342
[2]: 129.506393 130.981094
[2]: 128.017807 128.233978
[2]: 141.624527 143.741364
[2]: 138.246643 136.178146
[2]: 114.330833 114.198883
[2]: 128.264221 130.096924
[2]: 122.484344 122.856323
[2]: 140.179626 141.394409
[2]: 131.481476 131.694214
[2]: 125.101357 125.654327
[2]: 133.945206 135.343277
[2]: 67.135223 68.268845
[2]: 130.816620 129.859833
[2]: 117.327393 117.726288
[2]: 131.166367 129.149658
[2]: 145.068451 144.983566
[2]: 141.919495 140.783249
[2]: 137.882904 136.607025
[2]: 123.779556 122.202629
[2]: 115.592010 115.770721
[2]: 125.266212 127.232552
[2]: 140.510223 141.488953
[2]: 116.565178 117.123810
[2]: 185.741699 187.028641
[2]: 115.386658 115.487915
[2]: 116.399040 115.701958
[2]: 126.540497 126.823853
[2]: 118.838898 119.795769
[1]: 126.168800 124.435265
[1]: 126.935181 126.022057
[1]: 137.351135 136.218262
[1]: 196.349655 195.582352
[1]: 127.235176 128.496063
[1]: 127.537422 127.885963
[1]: 126.517601 126.182396
[1]: 126.185593 126.707695
[1]: 137.860336 139.348587
[1]: 128.292068 128.695145
[1]: 120.292686 120.969055
[1]: 130.465607 129.116302
[1]: 128.433670 129.162750
[1]: 133.513168 133.181931
[1]: 132.829483 133.151993
[1]: 118.450142 118.258011
[1]: 133.823883 134.611816
[1]: 190.636826 191.817841
[1]: 133.236801 132.786499
[1]: 123.301392 122.490532
[1]: 125.764435 125.744560
[1]: 136.931290 135.743011
[1]: 139.711044 140.021667
[1]: 133.561432 134.113419
[1]: 128.829712 129.365189
[1]: 119.402817 119.186768
[1]: 121.465454 122.164551
[1]: 135.281647 136.165558
[1]: 126.318726 127.482735
[1]: 133.061325 131.550781
[1]: 118.824509 119.676590
[1]: 116.230591 117.413986
[1]: 125.826843 126.122925
[1]: 128.958267 130.843796
[0]: 125.727272 124.891190
[0]: 117.052071 117.632103
[0]: 117.814659 117.247887
[0]: 92.616684 91.521843
[0]: 115.767311 115.437042
[0]: 129.070709 129.795883
[0]: 122.940369 121.578682
[0]: 124.016754 123.861870
[0]: 106.366470 103.972305
[0]: 119.447159 121.032570
[0]: 153.237152 151.454742
[0]: 125.366646 124.158813
[0]: 132.271698 131.248230
[0]: 105.884003 105.238052
[0]: 116.489517 117.011108
[0]: 130.050949 130.063766
[0]: 116.620728 116.268654
[0]: 155.549500 155.970764
[0]: 124.037292 124.307205
[0]: 140.183624 141.321823
[0]: 124.951714 127.129501
[0]: 103.538239 105.662453
[0]: 105.997505 105.882210
[0]: 110.216789 112.333275
[0]: 125.462708 126.447815
[0]: 147.494583 147.295670
[0]: 131.234924 128.576889
[0]: 113.804344 112.386185
[0]: 140.044250 138.924698
[0]: 186.483078 185.904358
[0]: 144.108093 143.981277
[0]: 145.109558 146.401062
[0]: 127.583519 127.767845
[0]: 138.666183 137.356873
