[19]: 1995  5 22  6 14 ERNESTO     7.1   4.9   53  190 2000 10 11  0 20 OSCAR       7.1   4.6   65  547
[18]: 1994  7  1 18 28 RAFAEL      7.0   5.1   47  135 2000 10 11  0 20 OSCAR       7.1   4.6   65  547
[16]: 1987  3 23  6  7 BERYL      41.2 328.3   51  708 1989  9  9  6 13 CHRIS       7.0   4.6   21  602
[15]: 1976 12  4  6 27 FLORENCE   38.4 171.8   54   96 1985  9 28  0  6 FLORENCE    7.1   5.4   48  753
[14]: 1995  5 22  6 14 ERNESTO     7.1   4.9   53  190 1978 12  1  6  4 ALBERTO     7.1   4.7   21  674
[13]: 1971  5 27 18  7 DEBBY      44.1 340.5   78  579 1994  7  1 18 28 RAFAEL      7.0   5.1   47  135
[11]: 1989  9  9  6 13 CHRIS       7.0   4.6   21  602 1952  3 21 18 10 DEBBY       7.1   5.7   77  178
[10]: 1955  5 16 12  8 VALERIE    62.9 349.8   90  401 1995  5 22  6 14 ERNESTO     7.1   4.9   53  190
[9]: 1955  9  5 18  1 VALERIE    34.4 358.0   55  371 1989  9  9  6 13 CHRIS       7.0   4.6   21  602
[8]: 1971  3 13 12  5 HELENE     37.3 134.5  104  792 1978 12  1  6  4 ALBERTO     7.1   4.7   21  674
[7]: 2002 10  2 12 19 PATTY      32.7 199.6   31  689 1978 12  1  6  4 ALBERTO     7.1   4.7   21  674
[6]: 1987  5  9  6  7 PATTY       7.0   4.3   52  385 1989  9  9  6 13 CHRIS       7.0   4.6   21  602
[5]: 1995  5 22  6 14 ERNESTO     7.1   4.9   53  190 1999  8 15 18 25 BERYL       7.0   4.2  101   90
[4]: 1989  9  9  6 13 CHRIS       7.0   4.6   21  602 1983  5  8 12  1 ALBERTO     7.1   4.5  121  234
[3]: 1957 10  6  6  5 PATTY      41.0 239.8   58  341 1987  5  9  6  7 PATTY       7.0   4.3   52  385
[2]: 1989  9  9  6 13 CHRIS       7.0   4.6   21  602 1995  5 22  6 14 ERNESTO     7.1   4.9   53  190
[1]: 1986 11 19 12 27 JOYCE      62.9 163.4   90   96 2000 10 11  0 20 OSCAR       7.1   4.6   65  547
[0]: 1997  9 17  0 13 GORDON     37.9 182.4  159  890 1995  5 22  6 14 ERNESTO     7.1   4.9   53  190
