[4]: 133.579880 132.432159
[4]: 128.915024 126.836334
[4]: 123.254883 117.904129
[4]: 138.352554 173.930054
[4]: 127.565590 124.594322
[4]: 127.012566 126.765602
[4]: 127.733887 122.387993
[4]: 128.944168 126.389420
[4]: 124.880119 111.252876
[4]: 126.319702 123.659187
[4]: 122.261261 133.923080
[4]: 128.056839 128.397034
[4]: 126.799858 127.930695
[4]: 127.218513 122.162163
[4]: 130.859711 123.592026
[4]: 129.434738 132.753708
[4]: 122.619240 118.670052
[4]: 68.032860 67.263580
[4]: 126.770256 125.855522
[4]: 128.631805 131.628586
[4]: 126.826401 130.921097
[4]: 128.301651 113.843704
[4]: 125.866592 117.078583
[4]: 126.327103 123.219727
[4]: 128.922348 128.845459
[4]: 128.421021 137.093811
[4]: 131.380753 133.075012
[4]: 124.730766 118.086906
[4]: 127.138000 129.906662
[4]: 58.522076 74.227898
[4]: 128.456940 133.324158
[4]: 129.036240 140.945679
[4]: 128.475632 131.868683
[4]: 127.241356 128.115768
[3]: 129.190002 129.667557
[3]: 126.629799 129.926086
[3]: 127.984329 127.448074
[3]: 58.673489 60.540619
[3]: 131.311096 131.771637
[3]: 129.475174 126.479179
[3]: 127.245712 135.141663
[3]: 129.500763 130.633560
[3]: 128.417664 135.352875
[3]: 123.971275 125.978561
[3]: 126.705856 119.108917
[3]: 126.918564 127.657806
[3]: 127.127304 128.203644
[3]: 125.889328 132.660767
[3]: 125.937950 129.234131
[3]: 128.937698 131.750046
[3]: 128.236176 132.714172
[3]: 188.994690 155.685638
[3]: 125.998398 124.603302
[3]: 130.340332 122.442459
[3]: 127.087708 124.990410
[3]: 129.660767 136.959061
[3]: 126.350624 132.554504
[3]: 129.175858 128.384995
[3]: 129.505890 129.326920
[3]: 129.960144 120.673088
[3]: 124.852737 128.321609
[3]: 126.668114 128.891006
[3]: 129.266190 125.635117
[3]: 116.847237 64.354279
[3]: 130.349792 128.957504
[3]: 125.125702 117.774368
[3]: 127.785309 124.986511
[3]: 126.588661 121.671371
[2]: 122.919601 127.894775
[2]: 128.294296 136.264862
[2]: 127.431030 137.254089
[2]: 115.358818 113.327965
[2]: 127.714531 139.689117
[2]: 127.457573 126.364342
[2]: 126.762794 130.981094
[2]: 126.136986 128.233978
[2]: 126.676109 143.741364
[2]: 133.214981 136.178146
[2]: 132.473206 114.198883
[2]: 128.394897 130.096924
[2]: 129.832718 122.856323
[2]: 127.604218 141.394409
[2]: 122.963486 131.694214
[2]: 128.332596 125.654327
[2]: 129.901749 135.343277
[2]: 69.351837 68.268845
[2]: 127.041092 129.859833
[2]: 124.453384 117.726288
[2]: 131.481140 129.149658
[2]: 124.963226 144.983566
[2]: 128.613998 140.783249
[2]: 125.703354 136.607025
[2]: 122.731110 122.202629
[2]: 126.232567 115.770721
[2]: 126.634888 127.232552
[2]: 127.931091 141.488953
[2]: 126.439224 117.123810
[2]: 196.422577 187.028641
[2]: 128.213455 115.487915
[2]: 130.306366 115.701958
[2]: 126.245583 126.823853
[2]: 124.794044 119.795769
[1]: 125.915329 124.435265
[1]: 126.019356 126.022057
[1]: 130.901611 136.218262
[1]: 198.612762 195.582352
[1]: 126.115227 128.496063
[1]: 125.729736 127.885963
[1]: 127.689018 126.182396
[1]: 124.276863 126.707695
[1]: 128.526733 139.348587
[1]: 125.180801 128.695145
[1]: 128.751099 120.969055
[1]: 128.393707 129.116302
[1]: 127.597038 129.162750
[1]: 128.370209 133.181931
[1]: 128.699051 133.151993
[1]: 123.819847 118.258011
[1]: 130.144684 134.611816
[1]: 186.020325 191.817841
[1]: 130.367294 132.786499
[1]: 124.130699 122.490532
[1]: 124.852081 125.744560
[1]: 128.285416 135.743011
[1]: 129.679703 140.021667
[1]: 127.462067 134.113419
[1]: 127.956825 129.365189
[1]: 126.101891 119.186768
[1]: 128.524017 122.164551
[1]: 131.284241 136.165558
[1]: 127.795830 127.482735
[1]: 137.995789 131.550781
[1]: 125.120277 119.676590
[1]: 124.749550 117.413986
[1]: 127.490097 126.122925
[1]: 131.096329 130.843796
[0]: 1725.555664 124.891190
[0]: 1613.195557 117.632103
[0]: 1619.135132 117.247887
[0]: 1272.271362 91.521843
[0]: 1596.200195 115.437042
[0]: 1781.492920 129.795883
[0]: 1700.718018 121.578682
[0]: 1705.158813 123.861870
[0]: 1462.825806 103.972305
[0]: 1645.563965 121.032570
[0]: 2106.694336 151.454742
[0]: 1724.966797 124.158813
[0]: 1818.813965 131.248230
[0]: 1452.818726 105.238052
[0]: 1599.376831 117.011108
[0]: 1779.394531 130.063766
[0]: 1605.521362 116.268654
[0]: 2134.559326 155.970764
[0]: 1699.595947 124.307205
[0]: 1922.945557 141.321823
[0]: 1712.514160 127.129501
[0]: 1411.588867 105.662453
[0]: 1454.308105 105.882210
[0]: 1513.239380 112.333275
[0]: 1722.924194 126.447815
[0]: 2024.836548 147.295670
[0]: 1808.604248 128.576889
[0]: 1561.306885 112.386185
[0]: 1927.693115 138.924698
[0]: 2562.142090 185.904358
[0]: 1974.213257 143.981277
[0]: 1999.780762 146.401062
[0]: 1753.700195 127.767845
[0]: 1912.823486 137.356873
