[19]: 1999  8 27  6 15 FLORENCE    7.1   5.2  125  119 1959  2 10  6 18 ERNESTO     7.6   5.9   94  206
[18]: 1990 11 26  6 15 TONY        7.2   5.6  132  735 1969 12 26 18 16 NADINE      7.3   4.0   87  410
[17]: 1990 11 26  6 15 TONY        7.2   5.6  132  735 1962  1 15  0 20 OSCAR       7.2   4.7   94  108
[16]: 1976  8  7  6 14 BERYL       7.2   4.6   90   20 1959  2 10  6 18 ERNESTO     7.6   5.9   94  206
[15]: 1978 12 14  0  5 JOYCE       7.1   4.3   43  618 1965  9 24  0  3 VALERIE     7.6   6.2  155  625
[14]: 1999  8 27  6 15 FLORENCE    7.1   5.2  125  119 1999  1 26  6  7 KIRK        7.4   6.0   82  381
[13]: 2003 10 15 18  7 GORDON      7.0   5.5   96  195 1963  3 22  6  9 RAFAEL      7.8   4.4   32  372
[12]: 1964  6 25 12  9 ISAAC       7.1   5.8  132  283 1990 12 10  6  1 NADINE     43.3  18.9   34  801
[11]: 1970  1 28 12 11 ISAAC       7.0   6.0   78   92 2002 10 19 18 18 RAFAEL      7.5   4.0  119  767
[10]: 1962  1 15  0 20 OSCAR       7.2   4.7   94  108 1989  9 27  0 22 ALBERTO     7.3   6.2  125  336
[9]: 1975  9 11  6 10 ALBERTO     7.2   5.5   37  230 1962  1 15  0 20 OSCAR       7.2   4.7   94  108
[8]: 1975  9 11  6 10 ALBERTO     7.2   5.5   37  230 2002 10 19 18 18 RAFAEL      7.5   4.0  119  767
[7]: 2003 10 15 18  7 GORDON      7.0   5.5   96  195 1968  6 27 12 12 RAFAEL      7.2   4.0   62  498
[6]: 1964  6 25 12  9 ISAAC       7.1   5.8  132  283 1996  3 18 12 24 SANDY       7.0   6.2   30  707
[5]: 1978 12 14  0  5 JOYCE       7.1   4.3   43  618 1996  3 18 12 24 SANDY       7.0   6.2   30  707
[4]: 1962  1 15  0 20 OSCAR       7.2   4.7   94  108 1989  9 27  0 22 ALBERTO     7.3   6.2  125  336
[3]: 2004  1 24 18 16 LESLIE      7.2   5.0   27  621 1999  1 26  6  7 KIRK        7.4   6.0   82  381
[2]: 1970  1 28 12 11 ISAAC       7.0   6.0   78   92 1969 12 26 18 16 NADINE      7.3   4.0   87  410
[1]: 2004  1 24 18 16 LESLIE      7.2   5.0   27  621 1965  9 24  0  3 VALERIE     7.6   6.2  155  625
[0]: 1976  8  7  6 14 BERYL       7.2   4.6   90   20 1968  6 27 12 12 RAFAEL      7.2   4.0   62  498
