[4]: 132.458328 132.432159
[4]: 125.699646 126.836334
[4]: 116.325699 117.904129
[4]: 172.309952 173.930054
[4]: 127.850220 124.594322
[4]: 126.957809 126.765602
[4]: 122.293274 122.387993
[4]: 128.369064 126.389420
[4]: 114.538452 111.252876
[4]: 122.584969 123.659187
[4]: 135.304367 133.923080
[4]: 128.038727 128.397034
[4]: 128.578354 127.930695
[4]: 122.008583 122.162163
[4]: 124.085243 123.592026
[4]: 134.427475 132.753708
[4]: 120.448090 118.670052
[4]: 68.133331 67.263580
[4]: 125.240067 125.855522
[4]: 130.502396 131.628586
[4]: 129.836441 130.921097
[4]: 113.929321 113.843704
[4]: 116.628883 117.078583
[4]: 123.110901 123.219727
[4]: 127.792755 128.845459
[4]: 137.019516 137.093811
[4]: 134.904678 133.075012
[4]: 118.907593 118.086906
[4]: 131.009766 129.906662
[4]: 71.629044 74.227898
[4]: 134.465164 133.324158
[4]: 139.246521 140.945679
[4]: 131.553162 131.868683
[4]: 131.231171 128.115768
[3]: 128.671387 129.667557
[3]: 129.670517 129.926086
[3]: 128.759216 127.448074
[3]: 60.926228 60.540619
[3]: 131.234451 131.771637
[3]: 126.893791 126.479179
[3]: 134.479599 135.141663
[3]: 128.751953 130.633560
[3]: 134.995621 135.352875
[3]: 126.809784 125.978561
[3]: 116.921227 119.108917
[3]: 127.271645 127.657806
[3]: 127.906456 128.203644
[3]: 133.012115 132.660767
[3]: 128.981400 129.234131
[3]: 131.282974 131.750046
[3]: 133.876205 132.714172
[3]: 159.835892 155.685638
[3]: 124.564865 124.603302
[3]: 123.210068 122.442459
[3]: 126.158020 124.990410
[3]: 138.227798 136.959061
[3]: 133.031647 132.554504
[3]: 129.247726 128.384995
[3]: 130.474518 129.326920
[3]: 120.821426 120.673088
[3]: 127.125900 128.321609
[3]: 129.036652 128.891006
[3]: 124.696465 125.635117
[3]: 66.296501 64.354279
[3]: 129.647934 128.957504
[3]: 119.807518 117.774368
[3]: 125.867462 124.986511
[3]: 120.073616 121.671371
[2]: 128.500549 127.894775
[2]: 136.870407 136.264862
[2]: 136.728348 137.254089
[2]: 111.964806 113.327965
[2]: 136.982910 139.689117
[2]: 126.541000 126.364342
[2]: 128.642532 130.981094
[2]: 128.774902 128.233978
[2]: 140.775467 143.741364
[2]: 138.163910 136.178146
[2]: 114.816147 114.198883
[2]: 128.275467 130.096924
[2]: 123.148659 122.856323
[2]: 141.049026 141.394409
[2]: 132.742249 131.694214
[2]: 125.607498 125.654327
[2]: 133.738998 135.343277
[2]: 66.312569 68.268845
[2]: 131.202606 129.859833
[2]: 118.832909 117.726288
[2]: 131.030029 129.149658
[2]: 145.001587 144.983566
[2]: 141.925003 140.783249
[2]: 136.743210 136.607025
[2]: 123.653267 122.202629
[2]: 115.979820 115.770721
[2]: 125.523674 127.232552
[2]: 139.429611 141.488953
[2]: 115.793503 117.123810
[2]: 185.456055 187.028641
[2]: 115.340614 115.487915
[2]: 115.998413 115.701958
[2]: 127.265694 126.823853
[2]: 118.692596 119.795769
[1]: 126.155815 124.435265
[1]: 127.089760 126.022057
[1]: 137.350311 136.218262
[1]: 196.482956 195.582352
[1]: 126.539886 128.496063
[1]: 127.559151 127.885963
[1]: 126.643066 126.182396
[1]: 125.263824 126.707695
[1]: 137.028931 139.348587
[1]: 128.129227 128.695145
[1]: 120.185997 120.969055
[1]: 130.656250 129.116302
[1]: 128.287064 129.162750
[1]: 133.621384 133.181931
[1]: 133.179520 133.151993
[1]: 118.165871 118.258011
[1]: 133.479218 134.611816
[1]: 190.630661 191.817841
[1]: 133.864380 132.786499
[1]: 122.634171 122.490532
[1]: 125.833893 125.744560
[1]: 136.734619 135.743011
[1]: 139.618881 140.021667
[1]: 133.557755 134.113419
[1]: 128.726974 129.365189
[1]: 119.134758 119.186768
[1]: 121.478828 122.164551
[1]: 135.241592 136.165558
[1]: 126.527649 127.482735
[1]: 134.350540 131.550781
[1]: 118.889183 119.676590
[1]: 116.285896 117.413986
[1]: 126.012711 126.122925
[1]: 128.466110 130.843796
[0]: 123.338654 124.891190
[0]: 117.200951 117.632103
[0]: 116.791893 117.247887
[0]: 92.565315 91.521843
[0]: 117.432098 115.437042
[0]: 129.327271 129.795883
[0]: 124.432877 121.578682
[0]: 124.758499 123.861870
[0]: 106.417770 103.972305
[0]: 119.690941 121.032570
[0]: 152.758591 151.454742
[0]: 125.203278 124.158813
[0]: 131.572647 131.248230
[0]: 104.696465 105.238052
[0]: 115.502937 117.011108
[0]: 128.893265 130.063766
[0]: 115.980499 116.268654
[0]: 154.996292 155.970764
[0]: 122.341759 124.307205
[0]: 140.472046 141.321823
[0]: 124.842712 127.129501
[0]: 102.908371 105.662453
[0]: 104.896461 105.882210
[0]: 111.824677 112.333275
[0]: 125.473770 126.447815
[0]: 147.181793 147.295670
[0]: 130.471176 128.576889
[0]: 114.465057 112.386185
[0]: 141.381882 138.924698
[0]: 185.777054 185.904358
[0]: 143.159714 143.981277
[0]: 147.035370 146.401062
[0]: 126.746071 127.767845
[0]: 139.642624 137.356873
