[4]: 133.533279 132.432159
[4]: 126.242722 126.836334
[4]: 116.069473 117.904129
[4]: 172.708817 173.930054
[4]: 127.099213 124.594322
[4]: 126.948151 126.765602
[4]: 122.737686 122.387993
[4]: 128.227295 126.389420
[4]: 114.820534 111.252876
[4]: 123.138947 123.659187
[4]: 135.634705 133.923080
[4]: 128.421478 128.397034
[4]: 129.101257 127.930695
[4]: 122.501572 122.162163
[4]: 123.961288 123.592026
[4]: 135.113846 132.753708
[4]: 121.004799 118.670052
[4]: 68.404953 67.263580
[4]: 125.465935 125.855522
[4]: 130.105515 131.628586
[4]: 129.024948 130.921097
[4]: 112.803223 113.843704
[4]: 116.810226 117.078583
[4]: 122.303932 123.219727
[4]: 127.605347 128.845459
[4]: 136.838470 137.093811
[4]: 135.545319 133.075012
[4]: 118.958618 118.086906
[4]: 131.307632 129.906662
[4]: 71.813766 74.227898
[4]: 134.102432 133.324158
[4]: 138.441772 140.945679
[4]: 131.828247 131.868683
[4]: 131.212036 128.115768
[3]: 126.853622 129.667557
[3]: 129.192902 129.926086
[3]: 128.168732 127.448074
[3]: 60.983814 60.540619
[3]: 131.644226 131.771637
[3]: 127.345375 126.479179
[3]: 135.027054 135.141663
[3]: 129.058640 130.633560
[3]: 134.275009 135.352875
[3]: 126.267883 125.978561
[3]: 116.563141 119.108917
[3]: 126.582062 127.657806
[3]: 127.158264 128.203644
[3]: 132.384232 132.660767
[3]: 128.870743 129.234131
[3]: 130.754639 131.750046
[3]: 133.273758 132.714172
[3]: 159.458282 155.685638
[3]: 123.596375 124.603302
[3]: 123.721947 122.442459
[3]: 126.890373 124.990410
[3]: 138.715622 136.959061
[3]: 131.803497 132.554504
[3]: 130.287674 128.384995
[3]: 130.652039 129.326920
[3]: 121.311905 120.673088
[3]: 126.336853 128.321609
[3]: 129.403244 128.891006
[3]: 125.390335 125.635117
[3]: 65.721947 64.354279
[3]: 129.409653 128.957504
[3]: 121.143402 117.774368
[3]: 125.449760 124.986511
[3]: 120.575966 121.671371
[2]: 127.276535 127.894775
[2]: 136.286850 136.264862
[2]: 136.807877 137.254089
[2]: 111.825798 113.327965
[2]: 137.335876 139.689117
[2]: 126.203316 126.364342
[2]: 128.279709 130.981094
[2]: 128.632401 128.233978
[2]: 140.488022 143.741364
[2]: 137.947083 136.178146
[2]: 114.605270 114.198883
[2]: 128.300491 130.096924
[2]: 122.913689 122.856323
[2]: 140.462875 141.394409
[2]: 132.378387 131.694214
[2]: 125.473663 125.654327
[2]: 133.078934 135.343277
[2]: 66.185226 68.268845
[2]: 131.056396 129.859833
[2]: 118.968742 117.726288
[2]: 131.913925 129.149658
[2]: 145.879257 144.983566
[2]: 142.299301 140.783249
[2]: 137.821915 136.607025
[2]: 124.235764 122.202629
[2]: 115.992149 115.770721
[2]: 125.032845 127.232552
[2]: 139.140091 141.488953
[2]: 115.742264 117.123810
[2]: 185.283905 187.028641
[2]: 116.132797 115.487915
[2]: 117.354591 115.701958
[2]: 126.939949 126.823853
[2]: 118.327621 119.795769
[1]: 126.593124 124.435265
[1]: 127.697784 126.022057
[1]: 137.584702 136.218262
[1]: 195.978638 195.582352
[1]: 127.060211 128.496063
[1]: 127.360237 127.885963
[1]: 126.380127 126.182396
[1]: 125.816719 126.707695
[1]: 137.287704 139.348587
[1]: 128.443619 128.695145
[1]: 119.800888 120.969055
[1]: 130.818207 129.116302
[1]: 128.398224 129.162750
[1]: 133.579315 133.181931
[1]: 133.430283 133.151993
[1]: 117.818283 118.258011
[1]: 133.658249 134.611816
[1]: 190.731247 191.817841
[1]: 133.827484 132.786499
[1]: 123.010063 122.490532
[1]: 125.966545 125.744560
[1]: 136.861877 135.743011
[1]: 139.924194 140.021667
[1]: 133.139832 134.113419
[1]: 128.713379 129.365189
[1]: 118.984795 119.186768
[1]: 121.219231 122.164551
[1]: 135.361954 136.165558
[1]: 126.159805 127.482735
[1]: 134.275925 131.550781
[1]: 118.610359 119.676590
[1]: 115.705040 117.413986
[1]: 126.188583 126.122925
[1]: 128.669937 130.843796
[0]: 125.006218 124.891190
[0]: 117.065063 117.632103
[0]: 117.354271 117.247887
[0]: 92.695671 91.521843
[0]: 116.813965 115.437042
[0]: 129.431259 129.795883
[0]: 124.026268 121.578682
[0]: 124.111900 123.861870
[0]: 106.887756 103.972305
[0]: 119.541084 121.032570
[0]: 153.496506 151.454742
[0]: 125.333450 124.158813
[0]: 131.971313 131.248230
[0]: 105.483276 105.238052
[0]: 115.856041 117.011108
[0]: 129.258011 130.063766
[0]: 116.535210 116.268654
[0]: 155.339325 155.970764
[0]: 123.349869 124.307205
[0]: 139.807571 141.321823
[0]: 123.802902 127.129501
[0]: 102.455803 105.662453
[0]: 105.259483 105.882210
[0]: 110.814224 112.333275
[0]: 124.869438 126.447815
[0]: 147.031281 147.295670
[0]: 131.465652 128.576889
[0]: 114.151474 112.386185
[0]: 140.788651 138.924698
[0]: 186.452438 185.904358
[0]: 143.308990 143.981277
[0]: 145.647110 146.401062
[0]: 127.061958 127.767845
[0]: 139.307266 137.356873
