[4]: 92.737961 132.432159
[4]: 131.316406 126.836334
[4]: 127.056824 117.904129
[4]: 181.929779 173.930054
[4]: 138.393799 124.594322
[4]: 127.889336 126.765602
[4]: 126.764404 122.387993
[4]: 135.281387 126.389420
[4]: 131.758011 111.252876
[4]: 130.937485 123.659187
[4]: 124.907806 133.923080
[4]: 124.795311 128.397034
[4]: 123.599281 127.930695
[4]: 141.379349 122.162163
[4]: 127.864998 123.592026
[4]: 127.053932 132.753708
[4]: 132.275177 118.670052
[4]: 59.285328 67.263580
[4]: 131.472153 125.855522
[4]: 128.888641 131.628586
[4]: 133.957626 130.921097
[4]: 136.012177 113.843704
[4]: 132.936172 117.078583
[4]: 135.803268 123.219727
[4]: 125.684555 128.845459
[4]: 118.478897 137.093811
[4]: 126.304497 133.075012
[4]: 131.007874 118.086906
[4]: 122.046486 129.906662
[4]: 125.281563 74.227898
[4]: 124.914902 133.324158
[4]: 166.019867 140.945679
[4]: 131.789612 131.868683
[4]: 118.130539 128.115768
[3]: 170.865936 129.667557
[3]: 126.487823 129.926086
[3]: 124.923080 127.448074
[3]: 87.150299 60.540619
[3]: 129.392792 131.771637
[3]: 127.131104 126.479179
[3]: 128.426300 135.141663
[3]: 128.606888 130.633560
[3]: 127.085167 135.352875
[3]: 125.073189 125.978561
[3]: 126.182899 119.108917
[3]: 128.653915 127.657806
[3]: 127.607330 128.203644
[3]: 127.606239 132.660767
[3]: 127.093224 129.234131
[3]: 129.624985 131.750046
[3]: 126.917343 132.714172
[3]: 127.180779 155.685638
[3]: 126.645088 124.603302
[3]: 126.549606 122.442459
[3]: 126.551025 124.990410
[3]: 127.796028 136.959061
[3]: 127.234116 132.554504
[3]: 127.103790 128.384995
[3]: 127.907295 129.326920
[3]: 125.182518 120.673088
[3]: 128.933456 128.321609
[3]: 127.263626 128.891006
[3]: 128.729218 125.635117
[3]: 63.170017 64.354279
[3]: 128.929260 128.957504
[3]: 83.463661 117.774368
[3]: 128.140259 124.986511
[3]: 125.391960 121.671371
[2]: 169.230988 127.894775
[2]: 129.012253 136.264862
[2]: 129.513718 137.254089
[2]: 83.669884 113.327965
[2]: 128.709763 139.689117
[2]: 128.199371 126.364342
[2]: 126.919243 130.981094
[2]: 128.186142 128.233978
[2]: 127.317802 143.741364
[2]: 129.261688 136.178146
[2]: 126.555367 114.198883
[2]: 127.537247 130.096924
[2]: 128.460007 122.856323
[2]: 129.538284 141.394409
[2]: 127.952354 131.694214
[2]: 125.914101 125.654327
[2]: 130.155701 135.343277
[2]: 129.052734 68.268845
[2]: 129.716934 129.859833
[2]: 126.879753 117.726288
[2]: 129.347839 129.149658
[2]: 128.026718 144.983566
[2]: 129.031799 140.783249
[2]: 128.468613 136.607025
[2]: 125.644661 122.202629
[2]: 128.069351 115.770721
[2]: 126.087791 127.232552
[2]: 127.996223 141.488953
[2]: 125.824158 117.123810
[2]: 191.959198 187.028641
[2]: 126.741119 115.487915
[2]: 85.311676 115.701958
[2]: 127.742752 126.823853
[2]: 127.486084 119.795769
[1]: 87.418282 124.435265
[1]: 127.979637 126.022057
[1]: 136.274750 136.218262
[1]: 181.990051 195.582352
[1]: 139.486252 128.496063
[1]: 124.350677 127.885963
[1]: 126.585793 126.182396
[1]: 133.534576 126.707695
[1]: 129.456833 139.348587
[1]: 125.827515 128.695145
[1]: 116.576111 120.969055
[1]: 124.081535 129.116302
[1]: 132.880264 129.162750
[1]: 139.882538 133.181931
[1]: 131.897919 133.151993
[1]: 120.587242 118.258011
[1]: 141.011581 134.611816
[1]: 194.098373 191.817841
[1]: 138.399277 132.786499
[1]: 123.928238 122.490532
[1]: 125.346245 125.744560
[1]: 129.729416 135.743011
[1]: 137.614838 140.021667
[1]: 137.030319 134.113419
[1]: 124.564613 129.365189
[1]: 117.679367 119.186768
[1]: 120.670227 122.164551
[1]: 134.679276 136.165558
[1]: 125.648148 127.482735
[1]: 124.190681 131.550781
[1]: 125.541542 119.676590
[1]: 160.389236 117.413986
[1]: 129.494110 126.122925
[1]: 122.274025 130.843796
[0]: 78.570770 124.891190
[0]: 121.151367 117.632103
[0]: 117.644989 117.247887
[0]: 135.855728 91.521843
[0]: 98.881699 115.437042
[0]: 129.744843 129.795883
[0]: 127.940849 121.578682
[0]: 105.606461 123.861870
[0]: 118.239441 103.972305
[0]: 124.264977 121.032570
[0]: 148.056961 151.454742
[0]: 135.981995 124.158813
[0]: 126.423553 131.248230
[0]: 90.090256 105.238052
[0]: 118.981010 117.011108
[0]: 136.436752 130.063766
[0]: 103.286591 116.268654
[0]: 132.082062 155.970764
[0]: 107.376190 124.307205
[0]: 128.590744 141.321823
[0]: 121.082611 127.129501
[0]: 114.839684 105.662453
[0]: 107.245445 105.882210
[0]: 102.407288 112.333275
[0]: 134.149841 126.447815
[0]: 154.797989 147.295670
[0]: 139.524826 128.576889
[0]: 115.003601 112.386185
[0]: 138.324783 138.924698
[0]: 135.264862 185.904358
[0]: 135.646408 143.981277
[0]: 183.823425 146.401062
[0]: 118.240311 127.767845
[0]: 148.489136 137.356873
