[4]: 132.432159 136.800568
[4]: 126.836334 127.270584
[4]: 117.904129 116.954605
[4]: 173.930054 168.949051
[4]: 124.594322 127.171654
[4]: 126.765602 127.349014
[4]: 122.387993 121.335548
[4]: 126.389420 129.803299
[4]: 111.252876 112.367874
[4]: 123.659187 124.480118
[4]: 133.923080 132.437149
[4]: 128.397034 129.891052
[4]: 127.930695 127.698418
[4]: 122.162163 122.735680
[4]: 123.592026 125.090714
[4]: 132.753708 133.630554
[4]: 118.670052 120.128838
[4]: 67.263580 67.014320
[4]: 125.855522 127.223778
[4]: 131.628586 131.367950
[4]: 130.921097 128.121948
[4]: 113.843704 111.875786
[4]: 117.078583 115.705460
[4]: 123.219727 122.273247
[4]: 128.845459 128.302124
[4]: 137.093811 136.061127
[4]: 133.075012 135.180893
[4]: 118.086906 115.604965
[4]: 129.906662 129.626572
[4]: 74.227898 71.401848
[4]: 133.324158 135.084763
[4]: 140.945679 135.255402
[4]: 131.868683 130.856293
[4]: 128.115768 129.458588
[3]: 129.667557 123.576172
[3]: 129.926086 128.318527
[3]: 127.448074 127.833580
[3]: 60.540619 60.688637
[3]: 131.771637 131.620926
[3]: 126.479179 127.168701
[3]: 135.141663 135.136841
[3]: 130.633560 128.150604
[3]: 135.352875 135.955872
[3]: 125.978561 125.430908
[3]: 119.108917 118.997559
[3]: 127.657806 124.815254
[3]: 128.203644 127.535591
[3]: 132.660767 132.312469
[3]: 129.234131 128.545105
[3]: 131.750046 130.615494
[3]: 132.714172 133.383408
[3]: 155.685638 162.217377
[3]: 124.603302 123.527641
[3]: 122.442459 123.279747
[3]: 124.990410 127.554382
[3]: 136.959061 141.111755
[3]: 132.554504 133.683136
[3]: 128.384995 130.673218
[3]: 129.326920 128.971130
[3]: 120.673088 122.212662
[3]: 128.321609 125.369644
[3]: 128.891006 130.566254
[3]: 125.635117 124.950607
[3]: 64.354279 67.290916
[3]: 128.957504 129.006134
[3]: 117.774368 124.566338
[3]: 124.986511 126.371056
[3]: 121.671371 122.202126
[2]: 127.894775 122.963974
[2]: 136.264862 135.565887
[2]: 137.254089 137.767899
[2]: 113.327965 112.469170
[2]: 139.689117 138.091690
[2]: 126.364342 124.941772
[2]: 130.981094 130.481384
[2]: 128.233978 125.064613
[2]: 143.741364 143.472687
[2]: 136.178146 135.319412
[2]: 114.198883 116.152397
[2]: 130.096924 126.428833
[2]: 122.856323 123.690018
[2]: 141.394409 140.146561
[2]: 131.694214 131.298721
[2]: 125.654327 124.395683
[2]: 135.343277 134.773483
[2]: 68.268845 66.581154
[2]: 129.859833 129.915817
[2]: 117.726288 117.854233
[2]: 129.149658 131.748718
[2]: 144.983566 147.087219
[2]: 140.783249 143.146484
[2]: 136.607025 136.936417
[2]: 122.202629 122.987297
[2]: 115.770721 116.513580
[2]: 127.232552 124.822205
[2]: 141.488953 143.432755
[2]: 117.123810 116.472603
[2]: 187.028641 185.024841
[2]: 115.487915 114.662224
[2]: 115.701958 119.826195
[2]: 126.823853 127.650322
[2]: 119.795769 120.799278
[1]: 124.435265 125.807205
[1]: 126.022057 126.638947
[1]: 136.218262 135.994019
[1]: 195.582352 197.123840
[1]: 128.496063 126.560059
[1]: 127.885963 127.598030
[1]: 126.182396 126.854340
[1]: 126.707695 125.874367
[1]: 139.348587 137.994644
[1]: 128.695145 128.659210
[1]: 120.969055 121.889824
[1]: 129.116302 128.584747
[1]: 129.162750 129.087509
[1]: 133.181931 134.206375
[1]: 133.151993 132.206070
[1]: 118.258011 118.565575
[1]: 134.611816 135.317261
[1]: 191.817841 190.125320
[1]: 132.786499 132.726532
[1]: 122.490532 122.696869
[1]: 125.744560 126.907990
[1]: 135.743011 137.192795
[1]: 140.021667 139.521469
[1]: 134.113419 133.939514
[1]: 129.365189 129.570541
[1]: 119.186768 120.440796
[1]: 122.164551 122.646637
[1]: 136.165558 136.375488
[1]: 127.482735 127.281853
[1]: 131.550781 132.612152
[1]: 119.676590 118.473717
[1]: 117.413986 117.303825
[1]: 126.122925 126.048607
[1]: 130.843796 129.336746
[0]: 124.891190 130.494919
[0]: 117.632103 118.958916
[0]: 117.247887 117.597588
[0]: 91.521843 94.169769
[0]: 115.437042 116.637299
[0]: 129.795883 130.267349
[0]: 121.578682 122.646080
[0]: 123.861870 127.188805
[0]: 103.972305 103.972176
[0]: 121.032570 121.691383
[0]: 151.454742 150.106888
[0]: 124.158813 130.132645
[0]: 131.248230 131.436096
[0]: 105.238052 105.145653
[0]: 117.011108 117.565117
[0]: 130.063766 131.380539
[0]: 116.268654 113.831093
[0]: 155.970764 153.779419
[0]: 124.307205 123.937210
[0]: 141.321823 140.332642
[0]: 127.129501 123.242638
[0]: 105.662453 99.507492
[0]: 105.882210 104.157539
[0]: 112.333275 110.642807
[0]: 126.447815 126.336777
[0]: 147.295670 144.524551
[0]: 128.576889 131.516449
[0]: 112.386185 110.965630
[0]: 138.924698 140.929886
[0]: 185.904358 187.442123
[0]: 143.981277 144.291046
[0]: 146.401062 140.788116
[0]: 127.767845 126.477776
[0]: 137.356873 135.874252
