[4]: 89.037300 132.432159
[4]: 128.697540 126.836334
[4]: 126.334000 117.904129
[4]: 174.493805 173.930054
[4]: 130.011383 124.594322
[4]: 128.680878 126.765602
[4]: 127.306091 122.387993
[4]: 128.627914 126.389420
[4]: 129.411591 111.252876
[4]: 129.532532 123.659187
[4]: 127.432022 133.923080
[4]: 129.821106 128.397034
[4]: 126.677536 127.930695
[4]: 130.593323 122.162163
[4]: 126.548836 123.592026
[4]: 131.714340 132.753708
[4]: 126.208427 118.670052
[4]: 61.164436 67.263580
[4]: 125.036018 125.855522
[4]: 126.934792 131.628586
[4]: 130.006699 130.921097
[4]: 129.585419 113.843704
[4]: 129.173340 117.078583
[4]: 130.244232 123.219727
[4]: 127.901764 128.845459
[4]: 126.071686 137.093811
[4]: 126.711349 133.075012
[4]: 128.456650 118.086906
[4]: 124.739822 129.906662
[4]: 125.042786 74.227898
[4]: 126.891518 133.324158
[4]: 170.296631 140.945679
[4]: 129.334000 131.868683
[4]: 122.467186 128.115768
[3]: 170.894623 129.667557
[3]: 127.746223 129.926086
[3]: 127.230408 127.448074
[3]: 88.231567 60.540619
[3]: 129.346588 131.771637
[3]: 128.422058 126.479179
[3]: 129.557770 135.141663
[3]: 127.609291 130.633560
[3]: 127.521118 135.352875
[3]: 125.656967 125.978561
[3]: 124.419884 119.108917
[3]: 128.003052 127.657806
[3]: 127.453339 128.203644
[3]: 127.932732 132.660767
[3]: 127.029465 129.234131
[3]: 130.993759 131.750046
[3]: 127.576775 132.714172
[3]: 126.236938 155.685638
[3]: 127.101158 124.603302
[3]: 126.285995 122.442459
[3]: 127.024529 124.990410
[3]: 127.993835 136.959061
[3]: 126.910889 132.554504
[3]: 127.417778 128.384995
[3]: 130.001663 129.326920
[3]: 124.093468 120.673088
[3]: 127.781281 128.321609
[3]: 128.146515 128.891006
[3]: 127.717415 125.635117
[3]: 58.668652 64.354279
[3]: 130.435272 128.957504
[3]: 82.410599 117.774368
[3]: 128.099274 124.986511
[3]: 125.830917 121.671371
[2]: 166.712692 127.894775
[2]: 130.161331 136.264862
[2]: 130.358902 137.254089
[2]: 93.520561 113.327965
[2]: 129.875168 139.689117
[2]: 127.341599 126.364342
[2]: 131.994232 130.981094
[2]: 136.566238 128.233978
[2]: 138.152222 143.741364
[2]: 133.979843 136.178146
[2]: 117.262520 114.198883
[2]: 133.944244 130.096924
[2]: 132.388977 122.856323
[2]: 137.906860 141.394409
[2]: 133.423523 131.694214
[2]: 128.643372 125.654327
[2]: 133.575912 135.343277
[2]: 124.867767 68.268845
[2]: 127.362000 129.859833
[2]: 118.899788 117.726288
[2]: 129.537796 129.149658
[2]: 133.885406 144.983566
[2]: 134.443512 140.783249
[2]: 141.909698 136.607025
[2]: 128.870453 122.202629
[2]: 121.143372 115.770721
[2]: 121.238701 127.232552
[2]: 128.451553 141.488953
[2]: 121.864189 117.123810
[2]: 187.193512 187.028641
[2]: 120.823799 115.487915
[2]: 73.193268 115.701958
[2]: 137.769012 126.823853
[2]: 115.973099 119.795769
[1]: 83.182945 124.435265
[1]: 128.423111 126.022057
[1]: 132.362045 136.218262
[1]: 177.116196 195.582352
[1]: 128.543228 128.496063
[1]: 126.459366 127.885963
[1]: 130.954849 126.182396
[1]: 130.114639 126.707695
[1]: 133.102951 139.348587
[1]: 129.952713 128.695145
[1]: 120.047806 120.969055
[1]: 128.009323 129.116302
[1]: 130.640686 129.162750
[1]: 130.539886 133.181931
[1]: 131.270508 133.151993
[1]: 124.460701 118.258011
[1]: 133.675323 134.611816
[1]: 191.331116 191.817841
[1]: 129.883591 132.786499
[1]: 121.310165 122.490532
[1]: 124.978905 125.744560
[1]: 130.749115 135.743011
[1]: 130.982315 140.021667
[1]: 134.800400 134.113419
[1]: 130.718689 129.365189
[1]: 123.462776 119.186768
[1]: 124.124336 122.164551
[1]: 129.293594 136.165558
[1]: 127.012436 127.482735
[1]: 119.011696 131.550781
[1]: 125.943237 119.676590
[1]: 161.812164 117.413986
[1]: 131.287155 126.122925
[1]: 125.447678 130.843796
[0]: 136.962067 124.891190
[0]: 119.909218 117.632103
[0]: 117.531395 117.247887
[0]: 85.743111 91.521843
[0]: 120.560410 115.437042
[0]: 125.460251 129.795883
[0]: 112.074524 121.578682
[0]: 106.997292 123.861870
[0]: 98.395660 103.972305
[0]: 112.196815 121.032570
[0]: 158.345078 151.454742
[0]: 116.414299 124.158813
[0]: 119.712738 131.248230
[0]: 101.185074 105.238052
[0]: 112.973015 117.011108
[0]: 119.450089 130.063766
[0]: 113.110550 116.268654
[0]: 142.947830 155.970764
[0]: 128.827682 124.307205
[0]: 147.400864 141.321823
[0]: 125.818542 127.129501
[0]: 111.687218 105.662453
[0]: 111.665428 105.882210
[0]: 89.737915 112.333275
[0]: 114.530937 126.447815
[0]: 151.337845 147.295670
[0]: 144.606598 128.576889
[0]: 121.915878 112.386185
[0]: 141.220871 138.924698
[0]: 168.483521 185.904358
[0]: 139.390015 143.981277
[0]: 151.591354 146.401062
[0]: 103.595642 127.767845
[0]: 156.622284 137.356873
