[4]: 133.786377 132.432159
[4]: 125.867729 126.836334
[4]: 116.825317 117.904129
[4]: 173.014893 173.930054
[4]: 126.599167 124.594322
[4]: 126.522308 126.765602
[4]: 122.114693 122.387993
[4]: 128.227341 126.389420
[4]: 113.921333 111.252876
[4]: 123.219452 123.659187
[4]: 135.359772 133.923080
[4]: 128.746643 128.397034
[4]: 129.303329 127.930695
[4]: 122.913368 122.162163
[4]: 124.927635 123.592026
[4]: 134.418259 132.753708
[4]: 120.397606 118.670052
[4]: 67.642044 67.263580
[4]: 124.994957 125.855522
[4]: 130.872452 131.628586
[4]: 130.345261 130.921097
[4]: 113.511665 113.843704
[4]: 117.322090 117.078583
[4]: 122.280388 123.219727
[4]: 127.934418 128.845459
[4]: 137.035080 137.093811
[4]: 135.811203 133.075012
[4]: 118.178146 118.086906
[4]: 130.680511 129.906662
[4]: 73.068893 74.227898
[4]: 134.137314 133.324158
[4]: 139.290009 140.945679
[4]: 132.265015 131.868683
[4]: 130.504654 128.115768
[3]: 126.729279 129.667557
[3]: 129.003586 129.926086
[3]: 127.450134 127.448074
[3]: 61.058998 60.540619
[3]: 131.816376 131.771637
[3]: 127.496101 126.479179
[3]: 135.323090 135.141663
[3]: 129.673874 130.633560
[3]: 134.368423 135.352875
[3]: 126.098251 125.978561
[3]: 117.133682 119.108917
[3]: 126.206184 127.657806
[3]: 127.168098 128.203644
[3]: 131.978073 132.660767
[3]: 128.815826 129.234131
[3]: 130.471664 131.750046
[3]: 132.858902 132.714172
[3]: 158.644302 155.685638
[3]: 124.060715 124.603302
[3]: 124.193771 122.442459
[3]: 125.937103 124.990410
[3]: 137.932968 136.959061
[3]: 131.792419 132.554504
[3]: 130.606216 128.384995
[3]: 130.252930 129.326920
[3]: 120.872719 120.673088
[3]: 125.793976 128.321609
[3]: 129.589584 128.891006
[3]: 125.562195 125.635117
[3]: 64.995476 64.354279
[3]: 129.155304 128.957504
[3]: 121.535507 117.774368
[3]: 125.677460 124.986511
[3]: 121.349930 121.671371
[2]: 126.201355 127.894775
[2]: 137.268173 136.264862
[2]: 136.327591 137.254089
[2]: 111.576584 113.327965
[2]: 137.947906 139.689117
[2]: 126.340027 126.364342
[2]: 129.371094 130.981094
[2]: 127.928154 128.233978
[2]: 141.146469 143.741364
[2]: 137.774200 136.178146
[2]: 113.533173 114.198883
[2]: 128.481155 130.096924
[2]: 122.402870 122.856323
[2]: 140.196411 141.394409
[2]: 131.703949 131.694214
[2]: 125.623817 125.654327
[2]: 133.611542 135.343277
[2]: 67.053764 68.268845
[2]: 130.872238 129.859833
[2]: 117.150459 117.726288
[2]: 130.443970 129.149658
[2]: 145.385742 144.983566
[2]: 141.663010 140.783249
[2]: 137.685547 136.607025
[2]: 123.573555 122.202629
[2]: 116.130066 115.770721
[2]: 124.971565 127.232552
[2]: 140.666901 141.488953
[2]: 116.694466 117.123810
[2]: 185.682281 187.028641
[2]: 115.695976 115.487915
[2]: 116.433456 115.701958
[2]: 126.055435 126.823853
[2]: 118.027161 119.795769
[1]: 126.553520 124.435265
[1]: 127.227638 126.022057
[1]: 137.518936 136.218262
[1]: 196.291138 195.582352
[1]: 127.408615 128.496063
[1]: 127.236916 127.885963
[1]: 126.584763 126.182396
[1]: 125.630646 126.707695
[1]: 137.995255 139.348587
[1]: 128.437363 128.695145
[1]: 120.415703 120.969055
[1]: 130.638367 129.116302
[1]: 128.510513 129.162750
[1]: 133.756851 133.181931
[1]: 132.799393 133.151993
[1]: 118.367172 118.258011
[1]: 134.286072 134.611816
[1]: 190.602600 191.817841
[1]: 133.544556 132.786499
[1]: 123.262695 122.490532
[1]: 125.919289 125.744560
[1]: 136.677307 135.743011
[1]: 139.269012 140.021667
[1]: 133.762939 134.113419
[1]: 128.716263 129.365189
[1]: 118.925446 119.186768
[1]: 121.225304 122.164551
[1]: 135.319260 136.165558
[1]: 126.316528 127.482735
[1]: 133.431137 131.550781
[1]: 119.034431 119.676590
[1]: 115.768852 117.413986
[1]: 125.912125 126.122925
[1]: 129.055389 130.843796
[0]: 126.095184 124.891190
[0]: 117.206825 117.632103
[0]: 117.948746 117.247887
[0]: 92.395386 91.521843
[0]: 116.190369 115.437042
[0]: 129.706436 129.795883
[0]: 122.963219 121.578682
[0]: 124.415794 123.861870
[0]: 106.341202 103.972305
[0]: 119.897324 121.032570
[0]: 153.559219 151.454742
[0]: 125.406578 124.158813
[0]: 132.136871 131.248230
[0]: 105.670517 105.238052
[0]: 116.327766 117.011108
[0]: 129.567230 130.063766
[0]: 116.411667 116.268654
[0]: 155.651474 155.970764
[0]: 123.889053 124.307205
[0]: 140.079071 141.321823
[0]: 125.091484 127.129501
[0]: 103.375916 105.662453
[0]: 106.212593 105.882210
[0]: 110.020416 112.333275
[0]: 125.649155 126.447815
[0]: 147.149460 147.295670
[0]: 131.837448 128.576889
[0]: 113.255920 112.386185
[0]: 140.002319 138.924698
[0]: 186.466797 185.904358
[0]: 143.476440 143.981277
[0]: 145.162720 146.401062
[0]: 127.609444 127.767845
[0]: 139.069000 137.356873
