[4]: 153.836441 132.432159
[4]: 123.361763 126.836334
[4]: 127.011299 117.904129
[4]: 157.250137 173.930054
[4]: 128.576508 124.594322
[4]: 121.155403 126.765602
[4]: 130.699295 122.387993
[4]: 117.769775 126.389420
[4]: 118.512383 111.252876
[4]: 123.197533 123.659187
[4]: 137.096970 133.923080
[4]: 132.425735 128.397034
[4]: 127.236885 127.930695
[4]: 137.771942 122.162163
[4]: 127.269958 123.592026
[4]: 149.794540 132.753708
[4]: 125.819305 118.670052
[4]: 62.067863 67.263580
[4]: 128.646164 125.855522
[4]: 135.288742 131.628586
[4]: 127.992371 130.921097
[4]: 105.205688 113.843704
[4]: 122.190201 117.078583
[4]: 123.850433 123.219727
[4]: 129.849380 128.845459
[4]: 118.268616 137.093811
[4]: 147.632095 133.075012
[4]: 125.973961 118.086906
[4]: 122.717621 129.906662
[4]: 92.814217 74.227898
[4]: 137.205307 133.324158
[4]: 134.003067 140.945679
[4]: 121.955482 131.868683
[4]: 123.919640 128.115768
[3]: 124.114967 129.667557
[3]: 134.788025 129.926086
[3]: 122.088150 127.448074
[3]: 92.874687 60.540619
[3]: 137.897949 131.771637
[3]: 137.427078 126.479179
[3]: 145.218842 135.141663
[3]: 129.304916 130.633560
[3]: 124.326439 135.352875
[3]: 129.885040 125.978561
[3]: 91.651962 119.108917
[3]: 119.654526 127.657806
[3]: 128.388016 128.203644
[3]: 123.020523 132.660767
[3]: 128.686966 129.234131
[3]: 156.317581 131.750046
[3]: 134.272217 132.714172
[3]: 169.365509 155.685638
[3]: 107.423027 124.603302
[3]: 113.014648 122.442459
[3]: 130.357147 124.990410
[3]: 151.968140 136.959061
[3]: 129.525406 132.554504
[3]: 137.882721 128.384995
[3]: 151.123413 129.326920
[3]: 131.172073 120.673088
[3]: 123.692101 128.321609
[3]: 121.956383 128.891006
[3]: 114.230507 125.635117
[3]: 84.861778 64.354279
[3]: 132.587646 128.957504
[3]: 125.721901 117.774368
[3]: 110.786545 124.986511
[3]: 135.782654 121.671371
[2]: 110.558601 127.894775
[2]: 133.857742 136.264862
[2]: 128.123138 137.254089
[2]: 107.209358 113.327965
[2]: 136.057938 139.689117
[2]: 132.276535 126.364342
[2]: 118.529121 130.981094
[2]: 146.165817 128.233978
[2]: 141.040070 143.741364
[2]: 139.258759 136.178146
[2]: 107.311943 114.198883
[2]: 116.800049 130.096924
[2]: 124.680710 122.856323
[2]: 124.182487 141.394409
[2]: 125.013199 131.694214
[2]: 100.087410 125.654327
[2]: 124.310280 135.343277
[2]: 71.358490 68.268845
[2]: 129.599304 129.859833
[2]: 121.338814 117.726288
[2]: 134.474594 129.149658
[2]: 154.661743 144.983566
[2]: 135.938980 140.783249
[2]: 136.436264 136.607025
[2]: 114.992653 122.202629
[2]: 138.539642 115.770721
[2]: 112.647438 127.232552
[2]: 129.120209 141.488953
[2]: 124.466293 117.123810
[2]: 167.914322 187.028641
[2]: 114.832054 115.487915
[2]: 116.256378 115.701958
[2]: 141.009567 126.823853
[2]: 125.084641 119.795769
[1]: 140.386795 124.435265
[1]: 123.418472 126.022057
[1]: 131.338974 136.218262
[1]: 172.084381 195.582352
[1]: 122.549927 128.496063
[1]: 119.929466 127.885963
[1]: 119.769913 126.182396
[1]: 120.382637 126.707695
[1]: 149.255905 139.348587
[1]: 134.854782 128.695145
[1]: 138.030212 120.969055
[1]: 138.994949 129.116302
[1]: 126.096924 129.162750
[1]: 133.531677 133.181931
[1]: 148.403732 133.151993
[1]: 103.308685 118.258011
[1]: 141.287750 134.611816
[1]: 184.312027 191.817841
[1]: 140.898361 132.786499
[1]: 142.988998 122.490532
[1]: 129.176331 125.744560
[1]: 139.504730 135.743011
[1]: 137.488358 140.021667
[1]: 126.834663 134.113419
[1]: 119.119484 129.365189
[1]: 105.275208 119.186768
[1]: 116.685043 122.164551
[1]: 136.134796 136.165558
[1]: 135.901855 127.482735
[1]: 128.447067 131.550781
[1]: 122.377670 119.676590
[1]: 121.172012 117.413986
[1]: 148.090240 126.122925
[1]: 107.444618 130.843796
[0]: 108.539268 124.891190
[0]: 122.148735 117.632103
[0]: 128.274872 117.247887
[0]: 105.362152 91.521843
[0]: 115.543808 115.437042
[0]: 126.888794 129.795883
[0]: 122.763489 121.578682
[0]: 122.723976 123.861870
[0]: 102.437302 103.972305
[0]: 108.534569 121.032570
[0]: 163.311829 151.454742
[0]: 131.686111 124.158813
[0]: 133.036789 131.248230
[0]: 116.796318 105.238052
[0]: 105.958672 117.011108
[0]: 128.060135 130.063766
[0]: 113.095940 116.268654
[0]: 160.425262 155.970764
[0]: 130.662933 124.307205
[0]: 120.967911 141.321823
[0]: 115.525658 127.129501
[0]: 88.710938 105.662453
[0]: 113.040588 105.882210
[0]: 110.783943 112.333275
[0]: 121.721252 126.447815
[0]: 145.940933 147.295670
[0]: 137.341522 128.576889
[0]: 124.999832 112.386185
[0]: 141.463699 138.924698
[0]: 165.072189 185.904358
[0]: 132.946136 143.981277
[0]: 139.312744 146.401062
[0]: 115.302177 127.767845
[0]: 145.585297 137.356873
