[4]: 155.770432 132.432159
[4]: 125.503311 126.836334
[4]: 139.880737 117.904129
[4]: 159.065063 173.930054
[4]: 124.717934 124.594322
[4]: 120.679543 126.765602
[4]: 129.321381 122.387993
[4]: 125.902328 126.389420
[4]: 118.414200 111.252876
[4]: 117.992294 123.659187
[4]: 127.306664 133.923080
[4]: 127.057121 128.397034
[4]: 134.337723 127.930695
[4]: 138.878815 122.162163
[4]: 125.132133 123.592026
[4]: 151.671219 132.753708
[4]: 127.208755 118.670052
[4]: 72.696037 67.263580
[4]: 126.313210 125.855522
[4]: 141.706909 131.628586
[4]: 130.874649 130.921097
[4]: 99.749001 113.843704
[4]: 119.803421 117.078583
[4]: 126.743599 123.219727
[4]: 120.620567 128.845459
[4]: 128.816299 137.093811
[4]: 160.249069 133.075012
[4]: 121.960533 118.086906
[4]: 115.060593 129.906662
[4]: 101.653946 74.227898
[4]: 127.886368 133.324158
[4]: 131.524200 140.945679
[4]: 115.254936 131.868683
[4]: 113.086418 128.115768
[3]: 124.143539 129.667557
[3]: 139.685867 129.926086
[3]: 123.642120 127.448074
[3]: 103.921425 60.540619
[3]: 138.184769 131.771637
[3]: 135.402756 126.479179
[3]: 147.490234 135.141663
[3]: 134.972626 130.633560
[3]: 119.163872 135.352875
[3]: 141.472992 125.978561
[3]: 101.232239 119.108917
[3]: 115.635643 127.657806
[3]: 122.548073 128.203644
[3]: 119.504333 132.660767
[3]: 132.114700 129.234131
[3]: 159.650787 131.750046
[3]: 130.550995 132.714172
[3]: 153.508713 155.685638
[3]: 105.272255 124.603302
[3]: 112.655327 122.442459
[3]: 130.720047 124.990410
[3]: 148.432892 136.959061
[3]: 125.049171 132.554504
[3]: 133.606155 128.384995
[3]: 163.099228 129.326920
[3]: 131.351242 120.673088
[3]: 107.588737 128.321609
[3]: 121.929604 128.891006
[3]: 130.204529 125.635117
[3]: 89.974243 64.354279
[3]: 150.056778 128.957504
[3]: 130.313812 117.774368
[3]: 106.971405 124.986511
[3]: 139.653305 121.671371
[2]: 115.805321 127.894775
[2]: 122.501015 136.264862
[2]: 129.821259 137.254089
[2]: 105.699326 113.327965
[2]: 138.123718 139.689117
[2]: 131.731369 126.364342
[2]: 107.518814 130.981094
[2]: 144.478592 128.233978
[2]: 139.413467 143.741364
[2]: 131.436523 136.178146
[2]: 98.622543 114.198883
[2]: 120.455460 130.096924
[2]: 136.041916 122.856323
[2]: 130.892151 141.394409
[2]: 117.507080 131.694214
[2]: 92.029373 125.654327
[2]: 121.461525 135.343277
[2]: 95.189339 68.268845
[2]: 120.064079 129.859833
[2]: 117.380211 117.726288
[2]: 140.048386 129.149658
[2]: 153.620438 144.983566
[2]: 145.642120 140.783249
[2]: 138.503845 136.607025
[2]: 111.110123 122.202629
[2]: 145.004852 115.770721
[2]: 118.922646 127.232552
[2]: 120.817947 141.488953
[2]: 114.411766 117.123810
[2]: 159.797806 187.028641
[2]: 107.160126 115.487915
[2]: 105.716324 115.701958
[2]: 144.800705 126.823853
[2]: 138.757095 119.795769
[1]: 141.681122 124.435265
[1]: 116.932541 126.022057
[1]: 118.262611 136.218262
[1]: 160.190704 195.582352
[1]: 120.069290 128.496063
[1]: 129.235992 127.885963
[1]: 131.529831 126.182396
[1]: 119.633133 126.707695
[1]: 148.438690 139.348587
[1]: 142.543030 128.695145
[1]: 146.378235 120.969055
[1]: 139.897980 129.116302
[1]: 115.030037 129.162750
[1]: 126.124672 133.181931
[1]: 149.284790 133.151993
[1]: 102.663651 118.258011
[1]: 139.767029 134.611816
[1]: 160.924194 191.817841
[1]: 138.049179 132.786499
[1]: 150.554794 122.490532
[1]: 124.392769 125.744560
[1]: 142.057602 135.743011
[1]: 133.206589 140.021667
[1]: 125.482956 134.113419
[1]: 117.863647 129.365189
[1]: 91.464760 119.186768
[1]: 109.342628 122.164551
[1]: 143.401505 136.165558
[1]: 140.237427 127.482735
[1]: 127.354790 131.550781
[1]: 129.888123 119.676590
[1]: 129.200867 117.413986
[1]: 154.850067 126.122925
[1]: 106.837906 130.843796
[0]: 100.200996 124.891190
[0]: 133.092819 117.632103
[0]: 124.810364 117.247887
[0]: 106.356071 91.521843
[0]: 120.064056 115.437042
[0]: 120.309341 129.795883
[0]: 120.704384 121.578682
[0]: 111.183350 123.861870
[0]: 110.030228 103.972305
[0]: 102.446442 121.032570
[0]: 164.202881 151.454742
[0]: 136.551514 124.158813
[0]: 131.195358 131.248230
[0]: 120.308197 105.238052
[0]: 111.029823 117.011108
[0]: 131.548904 130.063766
[0]: 119.332870 116.268654
[0]: 159.050079 155.970764
[0]: 148.015762 124.307205
[0]: 110.832832 141.321823
[0]: 111.589424 127.129501
[0]: 95.967239 105.662453
[0]: 114.566223 105.882210
[0]: 111.384018 112.333275
[0]: 124.167984 126.447815
[0]: 142.524139 147.295670
[0]: 141.973694 128.576889
[0]: 130.108505 112.386185
[0]: 138.876373 138.924698
[0]: 160.255905 185.904358
[0]: 125.201569 143.981277
[0]: 139.718689 146.401062
[0]: 115.578720 127.767845
[0]: 139.959717 137.356873
