[4]: 132.674118 132.432159
[4]: 127.060699 126.836334
[4]: 117.664131 117.904129
[4]: 173.554153 173.930054
[4]: 124.870583 124.594322
[4]: 126.618660 126.765602
[4]: 122.161789 122.387993
[4]: 126.379753 126.389420
[4]: 111.306595 111.252876
[4]: 123.619057 123.659187
[4]: 133.775375 133.923080
[4]: 128.355637 128.397034
[4]: 128.277557 127.930695
[4]: 122.170990 122.162163
[4]: 123.825676 123.592026
[4]: 133.101410 132.753708
[4]: 118.837105 118.670052
[4]: 67.098549 67.263580
[4]: 125.541222 125.855522
[4]: 131.734116 131.628586
[4]: 130.524155 130.921097
[4]: 113.784576 113.843704
[4]: 117.087440 117.078583
[4]: 123.305878 123.219727
[4]: 128.770294 128.845459
[4]: 137.386414 137.093811
[4]: 133.350555 133.075012
[4]: 118.172501 118.086906
[4]: 130.326752 129.906662
[4]: 74.088470 74.227898
[4]: 133.463699 133.324158
[4]: 140.460999 140.945679
[4]: 131.939941 131.868683
[4]: 128.313339 128.115768
[3]: 129.620117 129.667557
[3]: 129.924530 129.926086
[3]: 127.466591 127.448074
[3]: 60.601093 60.540619
[3]: 131.881561 131.771637
[3]: 126.735359 126.479179
[3]: 135.195862 135.141663
[3]: 130.613174 130.633560
[3]: 135.338394 135.352875
[3]: 125.901443 125.978561
[3]: 118.856766 119.108917
[3]: 127.781990 127.657806
[3]: 128.068848 128.203644
[3]: 132.676178 132.660767
[3]: 129.034622 129.234131
[3]: 131.667450 131.750046
[3]: 132.674393 132.714172
[3]: 155.869629 155.685638
[3]: 124.558983 124.603302
[3]: 122.455673 122.442459
[3]: 125.127098 124.990410
[3]: 137.021057 136.959061
[3]: 132.625885 132.554504
[3]: 128.349319 128.384995
[3]: 129.320236 129.326920
[3]: 120.645149 120.673088
[3]: 128.155396 128.321609
[3]: 128.962418 128.891006
[3]: 125.533409 125.635117
[3]: 64.387917 64.354279
[3]: 129.005219 128.957504
[3]: 117.989082 117.774368
[3]: 125.064796 124.986511
[3]: 121.642807 121.671371
[2]: 127.598114 127.894775
[2]: 136.365417 136.264862
[2]: 137.408508 137.254089
[2]: 113.395020 113.327965
[2]: 139.555817 139.689117
[2]: 126.380341 126.364342
[2]: 130.934967 130.981094
[2]: 128.163437 128.233978
[2]: 143.599869 143.741364
[2]: 136.240845 136.178146
[2]: 114.474823 114.198883
[2]: 130.009094 130.096924
[2]: 122.638260 122.856323
[2]: 141.460373 141.394409
[2]: 131.736099 131.694214
[2]: 125.284653 125.654327
[2]: 134.944138 135.343277
[2]: 68.204773 68.268845
[2]: 129.986267 129.859833
[2]: 117.618385 117.726288
[2]: 129.496521 129.149658
[2]: 144.803604 144.983566
[2]: 140.746780 140.783249
[2]: 136.645126 136.607025
[2]: 122.246346 122.202629
[2]: 115.627403 115.770721
[2]: 127.046364 127.232552
[2]: 141.483673 141.488953
[2]: 117.015724 117.123810
[2]: 187.080917 187.028641
[2]: 115.376747 115.487915
[2]: 115.983482 115.701958
[2]: 126.711594 126.823853
[2]: 119.723961 119.795769
[1]: 124.400299 124.435265
[1]: 125.766449 126.022057
[1]: 136.271271 136.218262
[1]: 195.705704 195.582352
[1]: 128.271820 128.496063
[1]: 127.859779 127.885963
[1]: 126.402161 126.182396
[1]: 126.897652 126.707695
[1]: 139.287521 139.348587
[1]: 128.806885 128.695145
[1]: 121.144188 120.969055
[1]: 129.090378 129.116302
[1]: 128.908539 129.162750
[1]: 133.115723 133.181931
[1]: 133.152512 133.151993
[1]: 117.953178 118.258011
[1]: 134.604996 134.611816
[1]: 191.620941 191.817841
[1]: 132.953888 132.786499
[1]: 122.670555 122.490532
[1]: 125.853554 125.744560
[1]: 135.793900 135.743011
[1]: 139.929153 140.021667
[1]: 134.051483 134.113419
[1]: 129.293274 129.365189
[1]: 119.098068 119.186768
[1]: 122.071548 122.164551
[1]: 135.886612 136.165558
[1]: 127.195366 127.482735
[1]: 131.541840 131.550781
[1]: 119.604683 119.676590
[1]: 117.685951 117.413986
[1]: 125.999611 126.122925
[1]: 130.566498 130.843796
[0]: 125.046646 124.891190
[0]: 117.558159 117.632103
[0]: 117.223572 117.247887
[0]: 91.456215 91.521843
[0]: 115.391678 115.437042
[0]: 129.686035 129.795883
[0]: 121.564323 121.578682
[0]: 123.758026 123.861870
[0]: 104.082687 103.972305
[0]: 120.958656 121.032570
[0]: 151.450317 151.454742
[0]: 124.182831 124.158813
[0]: 131.535477 131.248230
[0]: 105.170677 105.238052
[0]: 116.903107 117.011108
[0]: 130.541122 130.063766
[0]: 116.531799 116.268654
[0]: 156.052475 155.970764
[0]: 124.357018 124.307205
[0]: 141.141495 141.321823
[0]: 126.922195 127.129501
[0]: 105.742271 105.662453
[0]: 105.872375 105.882210
[0]: 112.269882 112.333275
[0]: 126.561668 126.447815
[0]: 147.311737 147.295670
[0]: 128.782669 128.576889
[0]: 112.484383 112.386185
[0]: 139.029022 138.924698
[0]: 186.020035 185.904358
[0]: 144.018738 143.981277
[0]: 146.142166 146.401062
[0]: 127.867500 127.767845
[0]: 137.559784 137.356873
