[4]: 132.969620 132.432159
[4]: 126.468437 126.836334
[4]: 118.167694 117.904129
[4]: 174.732086 173.930054
[4]: 124.279594 124.594322
[4]: 126.637703 126.765602
[4]: 121.720802 122.387993
[4]: 125.979637 126.389420
[4]: 110.410515 111.252876
[4]: 124.801216 123.659187
[4]: 134.088776 133.923080
[4]: 129.232880 128.397034
[4]: 127.278252 127.930695
[4]: 122.943024 122.162163
[4]: 123.180870 123.592026
[4]: 131.550507 132.753708
[4]: 118.103851 118.670052
[4]: 67.248817 67.263580
[4]: 126.686630 125.855522
[4]: 132.421799 131.628586
[4]: 130.790482 130.921097
[4]: 114.035828 113.843704
[4]: 117.309265 117.078583
[4]: 124.113876 123.219727
[4]: 129.919037 128.845459
[4]: 135.208328 137.093811
[4]: 132.190811 133.075012
[4]: 118.190659 118.086906
[4]: 129.026199 129.906662
[4]: 75.176453 74.227898
[4]: 133.574738 133.324158
[4]: 141.742111 140.945679
[4]: 131.292374 131.868683
[4]: 126.431976 128.115768
[3]: 129.569962 129.667557
[3]: 129.698700 129.926086
[3]: 127.424889 127.448074
[3]: 61.179028 60.540619
[3]: 131.066055 131.771637
[3]: 126.647171 126.479179
[3]: 135.489700 135.141663
[3]: 130.143661 130.633560
[3]: 135.221970 135.352875
[3]: 124.823395 125.978561
[3]: 119.354073 119.108917
[3]: 127.189026 127.657806
[3]: 128.697220 128.203644
[3]: 132.448151 132.660767
[3]: 129.162949 129.234131
[3]: 132.674026 131.750046
[3]: 132.636795 132.714172
[3]: 156.687698 155.685638
[3]: 124.465103 124.603302
[3]: 122.355949 122.442459
[3]: 125.312851 124.990410
[3]: 136.538177 136.959061
[3]: 132.526001 132.554504
[3]: 128.455185 128.384995
[3]: 129.134064 129.326920
[3]: 121.730713 120.673088
[3]: 127.811287 128.321609
[3]: 129.180359 128.891006
[3]: 126.396080 125.635117
[3]: 63.754761 64.354279
[3]: 129.792007 128.957504
[3]: 117.565742 117.774368
[3]: 125.283569 124.986511
[3]: 122.370781 121.671371
[2]: 128.968750 127.894775
[2]: 135.087112 136.264862
[2]: 138.227859 137.254089
[2]: 110.437424 113.327965
[2]: 141.438538 139.689117
[2]: 126.861816 126.364342
[2]: 131.737045 130.981094
[2]: 129.582397 128.233978
[2]: 146.141937 143.741364
[2]: 135.932388 136.178146
[2]: 113.484818 114.198883
[2]: 128.925034 130.096924
[2]: 124.026932 122.856323
[2]: 140.184219 141.394409
[2]: 131.438782 131.694214
[2]: 126.990410 125.654327
[2]: 136.422241 135.343277
[2]: 68.754158 68.268845
[2]: 130.028687 129.859833
[2]: 117.371567 117.726288
[2]: 130.011185 129.149658
[2]: 144.818329 144.983566
[2]: 141.921753 140.783249
[2]: 134.451813 136.607025
[2]: 121.307304 122.202629
[2]: 117.417839 115.770721
[2]: 128.561066 127.232552
[2]: 142.558990 141.488953
[2]: 117.631950 117.123810
[2]: 185.582474 187.028641
[2]: 113.784210 115.487915
[2]: 114.796593 115.701958
[2]: 126.897781 126.823853
[2]: 122.046432 119.795769
[1]: 123.127960 124.435265
[1]: 126.980133 126.022057
[1]: 137.065567 136.218262
[1]: 195.698303 195.582352
[1]: 129.189499 128.496063
[1]: 127.813148 127.885963
[1]: 126.877319 126.182396
[1]: 126.847054 126.707695
[1]: 140.229996 139.348587
[1]: 127.942581 128.695145
[1]: 121.095131 120.969055
[1]: 129.255066 129.116302
[1]: 129.398621 129.162750
[1]: 133.452621 133.181931
[1]: 133.701721 133.151993
[1]: 118.223091 118.258011
[1]: 135.366104 134.611816
[1]: 191.237061 191.817841
[1]: 132.045395 132.786499
[1]: 121.855125 122.490532
[1]: 124.857605 125.744560
[1]: 135.612946 135.743011
[1]: 139.157288 140.021667
[1]: 133.959656 134.113419
[1]: 129.142929 129.365189
[1]: 120.682777 119.186768
[1]: 122.581749 122.164551
[1]: 136.168152 136.165558
[1]: 128.231400 127.482735
[1]: 133.159302 131.550781
[1]: 120.685493 119.676590
[1]: 117.365410 117.413986
[1]: 126.522850 126.122925
[1]: 131.151855 130.843796
[0]: 124.682129 124.891190
[0]: 118.455208 117.632103
[0]: 114.955254 117.247887
[0]: 91.970482 91.521843
[0]: 113.865417 115.437042
[0]: 129.308838 129.795883
[0]: 120.350487 121.578682
[0]: 123.233971 123.861870
[0]: 101.385597 103.972305
[0]: 122.145164 121.032570
[0]: 151.753204 151.454742
[0]: 124.842094 124.158813
[0]: 129.900269 131.248230
[0]: 105.509422 105.238052
[0]: 117.136215 117.011108
[0]: 128.996307 130.063766
[0]: 114.932281 116.268654
[0]: 155.116684 155.970764
[0]: 124.154289 124.307205
[0]: 141.707687 141.321823
[0]: 126.960243 127.129501
[0]: 106.172188 105.662453
[0]: 105.276054 105.882210
[0]: 113.678940 112.333275
[0]: 126.669044 126.447815
[0]: 144.843811 147.295670
[0]: 128.215820 128.576889
[0]: 110.733757 112.386185
[0]: 137.709488 138.924698
[0]: 185.975479 185.904358
[0]: 143.601410 143.981277
[0]: 146.859390 146.401062
[0]: 127.526291 127.767845
[0]: 135.679199 137.356873
