[4]: 132.432159 131.348373
[4]: 126.836334 127.263771
[4]: 117.904129 118.742836
[4]: 173.930054 175.272598
[4]: 124.594322 124.723656
[4]: 126.765602 126.742355
[4]: 122.387993 121.900269
[4]: 126.389420 126.034782
[4]: 111.252876 111.123528
[4]: 123.659187 123.280960
[4]: 133.923080 134.568451
[4]: 128.397034 129.174545
[4]: 127.930695 127.364929
[4]: 122.162163 122.626472
[4]: 123.592026 123.907196
[4]: 132.753708 132.571548
[4]: 118.670052 117.650429
[4]: 67.263580 67.206146
[4]: 125.855522 126.093758
[4]: 131.628586 131.230896
[4]: 130.921097 130.209885
[4]: 113.843704 114.271011
[4]: 117.078583 117.577049
[4]: 123.219727 123.625359
[4]: 128.845459 129.403061
[4]: 137.093811 136.746582
[4]: 133.075012 132.567810
[4]: 118.086906 117.123131
[4]: 129.906662 130.059448
[4]: 74.227898 75.341293
[4]: 133.324158 133.857529
[4]: 140.945679 141.525864
[4]: 131.868683 132.245621
[4]: 128.115768 128.859436
[3]: 129.667557 130.119965
[3]: 129.926086 129.614258
[3]: 127.448074 126.806702
[3]: 60.540619 60.885853
[3]: 131.771637 131.151779
[3]: 126.479179 126.497398
[3]: 135.141663 135.210754
[3]: 130.633560 130.607437
[3]: 135.352875 134.607040
[3]: 125.978561 125.620079
[3]: 119.108917 119.284630
[3]: 127.657806 127.262283
[3]: 128.203644 128.033829
[3]: 132.660767 132.259415
[3]: 129.234131 129.103668
[3]: 131.750046 132.009552
[3]: 132.714172 132.692566
[3]: 155.685638 155.154037
[3]: 124.603302 124.215874
[3]: 122.442459 122.826569
[3]: 124.990410 125.387215
[3]: 136.959061 136.086914
[3]: 132.554504 132.254745
[3]: 128.384995 128.821365
[3]: 129.326920 129.220764
[3]: 120.673088 121.096764
[3]: 128.321609 128.399323
[3]: 128.891006 129.353851
[3]: 125.635117 126.044388
[3]: 64.354279 63.529369
[3]: 128.957504 129.696747
[3]: 117.774368 117.967102
[3]: 124.986511 124.871964
[3]: 121.671371 121.651512
[2]: 127.894775 128.681137
[2]: 136.264862 135.809204
[2]: 137.254089 136.876892
[2]: 113.327965 112.374817
[2]: 139.689117 140.048706
[2]: 126.364342 126.612724
[2]: 130.981094 131.688171
[2]: 128.233978 129.541351
[2]: 143.741364 144.396698
[2]: 136.178146 136.533768
[2]: 114.198883 113.212120
[2]: 130.096924 129.858139
[2]: 122.856323 124.019402
[2]: 141.394409 140.479797
[2]: 131.694214 130.882172
[2]: 125.654327 126.179466
[2]: 135.343277 136.090927
[2]: 68.268845 68.768959
[2]: 129.859833 129.395264
[2]: 117.726288 117.571854
[2]: 129.149658 129.526749
[2]: 144.983566 145.171967
[2]: 140.783249 140.597321
[2]: 136.607025 135.910263
[2]: 122.202629 121.665176
[2]: 115.770721 115.817818
[2]: 127.232552 128.588135
[2]: 141.488953 142.912506
[2]: 117.123810 117.117752
[2]: 187.028641 186.358215
[2]: 115.487915 114.469345
[2]: 115.701958 114.652802
[2]: 126.823853 126.878494
[2]: 119.795769 119.616158
[1]: 124.435265 124.414139
[1]: 126.022057 125.809357
[1]: 136.218262 136.043594
[1]: 195.582352 195.467621
[1]: 128.496063 128.638947
[1]: 127.885963 128.254166
[1]: 126.182396 126.331230
[1]: 126.707695 126.695000
[1]: 139.348587 139.618942
[1]: 128.695145 128.430557
[1]: 120.969055 120.996109
[1]: 129.116302 129.365555
[1]: 129.162750 129.094345
[1]: 133.181931 133.197968
[1]: 133.151993 132.794571
[1]: 118.258011 118.068352
[1]: 134.611816 135.222092
[1]: 191.817841 191.887207
[1]: 132.786499 132.909073
[1]: 122.490532 123.053482
[1]: 125.744560 125.798073
[1]: 135.743011 135.702393
[1]: 140.021667 139.660828
[1]: 134.113419 133.876297
[1]: 129.365189 129.393585
[1]: 119.186768 119.566635
[1]: 122.164551 121.765144
[1]: 136.165558 136.242645
[1]: 127.482735 127.359955
[1]: 131.550781 131.788651
[1]: 119.676590 119.509338
[1]: 117.413986 117.596138
[1]: 126.122925 125.756111
[1]: 130.843796 130.037827
[0]: 124.891190 124.746078
[0]: 117.632103 118.214096
[0]: 117.247887 117.587219
[0]: 91.521843 91.203819
[0]: 115.437042 115.390251
[0]: 129.795883 129.134537
[0]: 121.578682 121.037941
[0]: 123.861870 122.857841
[0]: 103.972305 103.778709
[0]: 121.032570 121.729980
[0]: 151.454742 151.709259
[0]: 124.158813 123.736832
[0]: 131.248230 130.871109
[0]: 105.238052 106.056946
[0]: 117.011108 118.030746
[0]: 130.063766 129.634491
[0]: 116.268654 115.827950
[0]: 155.970764 155.531128
[0]: 124.307205 124.838570
[0]: 141.321823 140.940994
[0]: 127.129501 127.023468
[0]: 105.662453 105.863747
[0]: 105.882210 106.156036
[0]: 112.333275 112.370468
[0]: 126.447815 126.497391
[0]: 147.295670 146.847900
[0]: 128.576889 128.049835
[0]: 112.386185 111.225060
[0]: 138.924698 138.483170
[0]: 185.904358 186.339722
[0]: 143.981277 143.917191
[0]: 146.401062 146.635269
[0]: 127.767845 127.866318
[0]: 137.356873 137.698639
