[4]: 133.701065 132.432159
[4]: 126.319542 126.836334
[4]: 116.924538 117.904129
[4]: 172.709900 173.930054
[4]: 126.396751 124.594322
[4]: 126.232948 126.765602
[4]: 122.450348 122.387993
[4]: 127.664032 126.389420
[4]: 113.237999 111.252876
[4]: 123.279839 123.659187
[4]: 134.885147 133.923080
[4]: 128.824997 128.397034
[4]: 128.951447 127.930695
[4]: 122.570099 122.162163
[4]: 125.288681 123.592026
[4]: 134.334778 132.753708
[4]: 120.289627 118.670052
[4]: 67.292313 67.263580
[4]: 125.447662 125.855522
[4]: 130.482788 131.628586
[4]: 129.870224 130.921097
[4]: 113.510811 113.843704
[4]: 117.042152 117.078583
[4]: 121.899666 123.219727
[4]: 127.829567 128.845459
[4]: 136.742416 137.093811
[4]: 135.420425 133.075012
[4]: 118.128830 118.086906
[4]: 130.815125 129.906662
[4]: 73.092201 74.227898
[4]: 134.425568 133.324158
[4]: 139.117462 140.945679
[4]: 132.016495 131.868683
[4]: 129.880646 128.115768
[3]: 126.781784 129.667557
[3]: 129.071121 129.926086
[3]: 127.115036 127.448074
[3]: 60.857899 60.540619
[3]: 132.158875 131.771637
[3]: 127.508347 126.479179
[3]: 134.996719 135.141663
[3]: 129.821869 130.633560
[3]: 134.395798 135.352875
[3]: 126.079552 125.978561
[3]: 117.226562 119.108917
[3]: 126.221573 127.657806
[3]: 127.422554 128.203644
[3]: 132.250198 132.660767
[3]: 128.781235 129.234131
[3]: 130.433624 131.750046
[3]: 132.913040 132.714172
[3]: 158.741699 155.685638
[3]: 123.906258 124.603302
[3]: 124.156448 122.442459
[3]: 125.786224 124.990410
[3]: 137.875763 136.959061
[3]: 131.884735 132.554504
[3]: 130.758850 128.384995
[3]: 130.066833 129.326920
[3]: 121.043129 120.673088
[3]: 126.106224 128.321609
[3]: 129.663467 128.891006
[3]: 125.523163 125.635117
[3]: 65.265556 64.354279
[3]: 129.197937 128.957504
[3]: 121.394089 117.774368
[3]: 125.701530 124.986511
[3]: 121.445953 121.671371
[2]: 126.653267 127.894775
[2]: 137.059036 136.264862
[2]: 136.751953 137.254089
[2]: 111.603798 113.327965
[2]: 138.619827 139.689117
[2]: 126.438408 126.364342
[2]: 128.986755 130.981094
[2]: 128.179276 128.233978
[2]: 141.603638 143.741364
[2]: 137.849457 136.178146
[2]: 114.090157 114.198883
[2]: 128.494339 130.096924
[2]: 122.408249 122.856323
[2]: 140.439926 141.394409
[2]: 131.472794 131.694214
[2]: 125.250122 125.654327
[2]: 133.766235 135.343277
[2]: 67.142975 68.268845
[2]: 130.740540 129.859833
[2]: 117.454361 117.726288
[2]: 131.086639 129.149658
[2]: 145.175919 144.983566
[2]: 141.943115 140.783249
[2]: 138.259613 136.607025
[2]: 123.776207 122.202629
[2]: 115.649193 115.770721
[2]: 125.308517 127.232552
[2]: 140.582657 141.488953
[2]: 116.601486 117.123810
[2]: 185.756424 187.028641
[2]: 115.554733 115.487915
[2]: 116.640739 115.701958
[2]: 126.245010 126.823853
[2]: 118.921654 119.795769
[1]: 126.480583 124.435265
[1]: 126.867020 126.022057
[1]: 137.169022 136.218262
[1]: 196.386826 195.582352
[1]: 127.081482 128.496063
[1]: 127.707161 127.885963
[1]: 126.691086 126.182396
[1]: 126.267593 126.707695
[1]: 138.191940 139.348587
[1]: 128.585678 128.695145
[1]: 120.553596 120.969055
[1]: 130.361893 129.116302
[1]: 128.613480 129.162750
[1]: 133.470016 133.181931
[1]: 132.601288 133.151993
[1]: 118.573090 118.258011
[1]: 134.030838 134.611816
[1]: 190.567505 191.817841
[1]: 133.148743 132.786499
[1]: 123.367485 122.490532
[1]: 126.158073 125.744560
[1]: 136.792755 135.743011
[1]: 139.740799 140.021667
[1]: 133.481430 134.113419
[1]: 128.949738 129.365189
[1]: 119.598885 119.186768
[1]: 121.538681 122.164551
[1]: 135.147888 136.165558
[1]: 126.364769 127.482735
[1]: 132.942368 131.550781
[1]: 118.409897 119.676590
[1]: 115.926826 117.413986
[1]: 125.704910 126.122925
[1]: 129.197144 130.843796
[0]: 125.733238 124.891190
[0]: 117.273743 117.632103
[0]: 118.101448 117.247887
[0]: 92.656181 91.521843
[0]: 115.677986 115.437042
[0]: 129.379333 129.795883
[0]: 123.244530 121.578682
[0]: 123.893898 123.861870
[0]: 106.296677 103.972305
[0]: 119.611443 121.032570
[0]: 153.253067 151.454742
[0]: 125.589638 124.158813
[0]: 132.113083 131.248230
[0]: 105.778915 105.238052
[0]: 116.419930 117.011108
[0]: 129.912079 130.063766
[0]: 116.553268 116.268654
[0]: 155.454834 155.970764
[0]: 124.129547 124.307205
[0]: 140.111450 141.321823
[0]: 124.832184 127.129501
[0]: 103.497498 105.662453
[0]: 105.545593 105.882210
[0]: 109.936737 112.333275
[0]: 125.477852 126.447815
[0]: 147.091629 147.295670
[0]: 131.239960 128.576889
[0]: 113.483017 112.386185
[0]: 139.943542 138.924698
[0]: 186.685226 185.904358
[0]: 143.985352 143.981277
[0]: 145.159622 146.401062
[0]: 127.890625 127.767845
[0]: 138.514221 137.356873
