[4]: 133.548660 132.432159
[4]: 126.201942 126.836334
[4]: 117.009171 117.904129
[4]: 172.799011 173.930054
[4]: 126.474655 124.594322
[4]: 126.295326 126.765602
[4]: 122.151421 122.387993
[4]: 127.751877 126.389420
[4]: 113.293114 111.252876
[4]: 123.191193 123.659187
[4]: 134.721359 133.923080
[4]: 129.113144 128.397034
[4]: 129.028381 127.930695
[4]: 122.644028 122.162163
[4]: 125.178459 123.592026
[4]: 134.322525 132.753708
[4]: 120.271919 118.670052
[4]: 67.200920 67.263580
[4]: 125.470627 125.855522
[4]: 130.716690 131.628586
[4]: 129.949310 130.921097
[4]: 113.556892 113.843704
[4]: 117.263855 117.078583
[4]: 121.918556 123.219727
[4]: 127.817429 128.845459
[4]: 136.596420 137.093811
[4]: 135.435364 133.075012
[4]: 117.973907 118.086906
[4]: 130.764053 129.906662
[4]: 73.109985 74.227898
[4]: 134.505173 133.324158
[4]: 139.333832 140.945679
[4]: 132.081436 131.868683
[4]: 129.992569 128.115768
[3]: 126.900002 129.667557
[3]: 129.148514 129.926086
[3]: 127.245010 127.448074
[3]: 60.876053 60.540619
[3]: 132.117157 131.771637
[3]: 127.528625 126.479179
[3]: 135.114197 135.141663
[3]: 129.801163 130.633560
[3]: 134.391113 135.352875
[3]: 126.179253 125.978561
[3]: 117.285728 119.108917
[3]: 126.163414 127.657806
[3]: 127.298828 128.203644
[3]: 132.239853 132.660767
[3]: 128.765366 129.234131
[3]: 130.488144 131.750046
[3]: 132.871765 132.714172
[3]: 158.664658 155.685638
[3]: 123.943604 124.603302
[3]: 124.150154 122.442459
[3]: 125.803825 124.990410
[3]: 137.844849 136.959061
[3]: 131.713104 132.554504
[3]: 130.791580 128.384995
[3]: 130.061615 129.326920
[3]: 121.095863 120.673088
[3]: 126.131355 128.321609
[3]: 129.731506 128.891006
[3]: 125.483070 125.635117
[3]: 65.188766 64.354279
[3]: 129.137833 128.957504
[3]: 121.343132 117.774368
[3]: 125.681046 124.986511
[3]: 121.434792 121.671371
[2]: 126.726707 127.894775
[2]: 137.105026 136.264862
[2]: 136.540924 137.254089
[2]: 111.672478 113.327965
[2]: 138.544586 139.689117
[2]: 126.490044 126.364342
[2]: 129.127808 130.981094
[2]: 128.113388 128.233978
[2]: 141.470703 143.741364
[2]: 137.794479 136.178146
[2]: 114.093330 114.198883
[2]: 128.359528 130.096924
[2]: 122.508041 122.856323
[2]: 140.320755 141.394409
[2]: 131.527557 131.694214
[2]: 125.312553 125.654327
[2]: 133.813339 135.343277
[2]: 67.334686 68.268845
[2]: 130.812546 129.859833
[2]: 117.205528 117.726288
[2]: 130.967987 129.149658
[2]: 145.358810 144.983566
[2]: 141.790817 140.783249
[2]: 138.198196 136.607025
[2]: 123.684425 122.202629
[2]: 115.763657 115.770721
[2]: 125.416710 127.232552
[2]: 140.639832 141.488953
[2]: 116.592369 117.123810
[2]: 185.817719 187.028641
[2]: 115.420128 115.487915
[2]: 116.430725 115.701958
[2]: 126.386284 126.823853
[2]: 118.716118 119.795769
[1]: 126.465881 124.435265
[1]: 126.792587 126.022057
[1]: 137.163589 136.218262
[1]: 196.353043 195.582352
[1]: 127.094345 128.496063
[1]: 127.599236 127.885963
[1]: 126.707878 126.182396
[1]: 126.250931 126.707695
[1]: 138.255127 139.348587
[1]: 128.599701 128.695145
[1]: 120.603432 120.969055
[1]: 130.373947 129.116302
[1]: 128.545776 129.162750
[1]: 133.462769 133.181931
[1]: 132.666687 133.151993
[1]: 118.478943 118.258011
[1]: 133.950027 134.611816
[1]: 190.619049 191.817841
[1]: 133.127441 132.786499
[1]: 123.433167 122.490532
[1]: 126.023544 125.744560
[1]: 136.654877 135.743011
[1]: 139.777817 140.021667
[1]: 133.494644 134.113419
[1]: 128.969925 129.365189
[1]: 119.537376 119.186768
[1]: 121.466431 122.164551
[1]: 135.097610 136.165558
[1]: 126.426018 127.482735
[1]: 132.828262 131.550781
[1]: 118.476067 119.676590
[1]: 115.913506 117.413986
[1]: 125.676483 126.122925
[1]: 129.236160 130.843796
[0]: 125.718620 124.891190
[0]: 117.331612 117.632103
[0]: 118.070732 117.247887
[0]: 92.655983 91.521843
[0]: 115.686996 115.437042
[0]: 129.351944 129.795883
[0]: 123.259758 121.578682
[0]: 123.911003 123.861870
[0]: 106.276474 103.972305
[0]: 119.616524 121.032570
[0]: 153.332123 151.454742
[0]: 125.474800 124.158813
[0]: 132.144745 131.248230
[0]: 105.824333 105.238052
[0]: 116.421211 117.011108
[0]: 129.913925 130.063766
[0]: 116.639786 116.268654
[0]: 155.416733 155.970764
[0]: 124.002327 124.307205
[0]: 140.077972 141.321823
[0]: 125.001122 127.129501
[0]: 103.391487 105.662453
[0]: 105.585075 105.882210
[0]: 109.910660 112.333275
[0]: 125.584129 126.447815
[0]: 147.164383 147.295670
[0]: 131.172913 128.576889
[0]: 113.536919 112.386185
[0]: 140.007675 138.924698
[0]: 186.558548 185.904358
[0]: 144.062973 143.981277
[0]: 145.250977 146.401062
[0]: 127.730507 127.767845
[0]: 138.600845 137.356873
