[4]: 134.706573 132.432159
[4]: 125.998413 126.836334
[4]: 117.324486 117.904129
[4]: 173.911194 173.930054
[4]: 127.274422 124.594322
[4]: 126.802818 126.765602
[4]: 121.230133 122.387993
[4]: 129.478012 126.389420
[4]: 112.792915 111.252876
[4]: 123.087303 123.659187
[4]: 134.740479 133.923080
[4]: 128.832687 128.397034
[4]: 128.648254 127.930695
[4]: 121.718369 122.162163
[4]: 124.802979 123.592026
[4]: 134.499649 132.753708
[4]: 119.319023 118.670052
[4]: 67.813042 67.263580
[4]: 126.217461 125.855522
[4]: 131.688904 131.628586
[4]: 130.195984 130.921097
[4]: 113.635429 113.843704
[4]: 118.558823 117.078583
[4]: 121.670288 123.219727
[4]: 127.634796 128.845459
[4]: 137.119781 137.093811
[4]: 134.801468 133.075012
[4]: 117.640976 118.086906
[4]: 131.134201 129.906662
[4]: 73.476349 74.227898
[4]: 134.635818 133.324158
[4]: 138.240204 140.945679
[4]: 131.088089 131.868683
[4]: 129.071304 128.115768
[3]: 126.937531 129.667557
[3]: 129.940735 129.926086
[3]: 126.900970 127.448074
[3]: 60.826130 60.540619
[3]: 130.853683 131.771637
[3]: 127.185143 126.479179
[3]: 135.784561 135.141663
[3]: 128.864563 130.633560
[3]: 134.759125 135.352875
[3]: 126.131050 125.978561
[3]: 117.113121 119.108917
[3]: 126.419678 127.657806
[3]: 127.524193 128.203644
[3]: 132.049561 132.660767
[3]: 128.915604 129.234131
[3]: 131.453186 131.750046
[3]: 132.218719 132.714172
[3]: 157.543060 155.685638
[3]: 123.354706 124.603302
[3]: 123.215904 122.442459
[3]: 126.112335 124.990410
[3]: 137.624161 136.959061
[3]: 130.734070 132.554504
[3]: 130.460388 128.384995
[3]: 129.809692 129.326920
[3]: 120.465164 120.673088
[3]: 126.593552 128.321609
[3]: 128.757248 128.891006
[3]: 126.114449 125.635117
[3]: 64.373573 64.354279
[3]: 129.289886 128.957504
[3]: 121.069748 117.774368
[3]: 126.096130 124.986511
[3]: 121.814156 121.671371
[2]: 125.891090 127.894775
[2]: 136.721481 136.264862
[2]: 137.023666 137.254089
[2]: 111.584846 113.327965
[2]: 138.726181 139.689117
[2]: 126.424713 126.364342
[2]: 130.340744 130.981094
[2]: 125.996178 128.233978
[2]: 141.777649 143.741364
[2]: 137.069870 136.178146
[2]: 114.129066 114.198883
[2]: 128.561661 130.096924
[2]: 122.012589 122.856323
[2]: 141.315720 141.394409
[2]: 131.602859 131.694214
[2]: 124.872452 125.654327
[2]: 135.135117 135.343277
[2]: 67.365677 68.268845
[2]: 130.080231 129.859833
[2]: 116.669136 117.726288
[2]: 129.843216 129.149658
[2]: 144.966293 144.983566
[2]: 140.701477 140.783249
[2]: 138.072571 136.607025
[2]: 123.205223 122.202629
[2]: 115.802658 115.770721
[2]: 126.250397 127.232552
[2]: 141.493942 141.488953
[2]: 115.577354 117.123810
[2]: 185.481354 187.028641
[2]: 114.440331 115.487915
[2]: 117.893562 115.701958
[2]: 126.699249 126.823853
[2]: 119.846794 119.795769
[1]: 125.521744 124.435265
[1]: 127.038292 126.022057
[1]: 137.237808 136.218262
[1]: 195.686935 195.582352
[1]: 127.029358 128.496063
[1]: 127.652069 127.885963
[1]: 127.619133 126.182396
[1]: 126.895386 126.707695
[1]: 138.784180 139.348587
[1]: 129.196030 128.695145
[1]: 120.519341 120.969055
[1]: 130.172256 129.116302
[1]: 129.098938 129.162750
[1]: 133.500549 133.181931
[1]: 132.861374 133.151993
[1]: 117.201851 118.258011
[1]: 134.519653 134.611816
[1]: 190.940979 191.817841
[1]: 133.218079 132.786499
[1]: 123.222664 122.490532
[1]: 126.177620 125.744560
[1]: 136.554825 135.743011
[1]: 139.125351 140.021667
[1]: 134.091248 134.113419
[1]: 129.967072 129.365189
[1]: 119.061745 119.186768
[1]: 121.515999 122.164551
[1]: 135.837845 136.165558
[1]: 126.530136 127.482735
[1]: 132.984543 131.550781
[1]: 119.017319 119.676590
[1]: 116.334732 117.413986
[1]: 125.828987 126.122925
[1]: 129.162399 130.843796
[0]: 126.386040 124.891190
[0]: 116.894730 117.632103
[0]: 117.535759 117.247887
[0]: 92.315201 91.521843
[0]: 116.171989 115.437042
[0]: 129.177307 129.795883
[0]: 121.258415 121.578682
[0]: 124.666641 123.861870
[0]: 105.622528 103.972305
[0]: 119.939354 121.032570
[0]: 153.376617 151.454742
[0]: 125.511093 124.158813
[0]: 132.203766 131.248230
[0]: 106.059441 105.238052
[0]: 116.430405 117.011108
[0]: 130.564972 130.063766
[0]: 116.403687 116.268654
[0]: 155.355804 155.970764
[0]: 124.526596 124.307205
[0]: 140.775497 141.321823
[0]: 125.451904 127.129501
[0]: 104.235802 105.662453
[0]: 107.269035 105.882210
[0]: 110.123856 112.333275
[0]: 125.491646 126.447815
[0]: 147.649597 147.295670
[0]: 130.394180 128.576889
[0]: 113.300301 112.386185
[0]: 139.814133 138.924698
[0]: 186.568649 185.904358
[0]: 144.136185 143.981277
[0]: 144.594177 146.401062
[0]: 127.847282 127.767845
[0]: 137.958466 137.356873
