[4]: 89.619614 132.432159
[4]: 129.415085 126.836334
[4]: 126.387360 117.904129
[4]: 174.736832 173.930054
[4]: 130.746338 124.594322
[4]: 129.490631 126.765602
[4]: 127.506531 122.387993
[4]: 128.533829 126.389420
[4]: 129.358765 111.252876
[4]: 130.274857 123.659187
[4]: 126.830162 133.923080
[4]: 129.696106 128.397034
[4]: 126.677170 127.930695
[4]: 131.320724 122.162163
[4]: 126.124039 123.592026
[4]: 131.850708 132.753708
[4]: 127.147484 118.670052
[4]: 60.580635 67.263580
[4]: 126.042679 125.855522
[4]: 127.097549 131.628586
[4]: 129.841125 130.921097
[4]: 129.899261 113.843704
[4]: 129.429749 117.078583
[4]: 131.306656 123.219727
[4]: 126.404266 128.845459
[4]: 126.035782 137.093811
[4]: 126.840614 133.075012
[4]: 129.131439 118.086906
[4]: 123.612206 129.906662
[4]: 125.004135 74.227898
[4]: 126.565613 133.324158
[4]: 170.635361 140.945679
[4]: 128.351135 131.868683
[4]: 122.544640 128.115768
[3]: 170.529892 129.667557
[3]: 128.155838 129.926086
[3]: 126.983711 127.448074
[3]: 87.388535 60.540619
[3]: 129.141785 131.771637
[3]: 128.749161 126.479179
[3]: 129.506348 135.141663
[3]: 127.512375 130.633560
[3]: 126.904282 135.352875
[3]: 126.457558 125.978561
[3]: 124.472412 119.108917
[3]: 128.623657 127.657806
[3]: 127.980911 128.203644
[3]: 128.422119 132.660767
[3]: 127.184830 129.234131
[3]: 130.706467 131.750046
[3]: 128.316925 132.714172
[3]: 126.317497 155.685638
[3]: 127.212029 124.603302
[3]: 126.501900 122.442459
[3]: 127.225945 124.990410
[3]: 127.771332 136.959061
[3]: 126.804047 132.554504
[3]: 127.395279 128.384995
[3]: 128.955078 129.326920
[3]: 124.244316 120.673088
[3]: 127.925667 128.321609
[3]: 127.590012 128.891006
[3]: 127.771111 125.635117
[3]: 58.990314 64.354279
[3]: 130.017288 128.957504
[3]: 82.888710 117.774368
[3]: 127.249405 124.986511
[3]: 125.807129 121.671371
[2]: 168.920853 127.894775
[2]: 131.186539 136.264862
[2]: 131.191360 137.254089
[2]: 93.764481 113.327965
[2]: 131.790787 139.689117
[2]: 127.124916 126.364342
[2]: 131.543915 130.981094
[2]: 134.201981 128.233978
[2]: 137.651627 143.741364
[2]: 131.869537 136.178146
[2]: 116.611404 114.198883
[2]: 132.801315 130.096924
[2]: 133.859558 122.856323
[2]: 138.540543 141.394409
[2]: 132.012222 131.694214
[2]: 128.381027 125.654327
[2]: 136.057266 135.343277
[2]: 125.036194 68.268845
[2]: 128.263672 129.859833
[2]: 120.593788 117.726288
[2]: 128.129105 129.149658
[2]: 134.771149 144.983566
[2]: 135.203506 140.783249
[2]: 141.386017 136.607025
[2]: 126.898888 122.202629
[2]: 121.490829 115.770721
[2]: 122.081886 127.232552
[2]: 131.104080 141.488953
[2]: 120.651222 117.123810
[2]: 187.709137 187.028641
[2]: 121.090897 115.487915
[2]: 75.031288 115.701958
[2]: 135.275253 126.823853
[2]: 117.605774 119.795769
[1]: 83.742714 124.435265
[1]: 129.299850 126.022057
[1]: 133.351273 136.218262
[1]: 178.177246 195.582352
[1]: 129.370789 128.496063
[1]: 125.916290 127.885963
[1]: 130.610214 126.182396
[1]: 129.077484 126.707695
[1]: 133.610886 139.348587
[1]: 128.649857 128.695145
[1]: 118.928375 120.969055
[1]: 128.242569 129.116302
[1]: 132.312836 129.162750
[1]: 132.062241 133.181931
[1]: 131.376801 133.151993
[1]: 123.984909 118.258011
[1]: 135.480103 134.611816
[1]: 190.788361 191.817841
[1]: 129.327026 132.786499
[1]: 121.469742 122.490532
[1]: 124.170944 125.744560
[1]: 131.660141 135.743011
[1]: 131.784164 140.021667
[1]: 134.568695 134.113419
[1]: 130.498505 129.365189
[1]: 122.749702 119.186768
[1]: 124.328529 122.164551
[1]: 129.961258 136.165558
[1]: 126.702400 127.482735
[1]: 117.738960 131.550781
[1]: 125.847000 119.676590
[1]: 161.311111 117.413986
[1]: 131.041061 126.122925
[1]: 125.152252 130.843796
[0]: 129.185211 124.891190
[0]: 115.641090 117.632103
[0]: 115.454224 117.247887
[0]: 89.214325 91.521843
[0]: 116.066093 115.437042
[0]: 124.858849 129.795883
[0]: 113.246544 121.578682
[0]: 112.434296 123.861870
[0]: 99.963135 103.972305
[0]: 115.007858 121.032570
[0]: 161.162628 151.454742
[0]: 117.073837 124.158813
[0]: 114.535927 131.248230
[0]: 96.721245 105.238052
[0]: 115.427429 117.011108
[0]: 120.890182 130.063766
[0]: 104.747040 116.268654
[0]: 143.413040 155.970764
[0]: 126.660797 124.307205
[0]: 143.857300 141.321823
[0]: 128.924164 127.129501
[0]: 109.331566 105.662453
[0]: 109.556961 105.882210
[0]: 89.988930 112.333275
[0]: 121.739624 126.447815
[0]: 151.286835 147.295670
[0]: 142.378387 128.576889
[0]: 117.261482 112.386185
[0]: 144.698883 138.924698
[0]: 168.506805 185.904358
[0]: 140.065643 143.981277
[0]: 151.635895 146.401062
[0]: 110.648842 127.767845
[0]: 154.157089 137.356873
