[4]: 132.626190 132.432159
[4]: 126.719849 126.836334
[4]: 117.959816 117.904129
[4]: 174.030609 173.930054
[4]: 124.727043 124.594322
[4]: 126.752274 126.765602
[4]: 121.920982 122.387993
[4]: 126.394524 126.389420
[4]: 111.413193 111.252876
[4]: 123.187218 123.659187
[4]: 133.955231 133.923080
[4]: 128.844269 128.397034
[4]: 128.256104 127.930695
[4]: 122.402122 122.162163
[4]: 124.094437 123.592026
[4]: 133.448944 132.753708
[4]: 118.634422 118.670052
[4]: 67.368660 67.263580
[4]: 125.221542 125.855522
[4]: 131.710831 131.628586
[4]: 130.777588 130.921097
[4]: 113.987427 113.843704
[4]: 117.074348 117.078583
[4]: 123.535156 123.219727
[4]: 128.560150 128.845459
[4]: 137.349045 137.093811
[4]: 133.818405 133.075012
[4]: 118.256027 118.086906
[4]: 130.359253 129.906662
[4]: 74.449181 74.227898
[4]: 133.360596 133.324158
[4]: 140.455429 140.945679
[4]: 132.019852 131.868683
[4]: 128.545837 128.115768
[3]: 129.827332 129.667557
[3]: 129.855743 129.926086
[3]: 127.362801 127.448074
[3]: 60.745808 60.540619
[3]: 131.959274 131.771637
[3]: 127.051651 126.479179
[3]: 135.587738 135.141663
[3]: 130.551147 130.633560
[3]: 135.115936 135.352875
[3]: 125.883362 125.978561
[3]: 118.825623 119.108917
[3]: 127.393539 127.657806
[3]: 128.080750 128.203644
[3]: 132.318100 132.660767
[3]: 128.785675 129.234131
[3]: 131.359055 131.750046
[3]: 132.761261 132.714172
[3]: 155.781311 155.685638
[3]: 124.526413 124.603302
[3]: 122.875092 122.442459
[3]: 124.941254 124.990410
[3]: 136.916672 136.959061
[3]: 132.504883 132.554504
[3]: 128.372314 128.384995
[3]: 129.289688 129.326920
[3]: 120.488495 120.673088
[3]: 127.920967 128.321609
[3]: 129.017868 128.891006
[3]: 125.883827 125.635117
[3]: 63.991806 64.354279
[3]: 129.042206 128.957504
[3]: 118.361938 117.774368
[3]: 124.957558 124.986511
[3]: 122.017632 121.671371
[2]: 127.333412 127.894775
[2]: 136.804214 136.264862
[2]: 137.330612 137.254089
[2]: 112.520088 113.327965
[2]: 139.573685 139.689117
[2]: 126.109436 126.364342
[2]: 130.931870 130.981094
[2]: 128.290680 128.233978
[2]: 143.517380 143.741364
[2]: 136.652451 136.178146
[2]: 114.458824 114.198883
[2]: 129.677368 130.096924
[2]: 122.450119 122.856323
[2]: 141.112549 141.394409
[2]: 131.832413 131.694214
[2]: 125.028679 125.654327
[2]: 134.856140 135.343277
[2]: 68.261925 68.268845
[2]: 130.475113 129.859833
[2]: 117.252258 117.726288
[2]: 130.451157 129.149658
[2]: 144.617615 144.983566
[2]: 141.304810 140.783249
[2]: 136.965179 136.607025
[2]: 122.492615 122.202629
[2]: 115.194344 115.770721
[2]: 126.793274 127.232552
[2]: 140.960617 141.488953
[2]: 117.041374 117.123810
[2]: 186.876022 187.028641
[2]: 115.449638 115.487915
[2]: 116.200974 115.701958
[2]: 126.623695 126.823853
[2]: 119.510986 119.795769
[1]: 124.668304 124.435265
[1]: 125.893410 126.022057
[1]: 136.278793 136.218262
[1]: 195.801926 195.582352
[1]: 128.326950 128.496063
[1]: 127.603867 127.885963
[1]: 126.435097 126.182396
[1]: 127.051422 126.707695
[1]: 139.257126 139.348587
[1]: 129.015656 128.695145
[1]: 121.175240 120.969055
[1]: 129.082977 129.116302
[1]: 128.862015 129.162750
[1]: 133.475998 133.181931
[1]: 133.272797 133.151993
[1]: 118.083298 118.258011
[1]: 134.623032 134.611816
[1]: 191.537323 191.817841
[1]: 133.187317 132.786499
[1]: 122.684196 122.490532
[1]: 125.524696 125.744560
[1]: 135.990799 135.743011
[1]: 139.670013 140.021667
[1]: 133.972412 134.113419
[1]: 129.382339 129.365189
[1]: 119.153885 119.186768
[1]: 121.478416 122.164551
[1]: 135.867310 136.165558
[1]: 126.868004 127.482735
[1]: 131.874390 131.550781
[1]: 119.637993 119.676590
[1]: 117.693001 117.413986
[1]: 126.252220 126.122925
[1]: 129.941010 130.843796
[0]: 124.838799 124.891190
[0]: 117.404984 117.632103
[0]: 117.158035 117.247887
[0]: 91.548134 91.521843
[0]: 115.412170 115.437042
[0]: 129.767181 129.795883
[0]: 121.389061 121.578682
[0]: 123.511597 123.861870
[0]: 104.442627 103.972305
[0]: 120.801575 121.032570
[0]: 151.210922 151.454742
[0]: 124.447937 124.158813
[0]: 131.792511 131.248230
[0]: 105.345596 105.238052
[0]: 116.683327 117.011108
[0]: 130.595444 130.063766
[0]: 116.789421 116.268654
[0]: 156.174896 155.970764
[0]: 123.978096 124.307205
[0]: 141.041245 141.321823
[0]: 126.177292 127.129501
[0]: 105.716011 105.662453
[0]: 105.791733 105.882210
[0]: 111.783607 112.333275
[0]: 126.456406 126.447815
[0]: 147.851807 147.295670
[0]: 129.424484 128.576889
[0]: 112.984344 112.386185
[0]: 138.915207 138.924698
[0]: 186.107559 185.904358
[0]: 143.921371 143.981277
[0]: 145.409348 146.401062
[0]: 127.694534 127.767845
[0]: 137.799942 137.356873
