[4]: 136.902390 132.432159
[4]: 126.796806 126.836334
[4]: 119.667564 117.904129
[4]: 165.665573 173.930054
[4]: 129.434494 124.594322
[4]: 124.124252 126.765602
[4]: 123.619102 122.387993
[4]: 127.727539 126.389420
[4]: 117.704346 111.252876
[4]: 123.468666 123.659187
[4]: 136.170090 133.923080
[4]: 128.924591 128.397034
[4]: 127.835739 127.930695
[4]: 125.518814 122.162163
[4]: 123.552299 123.592026
[4]: 133.637543 132.753708
[4]: 117.501228 118.670052
[4]: 66.959686 67.263580
[4]: 127.311859 125.855522
[4]: 131.438644 131.628586
[4]: 126.210335 130.921097
[4]: 112.232834 113.843704
[4]: 118.041855 117.078583
[4]: 121.135925 123.219727
[4]: 126.189445 128.845459
[4]: 134.178925 137.093811
[4]: 137.064819 133.075012
[4]: 124.843185 118.086906
[4]: 132.077942 129.906662
[4]: 67.741516 74.227898
[4]: 133.177002 133.324158
[4]: 134.196518 140.945679
[4]: 128.828827 131.868683
[4]: 131.136688 128.115768
[3]: 123.197853 129.667557
[3]: 128.986084 129.926086
[3]: 125.313179 127.448074
[3]: 63.315979 60.540619
[3]: 131.785355 131.771637
[3]: 128.763519 126.479179
[3]: 136.155548 135.141663
[3]: 129.789581 130.633560
[3]: 134.087494 135.352875
[3]: 127.149231 125.978561
[3]: 113.732727 119.108917
[3]: 125.370445 127.657806
[3]: 128.795670 128.203644
[3]: 130.843964 132.660767
[3]: 130.208176 129.234131
[3]: 132.728653 131.750046
[3]: 136.379166 132.714172
[3]: 168.242157 155.685638
[3]: 122.540627 124.603302
[3]: 123.061180 122.442459
[3]: 128.368042 124.990410
[3]: 141.893707 136.959061
[3]: 131.402756 132.554504
[3]: 133.598129 128.384995
[3]: 132.929550 129.326920
[3]: 122.709129 120.673088
[3]: 123.880119 128.321609
[3]: 125.092369 128.891006
[3]: 122.244240 125.635117
[3]: 69.822853 64.354279
[3]: 129.155151 128.957504
[3]: 126.291267 117.774368
[3]: 125.852287 124.986511
[3]: 120.613403 121.671371
[2]: 124.286720 127.894775
[2]: 134.139374 136.264862
[2]: 133.914078 137.254089
[2]: 109.448395 113.327965
[2]: 135.185074 139.689117
[2]: 129.543320 126.364342
[2]: 128.349945 130.981094
[2]: 128.080048 128.233978
[2]: 138.196411 143.741364
[2]: 139.464508 136.178146
[2]: 113.038582 114.198883
[2]: 125.737617 130.096924
[2]: 125.649345 122.856323
[2]: 137.129349 141.394409
[2]: 132.866348 131.694214
[2]: 124.731750 125.654327
[2]: 135.703812 135.343277
[2]: 65.596138 68.268845
[2]: 129.330856 129.859833
[2]: 119.867050 117.726288
[2]: 132.893646 129.149658
[2]: 148.012283 144.983566
[2]: 140.597229 140.783249
[2]: 138.259796 136.607025
[2]: 127.091240 122.202629
[2]: 118.972771 115.770721
[2]: 121.606071 127.232552
[2]: 133.006500 141.488953
[2]: 115.594727 117.123810
[2]: 185.446976 187.028641
[2]: 116.427574 115.487915
[2]: 120.684715 115.701958
[2]: 130.034515 126.823853
[2]: 117.665154 119.795769
[1]: 128.852325 124.435265
[1]: 127.030922 126.022057
[1]: 138.361969 136.218262
[1]: 196.938538 195.582352
[1]: 124.670677 128.496063
[1]: 126.866615 127.885963
[1]: 127.297386 126.182396
[1]: 125.711441 126.707695
[1]: 136.483398 139.348587
[1]: 129.300110 128.695145
[1]: 121.445526 120.969055
[1]: 131.396088 129.116302
[1]: 126.746117 129.162750
[1]: 133.971893 133.181931
[1]: 135.563843 133.151993
[1]: 116.217415 118.258011
[1]: 134.636307 134.611816
[1]: 188.289490 191.817841
[1]: 133.866531 132.786499
[1]: 121.397812 122.490532
[1]: 127.933388 125.744560
[1]: 137.300659 135.743011
[1]: 138.862167 140.021667
[1]: 132.798981 134.113419
[1]: 126.954704 129.365189
[1]: 118.977821 119.186768
[1]: 119.695976 122.164551
[1]: 133.762207 136.165558
[1]: 124.192505 127.482735
[1]: 136.351578 131.550781
[1]: 119.102379 119.676590
[1]: 114.150642 117.413986
[1]: 130.497849 126.122925
[1]: 127.256851 130.843796
[0]: 125.762772 124.891190
[0]: 119.593681 117.632103
[0]: 118.788849 117.247887
[0]: 96.654343 91.521843
[0]: 118.881561 115.437042
[0]: 127.972343 129.795883
[0]: 120.919136 121.578682
[0]: 124.563828 123.861870
[0]: 107.274887 103.972305
[0]: 115.334679 121.032570
[0]: 156.005966 151.454742
[0]: 128.223877 124.158813
[0]: 130.499115 131.248230
[0]: 106.740913 105.238052
[0]: 111.788239 117.011108
[0]: 131.328354 130.063766
[0]: 113.157768 116.268654
[0]: 154.646088 155.970764
[0]: 124.137314 124.307205
[0]: 139.968216 141.321823
[0]: 121.902458 127.129501
[0]: 96.748199 105.662453
[0]: 107.231873 105.882210
[0]: 108.202896 112.333275
[0]: 122.846535 126.447815
[0]: 145.266983 147.295670
[0]: 137.824936 128.576889
[0]: 120.738365 112.386185
[0]: 145.972000 138.924698
[0]: 184.148895 185.904358
[0]: 144.042847 143.981277
[0]: 142.829849 146.401062
[0]: 121.562332 127.767845
[0]: 141.740036 137.356873
