[4]: 133.322586 132.432159
[4]: 128.823257 126.836334
[4]: 123.257034 117.904129
[4]: 139.017365 173.930054
[4]: 127.551544 124.594322
[4]: 127.245743 126.765602
[4]: 127.659920 122.387993
[4]: 128.871201 126.389420
[4]: 124.689407 111.252876
[4]: 126.404289 123.659187
[4]: 122.300888 133.923080
[4]: 127.825745 128.397034
[4]: 126.974274 127.930695
[4]: 127.435562 122.162163
[4]: 130.698990 123.592026
[4]: 129.658768 132.753708
[4]: 122.582947 118.670052
[4]: 68.049400 67.263580
[4]: 126.601326 125.855522
[4]: 128.544144 131.628586
[4]: 126.712708 130.921097
[4]: 128.139023 113.843704
[4]: 125.807304 117.078583
[4]: 126.328079 123.219727
[4]: 128.944916 128.845459
[4]: 128.328461 137.093811
[4]: 131.261887 133.075012
[4]: 124.692474 118.086906
[4]: 127.207954 129.906662
[4]: 58.527477 74.227898
[4]: 128.294571 133.324158
[4]: 129.023163 140.945679
[4]: 128.242554 131.868683
[4]: 127.248230 128.115768
[3]: 130.104660 129.667557
[3]: 126.580971 129.926086
[3]: 127.719650 127.448074
[3]: 58.695415 60.540619
[3]: 131.367111 131.771637
[3]: 129.510773 126.479179
[3]: 127.275620 135.141663
[3]: 129.389420 130.633560
[3]: 128.558334 135.352875
[3]: 124.135284 125.978561
[3]: 126.969887 119.108917
[3]: 127.308609 127.657806
[3]: 126.966240 128.203644
[3]: 126.146477 132.660767
[3]: 126.210220 129.234131
[3]: 128.267883 131.750046
[3]: 128.420242 132.714172
[3]: 188.869827 155.685638
[3]: 125.827118 124.603302
[3]: 130.288147 122.442459
[3]: 127.259315 124.990410
[3]: 129.754166 136.959061
[3]: 126.722397 132.554504
[3]: 129.240906 128.384995
[3]: 129.544144 129.326920
[3]: 129.861328 120.673088
[3]: 125.400871 128.321609
[3]: 126.711655 128.891006
[3]: 129.003067 125.635117
[3]: 116.284378 64.354279
[3]: 130.099670 128.957504
[3]: 124.202927 117.774368
[3]: 127.572151 124.986511
[3]: 126.575348 121.671371
[2]: 123.197464 127.894775
[2]: 128.244049 136.264862
[2]: 127.293175 137.254089
[2]: 114.917870 113.327965
[2]: 128.009842 139.689117
[2]: 127.256744 126.364342
[2]: 126.851479 130.981094
[2]: 126.208824 128.233978
[2]: 126.748528 143.741364
[2]: 133.141281 136.178146
[2]: 132.338242 114.198883
[2]: 128.539062 130.096924
[2]: 129.657440 122.856323
[2]: 127.647728 141.394409
[2]: 123.143700 131.694214
[2]: 128.052307 125.654327
[2]: 130.089691 135.343277
[2]: 69.300537 68.268845
[2]: 127.191559 129.859833
[2]: 124.454330 117.726288
[2]: 131.492676 129.149658
[2]: 125.184769 144.983566
[2]: 128.552338 140.783249
[2]: 126.046844 136.607025
[2]: 122.643730 122.202629
[2]: 126.451347 115.770721
[2]: 126.382607 127.232552
[2]: 127.818344 141.488953
[2]: 126.590416 117.123810
[2]: 196.336090 187.028641
[2]: 128.164520 115.487915
[2]: 129.930817 115.701958
[2]: 126.363503 126.823853
[2]: 124.899017 119.795769
[1]: 124.969421 124.435265
[1]: 126.212868 126.022057
[1]: 131.308548 136.218262
[1]: 198.468674 195.582352
[1]: 125.768028 128.496063
[1]: 125.659393 127.885963
[1]: 127.644104 126.182396
[1]: 124.388420 126.707695
[1]: 128.503342 139.348587
[1]: 125.000519 128.695145
[1]: 128.577179 120.969055
[1]: 128.086609 129.116302
[1]: 127.760704 129.162750
[1]: 127.846344 133.181931
[1]: 128.408310 133.151993
[1]: 124.554123 118.258011
[1]: 129.801056 134.611816
[1]: 186.195175 191.817841
[1]: 130.561569 132.786499
[1]: 124.269806 122.490532
[1]: 124.777550 125.744560
[1]: 128.130859 135.743011
[1]: 129.426956 140.021667
[1]: 127.044113 134.113419
[1]: 127.986916 129.365189
[1]: 126.071388 119.186768
[1]: 128.351303 122.164551
[1]: 131.395737 136.165558
[1]: 127.836754 127.482735
[1]: 138.591110 131.550781
[1]: 125.585091 119.676590
[1]: 126.079552 117.413986
[1]: 127.823280 126.122925
[1]: 131.000259 130.843796
[0]: 0.021802 124.891190
[0]: 0.020336 117.632103
[0]: 0.020431 117.247887
[0]: 0.016018 91.521843
[0]: 0.019951 115.437042
[0]: 0.022413 129.795883
[0]: 0.021290 121.578682
[0]: 0.021388 123.861870
[0]: 0.018330 103.972305
[0]: 0.020716 121.032570
[0]: 0.026425 151.454742
[0]: 0.021650 124.158813
[0]: 0.022845 131.248230
[0]: 0.018322 105.238052
[0]: 0.020227 117.011108
[0]: 0.022551 130.063766
[0]: 0.020240 116.268654
[0]: 0.026972 155.970764
[0]: 0.021540 124.307205
[0]: 0.024408 141.321823
[0]: 0.021765 127.129501
[0]: 0.018166 105.662453
[0]: 0.018347 105.882210
[0]: 0.019131 112.333275
[0]: 0.021767 126.447815
[0]: 0.025591 147.295670
[0]: 0.022603 128.576889
[0]: 0.019738 112.386185
[0]: 0.024240 138.924698
[0]: 0.032387 185.904358
[0]: 0.025028 143.981277
[0]: 0.025169 146.401062
[0]: 0.022177 127.767845
[0]: 0.023902 137.356873
