[4]: 133.422363 132.432159
[4]: 128.998474 126.836334
[4]: 123.322517 117.904129
[4]: 138.431747 173.930054
[4]: 127.704651 124.594322
[4]: 127.018806 126.765602
[4]: 127.654213 122.387993
[4]: 129.024490 126.389420
[4]: 124.929924 111.252876
[4]: 126.387680 123.659187
[4]: 122.118217 133.923080
[4]: 127.903465 128.397034
[4]: 126.946503 127.930695
[4]: 127.370529 122.162163
[4]: 130.870621 123.592026
[4]: 129.700699 132.753708
[4]: 122.516289 118.670052
[4]: 68.027420 67.263580
[4]: 126.606453 125.855522
[4]: 128.763245 131.628586
[4]: 126.802528 130.921097
[4]: 128.317093 113.843704
[4]: 125.924377 117.078583
[4]: 126.433525 123.219727
[4]: 128.947327 128.845459
[4]: 128.407639 137.093811
[4]: 131.301544 133.075012
[4]: 124.757637 118.086906
[4]: 127.284065 129.906662
[4]: 58.575848 74.227898
[4]: 128.312820 133.324158
[4]: 128.967422 140.945679
[4]: 128.559143 131.868683
[4]: 127.178154 128.115768
[3]: 129.709167 129.667557
[3]: 126.378578 129.926086
[3]: 128.045242 127.448074
[3]: 58.883400 60.540619
[3]: 131.268433 131.771637
[3]: 129.299118 126.479179
[3]: 126.978363 135.141663
[3]: 129.449173 130.633560
[3]: 128.487457 135.352875
[3]: 124.122154 125.978561
[3]: 126.950096 119.108917
[3]: 127.147041 127.657806
[3]: 126.951370 128.203644
[3]: 125.696091 132.660767
[3]: 125.881355 129.234131
[3]: 128.496964 131.750046
[3]: 128.248840 132.714172
[3]: 189.043915 155.685638
[3]: 126.051315 124.603302
[3]: 130.476425 122.442459
[3]: 127.075241 124.990410
[3]: 129.664948 136.959061
[3]: 126.462440 132.554504
[3]: 129.265747 128.384995
[3]: 129.488358 129.326920
[3]: 130.029297 120.673088
[3]: 125.050995 128.321609
[3]: 126.695259 128.891006
[3]: 129.173019 125.635117
[3]: 116.770821 64.354279
[3]: 130.492310 128.957504
[3]: 124.684280 117.774368
[3]: 127.868340 124.986511
[3]: 126.408516 121.671371
[2]: 122.980087 127.894775
[2]: 128.212616 136.264862
[2]: 127.200394 137.254089
[2]: 115.198547 113.327965
[2]: 127.802658 139.689117
[2]: 127.323433 126.364342
[2]: 126.891281 130.981094
[2]: 126.148865 128.233978
[2]: 126.859467 143.741364
[2]: 133.101028 136.178146
[2]: 132.388443 114.198883
[2]: 128.189774 130.096924
[2]: 129.759521 122.856323
[2]: 127.519310 141.394409
[2]: 122.937973 131.694214
[2]: 128.264008 125.654327
[2]: 130.235825 135.343277
[2]: 69.225777 68.268845
[2]: 127.260452 129.859833
[2]: 124.336411 117.726288
[2]: 131.452759 129.149658
[2]: 124.870857 144.983566
[2]: 128.581711 140.783249
[2]: 125.894844 136.607025
[2]: 122.724922 122.202629
[2]: 126.295502 115.770721
[2]: 126.509636 127.232552
[2]: 127.749603 141.488953
[2]: 126.565681 117.123810
[2]: 196.391571 187.028641
[2]: 128.173737 115.487915
[2]: 130.184555 115.701958
[2]: 126.144981 126.823853
[2]: 124.863411 119.795769
[1]: 125.468987 124.435265
[1]: 126.273705 126.022057
[1]: 131.011337 136.218262
[1]: 198.707428 195.582352
[1]: 125.916908 128.496063
[1]: 126.032150 127.885963
[1]: 127.910042 126.182396
[1]: 124.223541 126.707695
[1]: 128.217575 139.348587
[1]: 125.090866 128.695145
[1]: 128.750015 120.969055
[1]: 128.530304 129.116302
[1]: 127.706718 129.162750
[1]: 128.503723 133.181931
[1]: 128.766739 133.151993
[1]: 124.059303 118.258011
[1]: 129.904663 134.611816
[1]: 185.961823 191.817841
[1]: 130.263336 132.786499
[1]: 123.961113 122.490532
[1]: 124.923004 125.744560
[1]: 128.350449 135.743011
[1]: 129.548645 140.021667
[1]: 127.060989 134.113419
[1]: 127.942123 129.365189
[1]: 125.970772 119.186768
[1]: 128.534637 122.164551
[1]: 131.423294 136.165558
[1]: 127.607620 127.482735
[1]: 138.249664 131.550781
[1]: 125.153412 119.676590
[1]: 125.398209 117.413986
[1]: 127.419922 126.122925
[1]: 131.274872 130.843796
[0]: 0.043314 124.891190
[0]: 0.040432 117.632103
[0]: 0.040422 117.247887
[0]: 0.031947 91.521843
[0]: 0.040358 115.437042
[0]: 0.044679 129.795883
[0]: 0.042674 121.578682
[0]: 0.042949 123.861870
[0]: 0.036757 103.972305
[0]: 0.041142 121.032570
[0]: 0.052995 151.454742
[0]: 0.043246 124.158813
[0]: 0.045444 131.248230
[0]: 0.036492 105.238052
[0]: 0.040095 117.011108
[0]: 0.044635 130.063766
[0]: 0.040194 116.268654
[0]: 0.053525 155.970764
[0]: 0.042643 124.307205
[0]: 0.048069 141.321823
[0]: 0.042748 127.129501
[0]: 0.035187 105.662453
[0]: 0.036433 105.882210
[0]: 0.037878 112.333275
[0]: 0.043130 126.447815
[0]: 0.050800 147.295670
[0]: 0.045395 128.576889
[0]: 0.039390 112.386185
[0]: 0.048512 138.924698
[0]: 0.064259 185.904358
[0]: 0.049312 143.981277
[0]: 0.050093 146.401062
[0]: 0.043888 127.767845
[0]: 0.048175 137.356873
