[4]: 133.626724 132.432159
[4]: 126.069824 126.836334
[4]: 117.003952 117.904129
[4]: 172.685333 173.930054
[4]: 126.471367 124.594322
[4]: 126.416557 126.765602
[4]: 122.396812 122.387993
[4]: 127.674591 126.389420
[4]: 113.220680 111.252876
[4]: 123.341759 123.659187
[4]: 134.846146 133.923080
[4]: 129.247925 128.397034
[4]: 128.994003 127.930695
[4]: 122.383301 122.162163
[4]: 125.081825 123.592026
[4]: 134.272964 132.753708
[4]: 120.294922 118.670052
[4]: 67.260330 67.263580
[4]: 125.495773 125.855522
[4]: 130.803650 131.628586
[4]: 129.936737 130.921097
[4]: 113.427452 113.843704
[4]: 117.152992 117.078583
[4]: 122.024803 123.219727
[4]: 128.047150 128.845459
[4]: 136.296265 137.093811
[4]: 135.394363 133.075012
[4]: 117.824898 118.086906
[4]: 130.425476 129.906662
[4]: 73.056786 74.227898
[4]: 134.654602 133.324158
[4]: 139.287338 140.945679
[4]: 132.129379 131.868683
[4]: 129.853729 128.115768
[3]: 126.872803 129.667557
[3]: 129.207306 129.926086
[3]: 127.142029 127.448074
[3]: 60.778324 60.540619
[3]: 131.946594 131.771637
[3]: 127.550873 126.479179
[3]: 134.932999 135.141663
[3]: 129.976578 130.633560
[3]: 134.560089 135.352875
[3]: 126.132431 125.978561
[3]: 117.306320 119.108917
[3]: 125.968063 127.657806
[3]: 127.495430 128.203644
[3]: 132.375183 132.660767
[3]: 128.811829 129.234131
[3]: 130.433746 131.750046
[3]: 132.848526 132.714172
[3]: 158.686264 155.685638
[3]: 123.826813 124.603302
[3]: 124.081596 122.442459
[3]: 125.839462 124.990410
[3]: 138.010544 136.959061
[3]: 131.794250 132.554504
[3]: 130.737717 128.384995
[3]: 129.917389 129.326920
[3]: 121.267273 120.673088
[3]: 126.103302 128.321609
[3]: 129.803940 128.891006
[3]: 125.698601 125.635117
[3]: 65.261108 64.354279
[3]: 128.986572 128.957504
[3]: 121.330132 117.774368
[3]: 125.561722 124.986511
[3]: 121.573128 121.671371
[2]: 126.672745 127.894775
[2]: 137.143204 136.264862
[2]: 136.513931 137.254089
[2]: 111.630791 113.327965
[2]: 138.540207 139.689117
[2]: 126.349945 126.364342
[2]: 129.045456 130.981094
[2]: 128.106598 128.233978
[2]: 141.452316 143.741364
[2]: 137.721146 136.178146
[2]: 114.067345 114.198883
[2]: 128.363800 130.096924
[2]: 122.419044 122.856323
[2]: 140.380585 141.394409
[2]: 131.515045 131.694214
[2]: 125.406227 125.654327
[2]: 133.824631 135.343277
[2]: 67.317787 68.268845
[2]: 130.844772 129.859833
[2]: 117.250122 117.726288
[2]: 130.968231 129.149658
[2]: 145.394211 144.983566
[2]: 141.754425 140.783249
[2]: 138.173386 136.607025
[2]: 123.615028 122.202629
[2]: 115.975563 115.770721
[2]: 125.374382 127.232552
[2]: 140.770737 141.488953
[2]: 116.610016 117.123810
[2]: 185.823593 187.028641
[2]: 115.466805 115.487915
[2]: 116.508438 115.701958
[2]: 126.347321 126.823853
[2]: 118.713020 119.795769
[1]: 126.428673 124.435265
[1]: 126.919350 126.022057
[1]: 137.289047 136.218262
[1]: 196.388504 195.582352
[1]: 127.235664 128.496063
[1]: 127.495186 127.885963
[1]: 126.698753 126.182396
[1]: 126.175522 126.707695
[1]: 138.219666 139.348587
[1]: 128.455246 128.695145
[1]: 120.569000 120.969055
[1]: 130.322144 129.116302
[1]: 128.434189 129.162750
[1]: 133.550430 133.181931
[1]: 132.739944 133.151993
[1]: 118.481667 118.258011
[1]: 133.943039 134.611816
[1]: 190.567596 191.817841
[1]: 133.215927 132.786499
[1]: 123.342194 122.490532
[1]: 125.992851 125.744560
[1]: 136.706604 135.743011
[1]: 139.799850 140.021667
[1]: 133.380814 134.113419
[1]: 128.928909 129.365189
[1]: 119.566589 119.186768
[1]: 121.515152 122.164551
[1]: 135.191757 136.165558
[1]: 126.525177 127.482735
[1]: 132.771103 131.550781
[1]: 118.560059 119.676590
[1]: 115.951126 117.413986
[1]: 125.821365 126.122925
[1]: 129.208160 130.843796
[0]: 125.754570 124.891190
[0]: 117.223015 117.632103
[0]: 118.082069 117.247887
[0]: 92.736984 91.521843
[0]: 115.722412 115.437042
[0]: 129.465179 129.795883
[0]: 123.303276 121.578682
[0]: 123.892845 123.861870
[0]: 106.233620 103.972305
[0]: 119.738792 121.032570
[0]: 153.240768 151.454742
[0]: 125.590775 124.158813
[0]: 132.187668 131.248230
[0]: 105.790085 105.238052
[0]: 116.402931 117.011108
[0]: 129.922501 130.063766
[0]: 116.640778 116.268654
[0]: 155.537842 155.970764
[0]: 123.964996 124.307205
[0]: 140.115601 141.321823
[0]: 125.001984 127.129501
[0]: 103.260262 105.662453
[0]: 105.628273 105.882210
[0]: 110.002411 112.333275
[0]: 125.615692 126.447815
[0]: 147.039993 147.295670
[0]: 131.233276 128.576889
[0]: 113.373100 112.386185
[0]: 140.015427 138.924698
[0]: 186.604218 185.904358
[0]: 143.932236 143.981277
[0]: 145.185516 146.401062
[0]: 127.684654 127.767845
[0]: 138.633713 137.356873
