[4]: 136.133026 132.432159
[4]: 126.194229 126.836334
[4]: 118.512337 117.904129
[4]: 168.319107 173.930054
[4]: 128.584778 124.594322
[4]: 125.539406 126.765602
[4]: 123.039871 122.387993
[4]: 128.654755 126.389420
[4]: 117.404594 111.252876
[4]: 122.057632 123.659187
[4]: 136.321671 133.923080
[4]: 127.931816 128.397034
[4]: 128.095718 127.930695
[4]: 124.237823 122.162163
[4]: 123.091919 123.592026
[4]: 133.946243 132.753708
[4]: 118.522186 118.670052
[4]: 67.525833 67.263580
[4]: 127.206100 125.855522
[4]: 131.090439 131.628586
[4]: 127.380936 130.921097
[4]: 111.812363 113.843704
[4]: 117.262489 117.078583
[4]: 120.898544 123.219727
[4]: 126.423515 128.845459
[4]: 135.598740 137.093811
[4]: 135.850525 133.075012
[4]: 123.257217 118.086906
[4]: 131.827026 129.906662
[4]: 68.970528 74.227898
[4]: 132.962692 133.324158
[4]: 135.098038 140.945679
[4]: 129.669800 131.868683
[4]: 131.901566 128.115768
[3]: 123.749313 129.667557
[3]: 129.299530 129.926086
[3]: 126.550621 127.448074
[3]: 62.692970 60.540619
[3]: 132.300720 131.771637
[3]: 127.732819 126.479179
[3]: 135.637573 135.141663
[3]: 129.751999 130.633560
[3]: 134.003952 135.352875
[3]: 128.425003 125.978561
[3]: 115.018150 119.108917
[3]: 125.813934 127.657806
[3]: 128.456482 128.203644
[3]: 131.325577 132.660767
[3]: 128.885025 129.234131
[3]: 132.600800 131.750046
[3]: 135.253616 132.714172
[3]: 165.539185 155.685638
[3]: 122.854416 124.603302
[3]: 123.571060 122.442459
[3]: 127.695259 124.990410
[3]: 141.055237 136.959061
[3]: 131.924255 132.554504
[3]: 133.222992 128.384995
[3]: 131.459641 129.326920
[3]: 122.243668 120.673088
[3]: 123.808571 128.321609
[3]: 126.424759 128.891006
[3]: 122.850151 125.635117
[3]: 68.543915 64.354279
[3]: 129.556778 128.957504
[3]: 124.919670 117.774368
[3]: 125.849998 124.986511
[3]: 120.779610 121.671371
[2]: 125.025063 127.894775
[2]: 134.564667 136.264862
[2]: 134.496857 137.254089
[2]: 110.610229 113.327965
[2]: 134.722977 139.689117
[2]: 128.139771 126.364342
[2]: 128.208511 130.981094
[2]: 127.415459 128.233978
[2]: 138.421906 143.741364
[2]: 139.675751 136.178146
[2]: 113.469048 114.198883
[2]: 127.197906 130.096924
[2]: 124.748589 122.856323
[2]: 138.743713 141.394409
[2]: 133.481461 131.694214
[2]: 125.281822 125.654327
[2]: 135.266495 135.343277
[2]: 65.764610 68.268845
[2]: 128.999924 129.859833
[2]: 119.516182 117.726288
[2]: 133.043839 129.149658
[2]: 147.647781 144.983566
[2]: 141.472107 140.783249
[2]: 139.211655 136.607025
[2]: 126.162712 122.202629
[2]: 117.467712 115.770721
[2]: 123.304443 127.232552
[2]: 134.611649 141.488953
[2]: 115.791878 117.123810
[2]: 185.241989 187.028641
[2]: 116.292740 115.487915
[2]: 119.904068 115.701958
[2]: 129.236572 126.823853
[2]: 116.988609 119.795769
[1]: 128.059311 124.435265
[1]: 127.044815 126.022057
[1]: 138.563675 136.218262
[1]: 196.652451 195.582352
[1]: 124.882233 128.496063
[1]: 126.584335 127.885963
[1]: 127.555649 126.182396
[1]: 125.826187 126.707695
[1]: 136.025330 139.348587
[1]: 128.759705 128.695145
[1]: 121.189949 120.969055
[1]: 130.315903 129.116302
[1]: 127.211769 129.162750
[1]: 133.826416 133.181931
[1]: 135.003815 133.151993
[1]: 116.001717 118.258011
[1]: 133.892914 134.611816
[1]: 189.261658 191.817841
[1]: 133.627975 132.786499
[1]: 121.511299 122.490532
[1]: 127.312469 125.744560
[1]: 136.876144 135.743011
[1]: 138.703430 140.021667
[1]: 133.487534 134.113419
[1]: 127.970924 129.365189
[1]: 118.520889 119.186768
[1]: 121.116287 122.164551
[1]: 133.481369 136.165558
[1]: 124.234840 127.482735
[1]: 136.061340 131.550781
[1]: 119.276382 119.676590
[1]: 114.406784 117.413986
[1]: 129.091110 126.122925
[1]: 127.935226 130.843796
[0]: 126.240570 124.891190
[0]: 119.427528 117.632103
[0]: 117.777969 117.247887
[0]: 94.485016 91.521843
[0]: 119.538017 115.437042
[0]: 129.359146 129.795883
[0]: 121.843277 121.578682
[0]: 124.140900 123.861870
[0]: 107.767250 103.972305
[0]: 115.880547 121.032570
[0]: 154.493622 151.454742
[0]: 128.471573 124.158813
[0]: 131.046326 131.248230
[0]: 105.946907 105.238052
[0]: 113.630219 117.011108
[0]: 130.758026 130.063766
[0]: 114.340775 116.268654
[0]: 154.053619 155.970764
[0]: 124.608772 124.307205
[0]: 140.163757 141.321823
[0]: 121.846794 127.129501
[0]: 98.692184 105.662453
[0]: 106.578888 105.882210
[0]: 106.899620 112.333275
[0]: 124.009842 126.447815
[0]: 146.523956 147.295670
[0]: 135.944443 128.576889
[0]: 119.580910 112.386185
[0]: 145.418472 138.924698
[0]: 185.216492 185.904358
[0]: 143.820953 143.981277
[0]: 144.031372 146.401062
[0]: 123.128677 127.767845
[0]: 140.796600 137.356873
