[4]: 133.344971 132.432159
[4]: 125.788322 126.836334
[4]: 116.921776 117.904129
[4]: 172.686066 173.930054
[4]: 126.830002 124.594322
[4]: 127.053017 126.765602
[4]: 122.400505 122.387993
[4]: 128.141327 126.389420
[4]: 114.652908 111.252876
[4]: 123.499130 123.659187
[4]: 135.512131 133.923080
[4]: 128.515839 128.397034
[4]: 128.877502 127.930695
[4]: 122.109108 122.162163
[4]: 124.451157 123.592026
[4]: 134.737274 132.753708
[4]: 120.894676 118.670052
[4]: 67.802979 67.263580
[4]: 125.495270 125.855522
[4]: 130.166931 131.628586
[4]: 129.666779 130.921097
[4]: 113.412796 113.843704
[4]: 116.892235 117.078583
[4]: 122.130852 123.219727
[4]: 128.188980 128.845459
[4]: 136.781082 137.093811
[4]: 135.515366 133.075012
[4]: 118.657715 118.086906
[4]: 130.388367 129.906662
[4]: 72.216713 74.227898
[4]: 134.076569 133.324158
[4]: 139.065704 140.945679
[4]: 131.850800 131.868683
[4]: 131.009537 128.115768
[3]: 126.658501 129.667557
[3]: 129.225677 129.926086
[3]: 127.501839 127.448074
[3]: 60.902733 60.540619
[3]: 131.950150 131.771637
[3]: 127.303543 126.479179
[3]: 135.228424 135.141663
[3]: 129.495972 130.633560
[3]: 134.287262 135.352875
[3]: 126.057442 125.978561
[3]: 116.731277 119.108917
[3]: 126.197044 127.657806
[3]: 127.386803 128.203644
[3]: 132.662415 132.660767
[3]: 129.050705 129.234131
[3]: 130.543854 131.750046
[3]: 133.080521 132.714172
[3]: 159.111740 155.685638
[3]: 123.397919 124.603302
[3]: 124.020813 122.442459
[3]: 126.224434 124.990410
[3]: 138.343216 136.959061
[3]: 131.654739 132.554504
[3]: 130.852020 128.384995
[3]: 130.307999 129.326920
[3]: 121.223488 120.673088
[3]: 125.878944 128.321609
[3]: 129.572037 128.891006
[3]: 126.032791 125.635117
[3]: 65.531654 64.354279
[3]: 129.056427 128.957504
[3]: 121.173019 117.774368
[3]: 125.577354 124.986511
[3]: 120.866653 121.671371
[2]: 127.160294 127.894775
[2]: 136.841782 136.264862
[2]: 136.388275 137.254089
[2]: 111.732361 113.327965
[2]: 137.884216 139.689117
[2]: 126.111168 126.364342
[2]: 128.599136 130.981094
[2]: 128.363510 128.233978
[2]: 140.808563 143.741364
[2]: 137.961136 136.178146
[2]: 114.209824 114.198883
[2]: 128.600098 130.096924
[2]: 122.727905 122.856323
[2]: 140.495148 141.394409
[2]: 131.755615 131.694214
[2]: 125.426102 125.654327
[2]: 133.077164 135.343277
[2]: 66.672958 68.268845
[2]: 131.268188 129.859833
[2]: 118.389709 117.726288
[2]: 131.438843 129.149658
[2]: 145.445450 144.983566
[2]: 142.030426 140.783249
[2]: 137.961304 136.607025
[2]: 123.577324 122.202629
[2]: 115.733315 115.770721
[2]: 125.433113 127.232552
[2]: 139.919891 141.488953
[2]: 116.299332 117.123810
[2]: 185.700027 187.028641
[2]: 116.113953 115.487915
[2]: 116.437805 115.701958
[2]: 126.763657 126.823853
[2]: 117.943619 119.795769
[1]: 126.594208 124.435265
[1]: 127.314575 126.022057
[1]: 137.470688 136.218262
[1]: 196.084473 195.582352
[1]: 127.053177 128.496063
[1]: 127.244469 127.885963
[1]: 126.393448 126.182396
[1]: 125.816940 126.707695
[1]: 137.559280 139.348587
[1]: 128.212631 128.695145
[1]: 120.240822 120.969055
[1]: 130.670593 129.116302
[1]: 128.329163 129.162750
[1]: 133.525818 133.181931
[1]: 133.030121 133.151993
[1]: 118.347725 118.258011
[1]: 133.677826 134.611816
[1]: 190.654068 191.817841
[1]: 133.586838 132.786499
[1]: 123.225914 122.490532
[1]: 125.918793 125.744560
[1]: 136.908859 135.743011
[1]: 139.836502 140.021667
[1]: 133.339569 134.113419
[1]: 128.711670 129.365189
[1]: 119.091766 119.186768
[1]: 121.288719 122.164551
[1]: 135.175446 136.165558
[1]: 126.302773 127.482735
[1]: 133.759964 131.550781
[1]: 118.873146 119.676590
[1]: 115.982529 117.413986
[1]: 125.773621 126.122925
[1]: 128.962585 130.843796
[0]: 125.567139 124.891190
[0]: 117.399895 117.632103
[0]: 117.722641 117.247887
[0]: 92.430099 91.521843
[0]: 116.244911 115.437042
[0]: 129.583023 129.795883
[0]: 123.825943 121.578682
[0]: 124.034950 123.861870
[0]: 106.427597 103.972305
[0]: 119.661804 121.032570
[0]: 153.338806 151.454742
[0]: 125.483780 124.158813
[0]: 132.215057 131.248230
[0]: 105.679497 105.238052
[0]: 116.242058 117.011108
[0]: 129.417938 130.063766
[0]: 116.851051 116.268654
[0]: 155.272171 155.970764
[0]: 123.556267 124.307205
[0]: 139.770187 141.321823
[0]: 124.434586 127.129501
[0]: 102.666893 105.662453
[0]: 105.738350 105.882210
[0]: 110.039268 112.333275
[0]: 125.311531 126.447815
[0]: 147.331207 147.295670
[0]: 131.519165 128.576889
[0]: 113.672508 112.386185
[0]: 140.268906 138.924698
[0]: 186.341812 185.904358
[0]: 143.443649 143.981277
[0]: 145.620209 146.401062
[0]: 127.557991 127.767845
[0]: 139.239304 137.356873
