[4]: 132.432159 134.967804
[4]: 126.836334 126.496368
[4]: 117.904129 116.277115
[4]: 173.930054 173.314285
[4]: 124.594322 125.800476
[4]: 126.765602 126.949013
[4]: 122.387993 121.813652
[4]: 126.389420 128.913422
[4]: 111.252876 112.105995
[4]: 123.659187 124.195267
[4]: 133.923080 134.144272
[4]: 128.397034 129.223053
[4]: 127.930695 128.322098
[4]: 122.162163 122.548065
[4]: 123.592026 125.038597
[4]: 132.753708 133.434097
[4]: 118.670052 119.980347
[4]: 67.263580 67.210892
[4]: 125.855522 125.020126
[4]: 131.628586 132.481918
[4]: 130.921097 130.076874
[4]: 113.843704 113.427628
[4]: 117.078583 118.201897
[4]: 123.219727 121.450592
[4]: 128.845459 127.994240
[4]: 137.093811 136.985077
[4]: 133.075012 135.054535
[4]: 118.086906 118.162270
[4]: 129.906662 129.292969
[4]: 74.227898 73.838516
[4]: 133.324158 133.728409
[4]: 140.945679 138.276169
[4]: 131.868683 131.719177
[4]: 128.115768 128.899521
[3]: 129.667557 126.174416
[3]: 129.926086 128.984970
[3]: 127.448074 127.268982
[3]: 60.540619 60.973148
[3]: 131.771637 131.722244
[3]: 126.479179 127.044464
[3]: 135.141663 135.353928
[3]: 130.633560 128.854858
[3]: 135.352875 135.855804
[3]: 125.978561 125.942772
[3]: 119.108917 117.815872
[3]: 127.657806 125.507042
[3]: 128.203644 127.764130
[3]: 132.660767 132.197983
[3]: 129.234131 128.933060
[3]: 131.750046 131.264908
[3]: 132.714172 132.807968
[3]: 155.685638 157.771255
[3]: 124.603302 124.468216
[3]: 122.442459 122.597931
[3]: 124.990410 125.685295
[3]: 136.959061 138.625336
[3]: 132.554504 131.181305
[3]: 128.384995 130.722794
[3]: 129.326920 129.711212
[3]: 120.673088 120.275948
[3]: 128.321609 125.826599
[3]: 128.891006 129.123215
[3]: 125.635117 127.277596
[3]: 64.354279 64.463989
[3]: 128.957504 129.739548
[3]: 117.774368 121.683807
[3]: 124.986511 125.915138
[3]: 121.671371 122.061455
[2]: 127.894775 125.640198
[2]: 136.264862 136.507828
[2]: 137.254089 137.906769
[2]: 113.327965 111.293976
[2]: 139.689117 140.044891
[2]: 126.364342 125.820740
[2]: 130.981094 130.215454
[2]: 128.233978 127.210175
[2]: 143.741364 142.666168
[2]: 136.178146 136.290375
[2]: 114.198883 114.716331
[2]: 130.096924 128.001205
[2]: 122.856323 122.599777
[2]: 141.394409 140.538269
[2]: 131.694214 131.341507
[2]: 125.654327 125.061592
[2]: 135.343277 134.635559
[2]: 68.268845 67.732224
[2]: 129.859833 131.057114
[2]: 117.726288 116.789825
[2]: 129.149658 130.885681
[2]: 144.983566 145.141083
[2]: 140.783249 141.452713
[2]: 136.607025 138.310989
[2]: 122.202629 123.750999
[2]: 115.770721 115.485863
[2]: 127.232552 125.876976
[2]: 141.488953 141.539459
[2]: 117.123810 117.223839
[2]: 187.028641 185.914444
[2]: 115.487915 114.763458
[2]: 115.701958 117.806198
[2]: 126.823853 126.355087
[2]: 119.795769 119.851013
[1]: 124.435265 126.501938
[1]: 126.022057 127.145737
[1]: 136.218262 137.378586
[1]: 195.582352 196.140152
[1]: 128.496063 127.483742
[1]: 127.885963 127.512238
[1]: 126.182396 126.637138
[1]: 126.707695 125.802925
[1]: 139.348587 138.217285
[1]: 128.695145 128.089828
[1]: 120.969055 120.697380
[1]: 129.116302 130.846909
[1]: 129.162750 128.534851
[1]: 133.181931 133.578903
[1]: 133.151993 132.526016
[1]: 118.258011 118.720612
[1]: 134.611816 134.107086
[1]: 191.817841 190.863632
[1]: 132.786499 133.237183
[1]: 122.490532 123.303314
[1]: 125.744560 126.346062
[1]: 135.743011 136.444794
[1]: 140.021667 139.179260
[1]: 134.113419 133.756699
[1]: 129.365189 129.033691
[1]: 119.186768 120.065201
[1]: 122.164551 121.591454
[1]: 136.165558 134.855042
[1]: 127.482735 126.412727
[1]: 131.550781 133.120956
[1]: 119.676590 119.444633
[1]: 117.413986 115.618088
[1]: 126.122925 125.805634
[1]: 130.843796 128.932709
[0]: 124.891190 126.088867
[0]: 117.632103 117.501030
[0]: 117.247887 117.158981
[0]: 91.521843 92.002495
[0]: 115.437042 114.884720
[0]: 129.795883 129.984863
[0]: 121.578682 122.327423
[0]: 123.861870 125.176186
[0]: 103.972305 104.807381
[0]: 121.032570 121.014107
[0]: 151.454742 152.491913
[0]: 124.158813 125.922829
[0]: 131.248230 132.284668
[0]: 105.238052 105.692276
[0]: 117.011108 116.765228
[0]: 130.063766 130.053421
[0]: 116.268654 116.015396
[0]: 155.970764 155.432816
[0]: 124.307205 123.515747
[0]: 141.321823 140.394272
[0]: 127.129501 124.732536
[0]: 105.662453 103.271591
[0]: 105.882210 106.245697
[0]: 112.333275 110.146591
[0]: 126.447815 125.627319
[0]: 147.295670 147.273575
[0]: 128.576889 131.278564
[0]: 112.386185 113.363991
[0]: 138.924698 138.907776
[0]: 185.904358 186.085861
[0]: 143.981277 143.842056
[0]: 146.401062 144.810394
[0]: 127.767845 127.745010
[0]: 137.356873 138.122940
