[4]: 89.253807 132.432159
[4]: 129.395630 126.836334
[4]: 126.649071 117.904129
[4]: 174.884354 173.930054
[4]: 130.548660 124.594322
[4]: 129.165985 126.765602
[4]: 128.139954 122.387993
[4]: 128.434738 126.389420
[4]: 129.782806 111.252876
[4]: 129.877930 123.659187
[4]: 126.914825 133.923080
[4]: 129.625336 128.397034
[4]: 126.986771 127.930695
[4]: 131.986130 122.162163
[4]: 126.408211 123.592026
[4]: 131.034470 132.753708
[4]: 127.145248 118.670052
[4]: 61.280556 67.263580
[4]: 125.715225 125.855522
[4]: 126.861549 131.628586
[4]: 130.055206 130.921097
[4]: 130.346924 113.843704
[4]: 129.309586 117.078583
[4]: 130.890869 123.219727
[4]: 127.250092 128.845459
[4]: 125.915680 137.093811
[4]: 126.464996 133.075012
[4]: 128.900024 118.086906
[4]: 123.525497 129.906662
[4]: 124.433243 74.227898
[4]: 126.281700 133.324158
[4]: 170.121796 140.945679
[4]: 128.636703 131.868683
[4]: 122.402206 128.115768
[3]: 170.711182 129.667557
[3]: 128.008591 129.926086
[3]: 127.052330 127.448074
[3]: 87.699615 60.540619
[3]: 129.502579 131.771637
[3]: 129.089096 126.479179
[3]: 129.543121 135.141663
[3]: 127.296967 130.633560
[3]: 127.206932 135.352875
[3]: 126.171333 125.978561
[3]: 124.330154 119.108917
[3]: 128.230225 127.657806
[3]: 127.870079 128.203644
[3]: 128.416412 132.660767
[3]: 126.757553 129.234131
[3]: 130.809662 131.750046
[3]: 128.395218 132.714172
[3]: 126.622169 155.685638
[3]: 127.151031 124.603302
[3]: 126.484970 122.442459
[3]: 127.703621 124.990410
[3]: 128.293839 136.959061
[3]: 126.901154 132.554504
[3]: 127.602448 128.384995
[3]: 129.128036 129.326920
[3]: 123.952835 120.673088
[3]: 128.204666 128.321609
[3]: 128.261887 128.891006
[3]: 127.295799 125.635117
[3]: 58.490067 64.354279
[3]: 130.614243 128.957504
[3]: 82.758644 117.774368
[3]: 127.661766 124.986511
[3]: 125.719193 121.671371
[2]: 168.563171 127.894775
[2]: 130.788361 136.264862
[2]: 131.593826 137.254089
[2]: 94.271606 113.327965
[2]: 131.249100 139.689117
[2]: 127.337166 126.364342
[2]: 133.236694 130.981094
[2]: 135.610580 128.233978
[2]: 138.403549 143.741364
[2]: 133.183533 136.178146
[2]: 116.035164 114.198883
[2]: 134.382111 130.096924
[2]: 133.932800 122.856323
[2]: 138.991379 141.394409
[2]: 133.200455 131.694214
[2]: 128.712372 125.654327
[2]: 135.419647 135.343277
[2]: 126.189285 68.268845
[2]: 127.876434 129.859833
[2]: 119.527603 117.726288
[2]: 127.545677 129.149658
[2]: 135.053726 144.983566
[2]: 134.789276 140.783249
[2]: 142.270950 136.607025
[2]: 128.814819 122.202629
[2]: 121.995644 115.770721
[2]: 120.341606 127.232552
[2]: 129.517258 141.488953
[2]: 120.688957 117.123810
[2]: 186.982178 187.028641
[2]: 119.539108 115.487915
[2]: 74.338478 115.701958
[2]: 135.423676 126.823853
[2]: 115.914642 119.795769
[1]: 83.733398 124.435265
[1]: 128.339035 126.022057
[1]: 132.556259 136.218262
[1]: 176.504684 195.582352
[1]: 129.075241 128.496063
[1]: 126.385529 127.885963
[1]: 130.303513 126.182396
[1]: 129.198151 126.707695
[1]: 132.594940 139.348587
[1]: 129.274857 128.695145
[1]: 120.242500 120.969055
[1]: 128.334976 129.116302
[1]: 131.446320 129.162750
[1]: 129.964859 133.181931
[1]: 130.783875 133.151993
[1]: 124.972443 118.258011
[1]: 133.904800 134.611816
[1]: 191.897507 191.817841
[1]: 129.543137 132.786499
[1]: 122.073982 122.490532
[1]: 123.903175 125.744560
[1]: 130.917908 135.743011
[1]: 130.732071 140.021667
[1]: 134.020859 134.113419
[1]: 130.662216 129.365189
[1]: 124.193130 119.186768
[1]: 124.326729 122.164551
[1]: 129.570557 136.165558
[1]: 127.312210 127.482735
[1]: 119.413452 131.550781
[1]: 126.002281 119.676590
[1]: 162.973984 117.413986
[1]: 130.609100 126.122925
[1]: 125.459213 130.843796
[0]: 134.181183 124.891190
[0]: 117.904373 117.632103
[0]: 115.557053 117.247887
[0]: 86.021027 91.521843
[0]: 117.033424 115.437042
[0]: 123.869621 129.795883
[0]: 110.467407 121.578682
[0]: 110.965469 123.861870
[0]: 99.432869 103.972305
[0]: 113.359161 121.032570
[0]: 159.916550 151.454742
[0]: 115.622246 124.158813
[0]: 115.509575 131.248230
[0]: 98.374435 105.238052
[0]: 114.976311 117.011108
[0]: 120.162811 130.063766
[0]: 107.912117 116.268654
[0]: 138.306915 155.970764
[0]: 127.455559 124.307205
[0]: 144.729492 141.321823
[0]: 129.105804 127.129501
[0]: 108.627556 105.662453
[0]: 111.781181 105.882210
[0]: 90.070946 112.333275
[0]: 117.297951 126.447815
[0]: 148.983398 147.295670
[0]: 144.835861 128.576889
[0]: 119.325180 112.386185
[0]: 144.504486 138.924698
[0]: 169.165253 185.904358
[0]: 141.389709 143.981277
[0]: 146.653244 146.401062
[0]: 110.133041 127.767845
[0]: 156.178421 137.356873
