[4]: 132.765091 132.432159
[4]: 126.826630 126.836334
[4]: 117.891098 117.904129
[4]: 174.012909 173.930054
[4]: 124.116821 124.594322
[4]: 126.710678 126.765602
[4]: 121.871216 122.387993
[4]: 126.896484 126.389420
[4]: 111.870422 111.252876
[4]: 123.968323 123.659187
[4]: 133.122360 133.923080
[4]: 128.654678 128.397034
[4]: 127.505783 127.930695
[4]: 122.421829 122.162163
[4]: 124.267387 123.592026
[4]: 132.226990 132.753708
[4]: 118.293602 118.670052
[4]: 66.746635 67.263580
[4]: 125.528435 125.855522
[4]: 132.325043 131.628586
[4]: 130.738007 130.921097
[4]: 114.549339 113.843704
[4]: 117.443687 117.078583
[4]: 123.650085 123.219727
[4]: 128.874542 128.845459
[4]: 136.326080 137.093811
[4]: 133.229843 133.075012
[4]: 117.902977 118.086906
[4]: 130.057663 129.906662
[4]: 74.504753 74.227898
[4]: 133.521866 133.324158
[4]: 140.937515 140.945679
[4]: 132.243546 131.868683
[4]: 127.344925 128.115768
[3]: 129.524445 129.667557
[3]: 130.142563 129.926086
[3]: 127.179520 127.448074
[3]: 60.742027 60.540619
[3]: 131.461975 131.771637
[3]: 126.466431 126.479179
[3]: 135.249863 135.141663
[3]: 130.435699 130.633560
[3]: 135.110657 135.352875
[3]: 125.555801 125.978561
[3]: 119.390549 119.108917
[3]: 128.032288 127.657806
[3]: 128.533646 128.203644
[3]: 132.369965 132.660767
[3]: 128.844803 129.234131
[3]: 132.382355 131.750046
[3]: 132.737274 132.714172
[3]: 156.007095 155.685638
[3]: 124.537941 124.603302
[3]: 121.894333 122.442459
[3]: 125.237389 124.990410
[3]: 137.127899 136.959061
[3]: 132.447479 132.554504
[3]: 128.379715 128.384995
[3]: 129.530212 129.326920
[3]: 120.620369 120.673088
[3]: 128.168762 128.321609
[3]: 128.621780 128.891006
[3]: 125.752243 125.635117
[3]: 64.367775 64.354279
[3]: 128.853317 128.957504
[3]: 117.320671 117.774368
[3]: 125.063248 124.986511
[3]: 121.883728 121.671371
[2]: 127.409134 127.894775
[2]: 135.360764 136.264862
[2]: 137.438553 137.254089
[2]: 111.937157 113.327965
[2]: 141.027740 139.689117
[2]: 127.022308 126.364342
[2]: 131.031662 130.981094
[2]: 128.624283 128.233978
[2]: 144.064362 143.741364
[2]: 136.532349 136.178146
[2]: 114.830254 114.198883
[2]: 128.694885 130.096924
[2]: 122.827934 122.856323
[2]: 140.337967 141.394409
[2]: 131.688889 131.694214
[2]: 125.726471 125.654327
[2]: 136.252258 135.343277
[2]: 68.743027 68.268845
[2]: 130.525787 129.859833
[2]: 117.427521 117.726288
[2]: 129.673386 129.149658
[2]: 144.719833 144.983566
[2]: 142.067322 140.783249
[2]: 135.656357 136.607025
[2]: 121.422806 122.202629
[2]: 115.759972 115.770721
[2]: 127.424400 127.232552
[2]: 142.365234 141.488953
[2]: 116.663307 117.123810
[2]: 186.896851 187.028641
[2]: 114.899178 115.487915
[2]: 115.831772 115.701958
[2]: 126.653236 126.823853
[2]: 121.190536 119.795769
[1]: 124.530678 124.435265
[1]: 126.242310 126.022057
[1]: 136.398575 136.218262
[1]: 195.792877 195.582352
[1]: 129.135757 128.496063
[1]: 127.897018 127.885963
[1]: 126.316093 126.182396
[1]: 126.204025 126.707695
[1]: 138.787201 139.348587
[1]: 128.504654 128.695145
[1]: 121.533936 120.969055
[1]: 129.680954 129.116302
[1]: 129.228485 129.162750
[1]: 133.657501 133.181931
[1]: 133.409592 133.151993
[1]: 118.473129 118.258011
[1]: 134.763123 134.611816
[1]: 191.566711 191.817841
[1]: 132.709229 132.786499
[1]: 122.100960 122.490532
[1]: 125.629387 125.744560
[1]: 135.748672 135.743011
[1]: 139.542175 140.021667
[1]: 134.201157 134.113419
[1]: 129.638779 129.365189
[1]: 119.572304 119.186768
[1]: 122.195793 122.164551
[1]: 135.598862 136.165558
[1]: 127.342812 127.482735
[1]: 132.125580 131.550781
[1]: 120.462181 119.676590
[1]: 117.087524 117.413986
[1]: 126.048309 126.122925
[1]: 130.266312 130.843796
[0]: 125.104042 124.891190
[0]: 118.133011 117.632103
[0]: 117.133781 117.247887
[0]: 91.988602 91.521843
[0]: 114.151268 115.437042
[0]: 129.154358 129.795883
[0]: 121.823708 121.578682
[0]: 123.665581 123.861870
[0]: 103.795166 103.972305
[0]: 120.996574 121.032570
[0]: 150.759171 151.454742
[0]: 124.337936 124.158813
[0]: 131.294998 131.248230
[0]: 105.843758 105.238052
[0]: 116.394501 117.011108
[0]: 129.658035 130.063766
[0]: 115.482346 116.268654
[0]: 155.704834 155.970764
[0]: 124.081673 124.307205
[0]: 141.947556 141.321823
[0]: 126.626930 127.129501
[0]: 104.960487 105.662453
[0]: 104.696175 105.882210
[0]: 112.756256 112.333275
[0]: 126.702606 126.447815
[0]: 147.814285 147.295670
[0]: 128.353958 128.576889
[0]: 112.538139 112.386185
[0]: 139.282562 138.924698
[0]: 185.430832 185.904358
[0]: 143.685379 143.981277
[0]: 147.172348 146.401062
[0]: 127.541481 127.767845
[0]: 137.077225 137.356873
