[4]: 132.432159 133.925247
[4]: 126.836334 125.776772
[4]: 117.904129 117.096565
[4]: 173.930054 173.092926
[4]: 124.594322 126.589729
[4]: 126.765602 126.665901
[4]: 122.387993 122.101624
[4]: 126.389420 127.943184
[4]: 111.252876 113.673012
[4]: 123.659187 123.455078
[4]: 133.923080 135.108810
[4]: 128.397034 128.928009
[4]: 127.930695 128.976608
[4]: 122.162163 122.302650
[4]: 123.592026 124.951164
[4]: 132.753708 134.105728
[4]: 118.670052 120.319870
[4]: 67.263580 67.432632
[4]: 125.855522 125.488503
[4]: 131.628586 130.469147
[4]: 130.921097 129.957092
[4]: 113.843704 113.502487
[4]: 117.078583 116.954567
[4]: 123.219727 121.716476
[4]: 128.845459 128.134644
[4]: 137.093811 136.522476
[4]: 133.075012 135.557877
[4]: 118.086906 118.145157
[4]: 129.906662 130.180008
[4]: 74.227898 73.094826
[4]: 133.324158 134.559784
[4]: 140.945679 138.919403
[4]: 131.868683 131.903046
[4]: 128.115768 130.025604
[3]: 129.667557 126.570618
[3]: 129.926086 129.389008
[3]: 127.448074 126.907669
[3]: 60.540619 60.888767
[3]: 131.771637 131.774170
[3]: 126.479179 127.327843
[3]: 135.141663 135.292374
[3]: 130.633560 129.736374
[3]: 135.352875 134.378296
[3]: 125.978561 126.144669
[3]: 119.108917 117.085533
[3]: 127.657806 126.001953
[3]: 128.203644 127.310265
[3]: 132.660767 132.626617
[3]: 129.234131 128.861816
[3]: 131.750046 130.600372
[3]: 132.714172 132.946411
[3]: 155.685638 158.475632
[3]: 124.603302 123.856354
[3]: 122.442459 124.322762
[3]: 124.990410 125.980942
[3]: 136.959061 137.973679
[3]: 132.554504 131.721451
[3]: 128.384995 131.065613
[3]: 129.326920 129.938217
[3]: 120.673088 121.185280
[3]: 128.321609 125.780113
[3]: 128.891006 129.635452
[3]: 125.635117 126.293076
[3]: 64.354279 65.029060
[3]: 128.957504 129.024063
[3]: 117.774368 121.559212
[3]: 124.986511 125.825493
[3]: 121.671371 121.230431
[2]: 127.894775 126.823395
[2]: 136.264862 137.092651
[2]: 137.254089 136.626373
[2]: 113.327965 111.528542
[2]: 139.689117 138.604446
[2]: 126.364342 126.361824
[2]: 130.981094 128.968826
[2]: 128.233978 128.038025
[2]: 143.741364 141.381042
[2]: 136.178146 137.814377
[2]: 114.198883 113.919868
[2]: 130.096924 128.649017
[2]: 122.856323 122.483177
[2]: 141.394409 140.514359
[2]: 131.694214 131.505661
[2]: 125.654327 125.637459
[2]: 135.343277 133.466599
[2]: 68.268845 67.148857
[2]: 129.859833 130.929123
[2]: 117.726288 117.639610
[2]: 129.149658 130.707138
[2]: 144.983566 145.226685
[2]: 140.783249 141.987961
[2]: 136.607025 138.070801
[2]: 122.202629 123.685776
[2]: 115.770721 115.770531
[2]: 127.232552 125.413727
[2]: 141.488953 140.607483
[2]: 117.123810 116.427361
[2]: 187.028641 185.714722
[2]: 115.487915 115.329773
[2]: 115.701958 116.760246
[2]: 126.823853 126.314224
[2]: 119.795769 118.640007
[1]: 124.435265 126.368065
[1]: 126.022057 127.076454
[1]: 136.218262 137.364731
[1]: 195.582352 196.199997
[1]: 128.496063 127.214531
[1]: 127.885963 127.588890
[1]: 126.182396 126.588577
[1]: 126.707695 126.143745
[1]: 139.348587 138.053070
[1]: 128.695145 128.256714
[1]: 120.969055 120.528358
[1]: 129.116302 130.407455
[1]: 129.162750 128.392227
[1]: 133.181931 133.433334
[1]: 133.151993 132.776764
[1]: 118.258011 118.424789
[1]: 134.611816 134.105667
[1]: 191.817841 190.667053
[1]: 132.786499 133.236206
[1]: 122.490532 123.203499
[1]: 125.744560 125.947556
[1]: 135.743011 136.974747
[1]: 140.021667 139.763168
[1]: 134.113419 133.534103
[1]: 129.365189 128.703888
[1]: 119.186768 119.378944
[1]: 122.164551 121.417175
[1]: 136.165558 135.132324
[1]: 127.482735 126.325333
[1]: 131.550781 133.092621
[1]: 119.676590 118.737915
[1]: 117.413986 115.999069
[1]: 126.122925 125.780266
[1]: 130.843796 129.230225
[0]: 124.891190 125.673119
[0]: 117.632103 117.266533
[0]: 117.247887 118.069298
[0]: 91.521843 92.550766
[0]: 115.437042 115.789268
[0]: 129.795883 129.315109
[0]: 121.578682 123.447853
[0]: 123.861870 123.985901
[0]: 103.972305 106.279083
[0]: 121.032570 119.756683
[0]: 151.454742 153.309692
[0]: 124.158813 125.506409
[0]: 131.248230 132.367203
[0]: 105.238052 105.665894
[0]: 117.011108 116.495232
[0]: 130.063766 129.729340
[0]: 116.268654 116.750412
[0]: 155.970764 155.458435
[0]: 124.307205 123.839569
[0]: 141.321823 139.896576
[0]: 127.129501 125.168945
[0]: 105.662453 103.195770
[0]: 105.882210 105.792366
[0]: 112.333275 109.981514
[0]: 126.447815 125.669937
[0]: 147.295670 147.242798
[0]: 128.576889 131.466934
[0]: 112.386185 113.508385
[0]: 138.924698 139.994934
[0]: 185.904358 186.467804
[0]: 143.981277 143.884964
[0]: 146.401062 144.946518
[0]: 127.767845 127.720833
[0]: 137.356873 138.832092
