[4]: 133.650513 132.432159
[4]: 126.203827 126.836334
[4]: 116.842834 117.904129
[4]: 172.588943 173.930054
[4]: 126.532906 124.594322
[4]: 126.349495 126.765602
[4]: 122.232521 122.387993
[4]: 127.928276 126.389420
[4]: 113.811615 111.252876
[4]: 123.241745 123.659187
[4]: 135.196976 133.923080
[4]: 128.731064 128.397034
[4]: 129.121536 127.930695
[4]: 122.638603 122.162163
[4]: 124.852051 123.592026
[4]: 134.355957 132.753708
[4]: 120.245682 118.670052
[4]: 67.477341 67.263580
[4]: 125.221489 125.855522
[4]: 130.708832 131.628586
[4]: 129.920547 130.921097
[4]: 113.626152 113.843704
[4]: 117.406403 117.078583
[4]: 121.931664 123.219727
[4]: 128.034531 128.845459
[4]: 136.765976 137.093811
[4]: 135.672821 133.075012
[4]: 118.319069 118.086906
[4]: 130.486801 129.906662
[4]: 72.807991 74.227898
[4]: 134.077637 133.324158
[4]: 139.203201 140.945679
[4]: 132.494843 131.868683
[4]: 130.381500 128.115768
[3]: 126.825150 129.667557
[3]: 129.176331 129.926086
[3]: 127.200188 127.448074
[3]: 60.876053 60.540619
[3]: 131.971466 131.771637
[3]: 127.468742 126.479179
[3]: 135.027756 135.141663
[3]: 129.594864 130.633560
[3]: 134.356720 135.352875
[3]: 126.073746 125.978561
[3]: 117.157700 119.108917
[3]: 126.134163 127.657806
[3]: 127.288040 128.203644
[3]: 132.528610 132.660767
[3]: 128.872238 129.234131
[3]: 130.773392 131.750046
[3]: 132.997894 132.714172
[3]: 158.931396 155.685638
[3]: 123.964844 124.603302
[3]: 124.011070 122.442459
[3]: 125.860847 124.990410
[3]: 138.038361 136.959061
[3]: 131.553787 132.554504
[3]: 130.807526 128.384995
[3]: 130.349243 129.326920
[3]: 121.041786 120.673088
[3]: 126.151855 128.321609
[3]: 129.676331 128.891006
[3]: 125.520348 125.635117
[3]: 65.524010 64.354279
[3]: 129.113663 128.957504
[3]: 121.153496 117.774368
[3]: 125.594406 124.986511
[3]: 121.274246 121.671371
[2]: 126.825432 127.894775
[2]: 137.168900 136.264862
[2]: 136.679276 137.254089
[2]: 111.611427 113.327965
[2]: 138.313461 139.689117
[2]: 126.652061 126.364342
[2]: 128.857605 130.981094
[2]: 128.479889 128.233978
[2]: 141.599457 143.741364
[2]: 138.163559 136.178146
[2]: 113.900146 114.198883
[2]: 128.378677 130.096924
[2]: 122.423767 122.856323
[2]: 140.113739 141.394409
[2]: 131.659409 131.694214
[2]: 125.240021 125.654327
[2]: 133.631470 135.343277
[2]: 67.090919 68.268845
[2]: 130.988907 129.859833
[2]: 117.697159 117.726288
[2]: 131.252472 129.149658
[2]: 145.175049 144.983566
[2]: 142.082138 140.783249
[2]: 138.065765 136.607025
[2]: 123.626839 122.202629
[2]: 115.688057 115.770721
[2]: 125.162994 127.232552
[2]: 140.132507 141.488953
[2]: 116.698517 117.123810
[2]: 185.849380 187.028641
[2]: 115.779457 115.487915
[2]: 116.568169 115.701958
[2]: 126.027695 126.823853
[2]: 118.605606 119.795769
[1]: 126.353882 124.435265
[1]: 126.835709 126.022057
[1]: 137.434357 136.218262
[1]: 196.428436 195.582352
[1]: 127.247177 128.496063
[1]: 127.603546 127.885963
[1]: 126.770256 126.182396
[1]: 125.841698 126.707695
[1]: 137.900452 139.348587
[1]: 128.475677 128.695145
[1]: 120.386177 120.969055
[1]: 130.713913 129.116302
[1]: 128.473038 129.162750
[1]: 133.460510 133.181931
[1]: 132.733994 133.151993
[1]: 118.399719 118.258011
[1]: 134.181183 134.611816
[1]: 190.509460 191.817841
[1]: 133.465012 132.786499
[1]: 123.130440 122.490532
[1]: 125.866135 125.744560
[1]: 136.803101 135.743011
[1]: 139.664337 140.021667
[1]: 133.668381 134.113419
[1]: 128.555374 129.365189
[1]: 119.177444 119.186768
[1]: 121.241653 122.164551
[1]: 135.217606 136.165558
[1]: 126.277298 127.482735
[1]: 133.113785 131.550781
[1]: 118.782555 119.676590
[1]: 116.180168 117.413986
[1]: 125.753212 126.122925
[1]: 128.922791 130.843796
[0]: 125.683495 124.891190
[0]: 117.210030 117.632103
[0]: 117.929359 117.247887
[0]: 92.832619 91.521843
[0]: 115.893867 115.437042
[0]: 129.180817 129.795883
[0]: 123.505684 121.578682
[0]: 124.001030 123.861870
[0]: 106.101135 103.972305
[0]: 119.461662 121.032570
[0]: 153.336746 151.454742
[0]: 125.530235 124.158813
[0]: 132.209595 131.248230
[0]: 105.795311 105.238052
[0]: 116.470024 117.011108
[0]: 129.681946 130.063766
[0]: 116.518524 116.268654
[0]: 155.335968 155.970764
[0]: 123.714676 124.307205
[0]: 140.001633 141.321823
[0]: 124.836235 127.129501
[0]: 103.240349 105.662453
[0]: 105.507843 105.882210
[0]: 109.885254 112.333275
[0]: 125.539886 126.447815
[0]: 147.446854 147.295670
[0]: 131.371384 128.576889
[0]: 113.714249 112.386185
[0]: 140.278687 138.924698
[0]: 186.552643 185.904358
[0]: 143.757233 143.981277
[0]: 145.074173 146.401062
[0]: 127.656097 127.767845
[0]: 138.794113 137.356873
