[4]: 92.211617 132.432159
[4]: 128.271835 126.836334
[4]: 124.093315 117.904129
[4]: 172.522003 173.930054
[4]: 128.128067 124.594322
[4]: 128.035248 126.765602
[4]: 127.217072 122.387993
[4]: 126.653366 126.389420
[4]: 127.655731 111.252876
[4]: 129.205292 123.659187
[4]: 129.028778 133.923080
[4]: 128.345917 128.397034
[4]: 125.270622 127.930695
[4]: 128.198410 122.162163
[4]: 124.504272 123.592026
[4]: 132.381241 132.753708
[4]: 125.062813 118.670052
[4]: 60.977245 67.263580
[4]: 125.306870 125.855522
[4]: 128.199692 131.628586
[4]: 130.569946 130.921097
[4]: 129.591919 113.843704
[4]: 127.868355 117.078583
[4]: 127.003448 123.219727
[4]: 128.155991 128.845459
[4]: 127.529678 137.093811
[4]: 128.689178 133.075012
[4]: 127.829803 118.086906
[4]: 123.602394 129.906662
[4]: 122.194458 74.227898
[4]: 127.256622 133.324158
[4]: 175.422440 140.945679
[4]: 128.949036 131.868683
[4]: 124.350800 128.115768
[3]: 169.871674 129.667557
[3]: 126.903488 129.926086
[3]: 125.280815 127.448074
[3]: 84.907211 60.540619
[3]: 127.737373 131.771637
[3]: 127.238396 126.479179
[3]: 128.385269 135.141663
[3]: 128.337997 130.633560
[3]: 126.616844 135.352875
[3]: 125.557632 125.978561
[3]: 127.253212 119.108917
[3]: 127.956238 127.657806
[3]: 127.494484 128.203644
[3]: 127.259117 132.660767
[3]: 126.972466 129.234131
[3]: 129.349365 131.750046
[3]: 126.908340 132.714172
[3]: 132.041016 155.685638
[3]: 127.064835 124.603302
[3]: 128.803467 122.442459
[3]: 128.014404 124.990410
[3]: 125.584320 136.959061
[3]: 125.708298 132.554504
[3]: 127.557564 128.384995
[3]: 128.286713 129.326920
[3]: 126.802559 120.673088
[3]: 127.712646 128.321609
[3]: 126.082321 128.891006
[3]: 129.773132 125.635117
[3]: 59.771862 64.354279
[3]: 129.649017 128.957504
[3]: 84.730560 117.774368
[3]: 126.887337 124.986511
[3]: 127.883263 121.671371
[2]: 169.829285 127.894775
[2]: 130.247604 136.264862
[2]: 131.576813 137.254089
[2]: 99.426712 113.327965
[2]: 134.419357 139.689117
[2]: 127.899857 126.364342
[2]: 129.722107 130.981094
[2]: 129.765259 128.233978
[2]: 135.196533 143.741364
[2]: 129.190781 136.178146
[2]: 115.327286 114.198883
[2]: 128.917206 130.096924
[2]: 131.084641 122.856323
[2]: 136.255829 141.394409
[2]: 129.361496 131.694214
[2]: 129.752319 125.654327
[2]: 136.496002 135.343277
[2]: 108.436623 68.268845
[2]: 127.089272 129.859833
[2]: 116.818977 117.726288
[2]: 126.423752 129.149658
[2]: 134.732498 144.983566
[2]: 138.642349 140.783249
[2]: 133.201401 136.607025
[2]: 126.645782 122.202629
[2]: 121.569450 115.770721
[2]: 127.128838 127.232552
[2]: 132.915680 141.488953
[2]: 119.643944 117.123810
[2]: 184.002243 187.028641
[2]: 121.218750 115.487915
[2]: 70.623161 115.701958
[2]: 131.962036 126.823853
[2]: 121.073853 119.795769
[1]: 83.472641 124.435265
[1]: 129.275696 126.022057
[1]: 135.983383 136.218262
[1]: 187.274582 195.582352
[1]: 133.517181 128.496063
[1]: 126.778717 127.885963
[1]: 128.963654 126.182396
[1]: 128.569443 126.707695
[1]: 134.540009 139.348587
[1]: 126.391106 128.695145
[1]: 115.968262 120.969055
[1]: 125.828270 129.116302
[1]: 131.914734 129.162750
[1]: 134.128296 133.181931
[1]: 132.423401 133.151993
[1]: 122.923004 118.258011
[1]: 138.911545 134.611816
[1]: 186.535156 191.817841
[1]: 129.435883 132.786499
[1]: 119.350464 122.490532
[1]: 123.952431 125.744560
[1]: 130.386169 135.743011
[1]: 135.916794 140.021667
[1]: 134.085587 134.113419
[1]: 128.132919 129.365189
[1]: 122.701004 119.186768
[1]: 124.955933 122.164551
[1]: 132.207291 136.165558
[1]: 127.524734 127.482735
[1]: 115.400970 131.550781
[1]: 124.267105 119.676590
[1]: 151.762253 117.413986
[1]: 128.129578 126.122925
[1]: 127.546455 130.843796
[0]: 120.726212 124.891190
[0]: 120.930794 117.632103
[0]: 118.188362 117.247887
[0]: 82.143272 91.521843
[0]: 113.252274 115.437042
[0]: 127.019249 129.795883
[0]: 120.594398 121.578682
[0]: 121.091591 123.861870
[0]: 106.064774 103.972305
[0]: 125.032761 121.032570
[0]: 158.058716 151.454742
[0]: 128.856079 124.158813
[0]: 122.332718 131.248230
[0]: 104.393379 105.238052
[0]: 120.946045 117.011108
[0]: 121.454262 130.063766
[0]: 105.877159 116.268654
[0]: 168.160355 155.970764
[0]: 129.630844 124.307205
[0]: 145.872726 141.321823
[0]: 128.879105 127.129501
[0]: 115.592995 105.662453
[0]: 104.012978 105.882210
[0]: 109.215508 112.333275
[0]: 124.040657 126.447815
[0]: 144.302551 147.295670
[0]: 131.682098 128.576889
[0]: 116.415009 112.386185
[0]: 141.526932 138.924698
[0]: 179.729675 185.904358
[0]: 141.129868 143.981277
[0]: 163.895218 146.401062
[0]: 119.351105 127.767845
[0]: 139.706207 137.356873
