[4]: 133.524139 132.432159
[4]: 126.098282 126.836334
[4]: 117.068184 117.904129
[4]: 172.810928 173.930054
[4]: 126.463776 124.594322
[4]: 126.377106 126.765602
[4]: 122.395828 122.387993
[4]: 127.748436 126.389420
[4]: 113.222488 111.252876
[4]: 123.293831 123.659187
[4]: 134.768112 133.923080
[4]: 129.245636 128.397034
[4]: 129.063049 127.930695
[4]: 122.438568 122.162163
[4]: 125.101761 123.592026
[4]: 134.203293 132.753708
[4]: 120.303864 118.670052
[4]: 67.241920 67.263580
[4]: 125.496170 125.855522
[4]: 130.750488 131.628586
[4]: 129.920670 130.921097
[4]: 113.370941 113.843704
[4]: 117.178871 117.078583
[4]: 121.888680 123.219727
[4]: 128.080978 128.845459
[4]: 136.412888 137.093811
[4]: 135.285065 133.075012
[4]: 117.853203 118.086906
[4]: 130.425766 129.906662
[4]: 73.130287 74.227898
[4]: 134.557953 133.324158
[4]: 139.257721 140.945679
[4]: 132.005142 131.868683
[4]: 129.758713 128.115768
[3]: 126.936180 129.667557
[3]: 129.244827 129.926086
[3]: 127.139267 127.448074
[3]: 60.829056 60.540619
[3]: 132.019501 131.771637
[3]: 127.471642 126.479179
[3]: 134.970901 135.141663
[3]: 129.892639 130.633560
[3]: 134.524307 135.352875
[3]: 126.128815 125.978561
[3]: 117.294533 119.108917
[3]: 126.046188 127.657806
[3]: 127.375832 128.203644
[3]: 132.375290 132.660767
[3]: 128.832489 129.234131
[3]: 130.476715 131.750046
[3]: 132.863144 132.714172
[3]: 158.682846 155.685638
[3]: 123.854492 124.603302
[3]: 124.129906 122.442459
[3]: 125.873764 124.990410
[3]: 137.892410 136.959061
[3]: 131.745102 132.554504
[3]: 130.754074 128.384995
[3]: 129.987671 129.326920
[3]: 121.334946 120.673088
[3]: 126.201141 128.321609
[3]: 129.716629 128.891006
[3]: 125.655304 125.635117
[3]: 65.224861 64.354279
[3]: 129.092606 128.957504
[3]: 121.259262 117.774368
[3]: 125.605911 124.986511
[3]: 121.574158 121.671371
[2]: 126.707397 127.894775
[2]: 137.111282 136.264862
[2]: 136.484436 137.254089
[2]: 111.564278 113.327965
[2]: 138.570801 139.689117
[2]: 126.433655 126.364342
[2]: 129.028900 130.981094
[2]: 128.127914 128.233978
[2]: 141.454269 143.741364
[2]: 137.745209 136.178146
[2]: 114.108971 114.198883
[2]: 128.394257 130.096924
[2]: 122.453239 122.856323
[2]: 140.350388 141.394409
[2]: 131.519943 131.694214
[2]: 125.413513 125.654327
[2]: 133.793442 135.343277
[2]: 67.324203 68.268845
[2]: 130.852417 129.859833
[2]: 117.261162 117.726288
[2]: 130.943329 129.149658
[2]: 145.437164 144.983566
[2]: 141.817474 140.783249
[2]: 138.216980 136.607025
[2]: 123.599937 122.202629
[2]: 115.839767 115.770721
[2]: 125.422752 127.232552
[2]: 140.769089 141.488953
[2]: 116.674683 117.123810
[2]: 185.781815 187.028641
[2]: 115.480141 115.487915
[2]: 116.458488 115.701958
[2]: 126.417336 126.823853
[2]: 118.795113 119.795769
[1]: 126.390083 124.435265
[1]: 126.865280 126.022057
[1]: 137.284119 136.218262
[1]: 196.382858 195.582352
[1]: 127.199471 128.496063
[1]: 127.547653 127.885963
[1]: 126.647774 126.182396
[1]: 126.171638 126.707695
[1]: 138.215332 139.348587
[1]: 128.464081 128.695145
[1]: 120.553406 120.969055
[1]: 130.334030 129.116302
[1]: 128.422348 129.162750
[1]: 133.515930 133.181931
[1]: 132.711365 133.151993
[1]: 118.488884 118.258011
[1]: 133.936874 134.611816
[1]: 190.590637 191.817841
[1]: 133.183380 132.786499
[1]: 123.278297 122.490532
[1]: 125.993858 125.744560
[1]: 136.776657 135.743011
[1]: 139.757462 140.021667
[1]: 133.490128 134.113419
[1]: 128.889694 129.365189
[1]: 119.511658 119.186768
[1]: 121.480331 122.164551
[1]: 135.147537 136.165558
[1]: 126.497978 127.482735
[1]: 132.811722 131.550781
[1]: 118.546638 119.676590
[1]: 116.044930 117.413986
[1]: 125.862251 126.122925
[1]: 129.166824 130.843796
[0]: 125.803780 124.891190
[0]: 117.241058 117.632103
[0]: 118.052589 117.247887
[0]: 92.729286 91.521843
[0]: 115.650833 115.437042
[0]: 129.446762 129.795883
[0]: 123.327873 121.578682
[0]: 123.883095 123.861870
[0]: 106.265366 103.972305
[0]: 119.757912 121.032570
[0]: 153.322266 151.454742
[0]: 125.463921 124.158813
[0]: 132.222427 131.248230
[0]: 105.794807 105.238052
[0]: 116.384171 117.011108
[0]: 129.930679 130.063766
[0]: 116.650230 116.268654
[0]: 155.521774 155.970764
[0]: 123.966637 124.307205
[0]: 140.183029 141.321823
[0]: 125.008446 127.129501
[0]: 103.315460 105.662453
[0]: 105.629021 105.882210
[0]: 109.960342 112.333275
[0]: 125.559959 126.447815
[0]: 147.052933 147.295670
[0]: 131.232010 128.576889
[0]: 113.485817 112.386185
[0]: 140.027161 138.924698
[0]: 186.601944 185.904358
[0]: 143.919998 143.981277
[0]: 145.252090 146.401062
[0]: 127.652725 127.767845
[0]: 138.701706 137.356873
