[4]: 132.432159 136.091415
[4]: 126.836334 126.128624
[4]: 117.904129 118.518761
[4]: 173.930054 168.153595
[4]: 124.594322 128.598465
[4]: 126.765602 125.491623
[4]: 122.387993 123.083191
[4]: 126.389420 128.622421
[4]: 111.252876 117.440071
[4]: 123.659187 122.068069
[4]: 133.923080 136.312683
[4]: 128.397034 127.941933
[4]: 127.930695 128.072189
[4]: 122.162163 124.284309
[4]: 123.592026 123.077454
[4]: 132.753708 133.934402
[4]: 118.670052 118.483643
[4]: 67.263580 67.487831
[4]: 125.855522 127.183205
[4]: 131.628586 131.182892
[4]: 130.921097 127.343544
[4]: 113.843704 111.841682
[4]: 117.078583 117.245308
[4]: 123.219727 120.867111
[4]: 128.845459 126.409988
[4]: 137.093811 135.576996
[4]: 133.075012 135.881302
[4]: 118.086906 123.368118
[4]: 129.906662 131.870987
[4]: 74.227898 68.860443
[4]: 133.324158 132.922165
[4]: 140.945679 134.985275
[4]: 131.868683 129.687622
[4]: 128.115768 131.871140
[3]: 129.667557 123.745384
[3]: 129.926086 129.319199
[3]: 127.448074 126.516182
[3]: 60.540619 62.776962
[3]: 131.771637 132.292984
[3]: 126.479179 127.789040
[3]: 135.141663 135.679688
[3]: 130.633560 129.797485
[3]: 135.352875 134.035446
[3]: 125.978561 128.420105
[3]: 119.108917 114.966446
[3]: 127.657806 125.787697
[3]: 128.203644 128.503632
[3]: 132.660767 131.341232
[3]: 129.234131 128.962265
[3]: 131.750046 132.641006
[3]: 132.714172 135.266220
[3]: 155.685638 165.719406
[3]: 124.603302 122.878967
[3]: 122.442459 123.461708
[3]: 124.990410 127.658455
[3]: 136.959061 141.039871
[3]: 132.554504 131.906921
[3]: 128.384995 133.229507
[3]: 129.326920 131.520294
[3]: 120.673088 122.246330
[3]: 128.321609 123.800095
[3]: 128.891006 126.330017
[3]: 125.635117 122.832703
[3]: 64.354279 68.600349
[3]: 128.957504 129.625763
[3]: 117.774368 124.947891
[3]: 124.986511 125.766853
[3]: 121.671371 120.817307
[2]: 127.894775 124.982010
[2]: 136.264862 134.555542
[2]: 137.254089 134.518539
[2]: 113.327965 110.547218
[2]: 139.689117 134.731308
[2]: 126.364342 128.129013
[2]: 130.981094 128.245911
[2]: 128.233978 127.429680
[2]: 143.741364 138.496155
[2]: 136.178146 139.684006
[2]: 114.198883 113.443275
[2]: 130.096924 127.135452
[2]: 122.856323 124.797455
[2]: 141.394409 138.723526
[2]: 131.694214 133.459930
[2]: 125.654327 125.272705
[2]: 135.343277 135.293442
[2]: 68.268845 65.784409
[2]: 129.859833 129.016022
[2]: 117.726288 119.544388
[2]: 129.149658 133.068817
[2]: 144.983566 147.640793
[2]: 140.783249 141.478622
[2]: 136.607025 139.224625
[2]: 122.202629 126.101822
[2]: 115.770721 117.467316
[2]: 127.232552 123.222893
[2]: 141.488953 134.566696
[2]: 117.123810 115.749451
[2]: 187.028641 185.221008
[2]: 115.487915 116.251648
[2]: 115.701958 119.924103
[2]: 126.823853 129.219360
[2]: 119.795769 117.000946
[1]: 124.435265 128.119431
[1]: 126.022057 127.085365
[1]: 136.218262 138.588684
[1]: 195.582352 196.701096
[1]: 128.496063 124.882744
[1]: 127.885963 126.589851
[1]: 126.182396 127.520775
[1]: 126.707695 125.776955
[1]: 139.348587 135.945038
[1]: 128.695145 128.774384
[1]: 120.969055 121.223595
[1]: 129.116302 130.355347
[1]: 129.162750 127.189369
[1]: 133.181931 133.771347
[1]: 133.151993 134.994461
[1]: 118.258011 115.955643
[1]: 134.611816 133.870193
[1]: 191.817841 189.189835
[1]: 132.786499 133.630386
[1]: 122.490532 121.501595
[1]: 125.744560 127.343491
[1]: 135.743011 136.867630
[1]: 140.021667 138.707809
[1]: 134.113419 133.487091
[1]: 129.365189 127.920479
[1]: 119.186768 118.500977
[1]: 122.164551 121.096909
[1]: 136.165558 133.531693
[1]: 127.482735 124.190376
[1]: 131.550781 136.132538
[1]: 119.676590 119.258438
[1]: 117.413986 114.421143
[1]: 126.122925 129.160599
[1]: 130.843796 127.881966
[0]: 124.891190 126.266235
[0]: 117.632103 119.448997
[0]: 117.247887 117.767067
[0]: 91.521843 94.563217
[0]: 115.437042 119.525703
[0]: 129.795883 129.356827
[0]: 121.578682 121.754150
[0]: 123.861870 124.167999
[0]: 103.972305 107.717949
[0]: 121.032570 115.856255
[0]: 151.454742 154.528778
[0]: 124.158813 128.513840
[0]: 131.248230 130.990067
[0]: 105.238052 105.974785
[0]: 117.011108 113.605309
[0]: 130.063766 130.784378
[0]: 116.268654 114.381691
[0]: 155.970764 154.016876
[0]: 124.307205 124.586594
[0]: 141.321823 140.149719
[0]: 127.129501 121.869347
[0]: 105.662453 98.722694
[0]: 105.882210 106.623848
[0]: 112.333275 106.929794
[0]: 126.447815 124.086990
[0]: 147.295670 146.551971
[0]: 128.576889 136.020737
[0]: 112.386185 119.560143
[0]: 138.924698 145.473328
[0]: 185.904358 185.198227
[0]: 143.981277 143.846756
[0]: 146.401062 144.074341
[0]: 127.767845 123.141724
[0]: 137.356873 140.824356
