[4]: 129.636475 132.432159
[4]: 125.549690 126.836334
[4]: 117.418175 117.904129
[4]: 177.598969 173.930054
[4]: 122.749001 124.594322
[4]: 126.245476 126.765602
[4]: 122.789711 122.387993
[4]: 125.597855 126.389420
[4]: 110.674065 111.252876
[4]: 124.915215 123.659187
[4]: 136.178467 133.923080
[4]: 129.407364 128.397034
[4]: 126.791634 127.930695
[4]: 121.644814 122.162163
[4]: 122.192902 123.592026
[4]: 131.296204 132.753708
[4]: 118.265266 118.670052
[4]: 67.940933 67.263580
[4]: 127.764946 125.855522
[4]: 130.504013 131.628586
[4]: 130.539352 130.921097
[4]: 114.327293 113.843704
[4]: 115.274567 117.078583
[4]: 125.937569 123.219727
[4]: 129.642975 128.845459
[4]: 133.672546 137.093811
[4]: 130.687454 133.075012
[4]: 118.009132 118.086906
[4]: 128.973160 129.906662
[4]: 76.715576 74.227898
[4]: 134.531570 133.324158
[4]: 143.775131 140.945679
[4]: 130.612442 131.868683
[4]: 127.109154 128.115768
[3]: 131.402328 129.667557
[3]: 129.109177 129.926086
[3]: 127.089638 127.448074
[3]: 61.473362 60.540619
[3]: 131.142609 131.771637
[3]: 126.692787 126.479179
[3]: 135.792618 135.141663
[3]: 130.613113 130.633560
[3]: 133.885117 135.352875
[3]: 124.812073 125.978561
[3]: 120.092339 119.108917
[3]: 127.632492 127.657806
[3]: 128.680969 128.203644
[3]: 132.460388 132.660767
[3]: 128.728302 129.234131
[3]: 132.384186 131.750046
[3]: 131.834152 132.714172
[3]: 154.177505 155.685638
[3]: 124.124306 124.603302
[3]: 124.005020 122.442459
[3]: 126.604614 124.990410
[3]: 135.729004 136.959061
[3]: 132.478073 132.554504
[3]: 127.164146 128.384995
[3]: 129.473434 129.326920
[3]: 122.547562 120.673088
[3]: 128.679428 128.321609
[3]: 128.940094 128.891006
[3]: 126.945107 125.635117
[3]: 62.572266 64.354279
[3]: 129.458542 128.957504
[3]: 116.972824 117.774368
[3]: 125.914528 124.986511
[3]: 121.960159 121.671371
[2]: 130.805557 127.894775
[2]: 135.982452 136.264862
[2]: 138.348694 137.254089
[2]: 110.295235 113.327965
[2]: 142.804123 139.689117
[2]: 127.292854 126.364342
[2]: 131.543045 130.981094
[2]: 129.728836 128.233978
[2]: 145.196182 143.741364
[2]: 135.649323 136.178146
[2]: 112.096184 114.198883
[2]: 129.027878 130.096924
[2]: 124.618828 122.856323
[2]: 139.892059 141.394409
[2]: 131.685623 131.694214
[2]: 127.926689 125.654327
[2]: 136.046387 135.343277
[2]: 68.386421 68.268845
[2]: 127.489037 129.859833
[2]: 118.359329 117.726288
[2]: 130.253937 129.149658
[2]: 144.282608 144.983566
[2]: 142.890869 140.783249
[2]: 133.042252 136.607025
[2]: 122.231056 122.202629
[2]: 117.828751 115.770721
[2]: 130.077362 127.232552
[2]: 142.668152 141.488953
[2]: 117.683243 117.123810
[2]: 184.671799 187.028641
[2]: 114.004845 115.487915
[2]: 114.123589 115.701958
[2]: 127.715408 126.823853
[2]: 122.868225 119.795769
[1]: 124.317383 124.435265
[1]: 128.047546 126.022057
[1]: 137.579834 136.218262
[1]: 195.142105 195.582352
[1]: 129.863800 128.496063
[1]: 128.431976 127.885963
[1]: 125.570274 126.182396
[1]: 126.520241 126.707695
[1]: 140.213821 139.348587
[1]: 128.179626 128.695145
[1]: 120.073265 120.969055
[1]: 129.268906 129.116302
[1]: 129.659622 129.162750
[1]: 133.852310 133.181931
[1]: 134.240768 133.151993
[1]: 118.419472 118.258011
[1]: 135.542221 134.611816
[1]: 191.417526 191.817841
[1]: 132.017639 132.786499
[1]: 122.326317 122.490532
[1]: 125.320801 125.744560
[1]: 136.573074 135.743011
[1]: 140.298889 140.021667
[1]: 133.405563 134.113419
[1]: 128.485901 129.365189
[1]: 121.358246 119.186768
[1]: 123.053223 122.164551
[1]: 135.158340 136.165558
[1]: 127.996506 127.482735
[1]: 133.053604 131.550781
[1]: 119.344650 119.676590
[1]: 116.661331 117.413986
[1]: 125.941887 126.122925
[1]: 131.238052 130.843796
[0]: 122.956589 124.891190
[0]: 117.840469 117.632103
[0]: 115.206825 117.247887
[0]: 91.115341 91.521843
[0]: 112.993111 115.437042
[0]: 128.528732 129.795883
[0]: 120.290726 121.578682
[0]: 123.246620 123.861870
[0]: 103.121368 103.972305
[0]: 122.005943 121.032570
[0]: 151.643890 151.454742
[0]: 124.055817 124.158813
[0]: 129.520035 131.248230
[0]: 106.527611 105.238052
[0]: 117.696274 117.011108
[0]: 128.355591 130.063766
[0]: 115.583771 116.268654
[0]: 156.514252 155.970764
[0]: 126.170387 124.307205
[0]: 140.556549 141.321823
[0]: 125.073219 127.129501
[0]: 105.813850 105.662453
[0]: 104.863380 105.882210
[0]: 115.181580 112.333275
[0]: 126.376945 126.447815
[0]: 144.665344 147.295670
[0]: 126.757347 128.576889
[0]: 111.915154 112.386185
[0]: 137.475845 138.924698
[0]: 186.339569 185.904358
[0]: 144.364807 143.981277
[0]: 147.298813 146.401062
[0]: 127.404167 127.767845
[0]: 134.506683 137.356873
