[4]: 133.533997 132.432159
[4]: 125.961197 126.836334
[4]: 116.655914 117.904129
[4]: 172.665909 173.930054
[4]: 126.707619 124.594322
[4]: 126.858017 126.765602
[4]: 122.257042 122.387993
[4]: 128.132462 126.389420
[4]: 114.364555 111.252876
[4]: 123.351646 123.659187
[4]: 135.418701 133.923080
[4]: 128.529831 128.397034
[4]: 128.879745 127.930695
[4]: 122.189674 122.162163
[4]: 124.788055 123.592026
[4]: 134.508270 132.753708
[4]: 120.624039 118.670052
[4]: 67.674248 67.263580
[4]: 125.719818 125.855522
[4]: 130.435074 131.628586
[4]: 129.704163 130.921097
[4]: 113.465057 113.843704
[4]: 116.951599 117.078583
[4]: 121.950813 123.219727
[4]: 128.176926 128.845459
[4]: 136.679291 137.093811
[4]: 135.431213 133.075012
[4]: 118.457581 118.086906
[4]: 130.411377 129.906662
[4]: 72.592873 74.227898
[4]: 134.200058 133.324158
[4]: 139.045090 140.945679
[4]: 132.040146 131.868683
[4]: 130.624039 128.115768
[3]: 126.751549 129.667557
[3]: 129.088089 129.926086
[3]: 127.442932 127.448074
[3]: 60.874519 60.540619
[3]: 131.966599 131.771637
[3]: 127.363846 126.479179
[3]: 135.213257 135.141663
[3]: 129.524597 130.633560
[3]: 134.129623 135.352875
[3]: 126.162560 125.978561
[3]: 116.868576 119.108917
[3]: 126.212860 127.657806
[3]: 127.534378 128.203644
[3]: 132.697952 132.660767
[3]: 128.938202 129.234131
[3]: 130.580612 131.750046
[3]: 132.993896 132.714172
[3]: 158.988815 155.685638
[3]: 123.580299 124.603302
[3]: 124.145737 122.442459
[3]: 126.194557 124.990410
[3]: 138.185791 136.959061
[3]: 131.698822 132.554504
[3]: 130.930298 128.384995
[3]: 130.296021 129.326920
[3]: 121.097862 120.673088
[3]: 125.784950 128.321609
[3]: 129.619492 128.891006
[3]: 126.017052 125.635117
[3]: 65.446922 64.354279
[3]: 129.062424 128.957504
[3]: 121.196587 117.774368
[3]: 125.643280 124.986511
[3]: 121.029884 121.671371
[2]: 126.956406 127.894775
[2]: 137.098831 136.264862
[2]: 136.675781 137.254089
[2]: 111.557343 113.327965
[2]: 138.145538 139.689117
[2]: 126.228264 126.364342
[2]: 128.871277 130.981094
[2]: 128.225235 128.233978
[2]: 141.131592 143.741364
[2]: 137.876862 136.178146
[2]: 113.968994 114.198883
[2]: 128.707016 130.096924
[2]: 122.493744 122.856323
[2]: 140.428146 141.394409
[2]: 131.665970 131.694214
[2]: 125.361763 125.654327
[2]: 133.364304 135.343277
[2]: 66.933052 68.268845
[2]: 131.003433 129.859833
[2]: 117.898544 117.726288
[2]: 131.122498 129.149658
[2]: 145.345657 144.983566
[2]: 141.954407 140.783249
[2]: 137.927551 136.607025
[2]: 123.584045 122.202629
[2]: 115.776917 115.770721
[2]: 125.527061 127.232552
[2]: 140.251450 141.488953
[2]: 116.408707 117.123810
[2]: 185.720093 187.028641
[2]: 115.751892 115.487915
[2]: 116.477722 115.701958
[2]: 126.300148 126.823853
[2]: 118.310753 119.795769
[1]: 126.447250 124.435265
[1]: 127.101143 126.022057
[1]: 137.424622 136.218262
[1]: 196.270935 195.582352
[1]: 127.190704 128.496063
[1]: 127.403404 127.885963
[1]: 126.485970 126.182396
[1]: 125.888054 126.707695
[1]: 137.802841 139.348587
[1]: 128.213242 128.695145
[1]: 120.402626 120.969055
[1]: 130.575134 129.116302
[1]: 128.350067 129.162750
[1]: 133.413437 133.181931
[1]: 132.735367 133.151993
[1]: 118.512245 118.258011
[1]: 133.907333 134.611816
[1]: 190.607864 191.817841
[1]: 133.325897 132.786499
[1]: 123.085052 122.490532
[1]: 125.981339 125.744560
[1]: 136.995880 135.743011
[1]: 139.815750 140.021667
[1]: 133.551575 134.113419
[1]: 128.715225 129.365189
[1]: 119.285156 119.186768
[1]: 121.339264 122.164551
[1]: 135.222961 136.165558
[1]: 126.161629 127.482735
[1]: 133.428055 131.550781
[1]: 118.741432 119.676590
[1]: 116.148178 117.413986
[1]: 125.838219 126.122925
[1]: 129.082947 130.843796
[0]: 125.635719 124.891190
[0]: 117.341866 117.632103
[0]: 117.864670 117.247887
[0]: 92.572792 91.521843
[0]: 115.946640 115.437042
[0]: 129.423752 129.795883
[0]: 123.608910 121.578682
[0]: 124.084564 123.861870
[0]: 106.360489 103.972305
[0]: 119.822426 121.032570
[0]: 153.313507 151.454742
[0]: 125.448837 124.158813
[0]: 132.270142 131.248230
[0]: 105.799072 105.238052
[0]: 116.448669 117.011108
[0]: 129.488571 130.063766
[0]: 116.709595 116.268654
[0]: 155.378586 155.970764
[0]: 123.705971 124.307205
[0]: 139.995697 141.321823
[0]: 124.702271 127.129501
[0]: 102.864838 105.662453
[0]: 105.796829 105.882210
[0]: 109.994568 112.333275
[0]: 125.325661 126.447815
[0]: 147.265671 147.295670
[0]: 131.533401 128.576889
[0]: 113.475739 112.386185
[0]: 140.269974 138.924698
[0]: 186.447037 185.904358
[0]: 143.790024 143.981277
[0]: 145.331528 146.401062
[0]: 127.700371 127.767845
[0]: 138.929840 137.356873
