[4]: 132.432159 133.520920
[4]: 126.836334 129.077118
[4]: 117.904129 123.350533
[4]: 173.930054 138.632874
[4]: 124.594322 127.540382
[4]: 126.765602 127.023415
[4]: 122.387993 127.621269
[4]: 126.389420 128.968811
[4]: 111.252876 124.823235
[4]: 123.659187 126.330826
[4]: 133.923080 122.173836
[4]: 128.397034 127.843643
[4]: 127.930695 126.967468
[4]: 122.162163 127.279022
[4]: 123.592026 130.805176
[4]: 132.753708 129.505493
[4]: 118.670052 122.654121
[4]: 67.263580 68.069275
[4]: 125.855522 126.648827
[4]: 131.628586 128.660751
[4]: 130.921097 126.870117
[4]: 113.843704 128.184418
[4]: 117.078583 125.899719
[4]: 123.219727 126.352516
[4]: 128.845459 128.931808
[4]: 137.093811 128.361511
[4]: 133.075012 131.372421
[4]: 118.086906 124.634727
[4]: 129.906662 127.161072
[4]: 74.227898 58.504467
[4]: 133.324158 128.424530
[4]: 140.945679 128.924667
[4]: 131.868683 128.450363
[4]: 128.115768 127.260460
[3]: 129.667557 129.260025
[3]: 129.926086 126.574379
[3]: 127.448074 127.876511
[3]: 60.540619 58.668499
[3]: 131.771637 131.166992
[3]: 126.479179 129.437454
[3]: 135.141663 127.327530
[3]: 130.633560 129.485382
[3]: 135.352875 128.434250
[3]: 125.978561 123.947083
[3]: 119.108917 126.736069
[3]: 127.657806 126.949265
[3]: 128.203644 127.057327
[3]: 132.660767 125.853798
[3]: 129.234131 125.893341
[3]: 131.750046 128.839722
[3]: 132.714172 128.184204
[3]: 155.685638 188.967941
[3]: 124.603302 125.936081
[3]: 122.442459 130.466888
[3]: 124.990410 127.089897
[3]: 136.959061 129.616547
[3]: 132.554504 126.376801
[3]: 128.384995 129.152985
[3]: 129.326920 129.426392
[3]: 120.673088 130.031479
[3]: 128.321609 124.989380
[3]: 128.891006 126.552818
[3]: 125.635117 129.310959
[3]: 64.354279 116.668312
[3]: 128.957504 130.322739
[3]: 117.774368 125.145630
[3]: 124.986511 127.784821
[3]: 121.671371 126.575920
[2]: 127.894775 123.061150
[2]: 136.264862 128.109589
[2]: 137.254089 127.407982
[2]: 113.327965 115.083786
[2]: 139.689117 127.990211
[2]: 126.364342 127.328270
[2]: 130.981094 126.731171
[2]: 128.233978 126.090332
[2]: 143.741364 126.736954
[2]: 136.178146 133.294647
[2]: 114.198883 132.600342
[2]: 130.096924 128.454773
[2]: 122.856323 129.842285
[2]: 141.394409 127.604408
[2]: 131.694214 123.139664
[2]: 125.654327 128.249634
[2]: 135.343277 129.921173
[2]: 68.268845 69.264191
[2]: 129.859833 127.281227
[2]: 117.726288 124.415230
[2]: 129.149658 131.440536
[2]: 144.983566 125.052383
[2]: 140.783249 128.477402
[2]: 136.607025 125.873940
[2]: 122.202629 122.717628
[2]: 115.770721 126.255417
[2]: 127.232552 126.557686
[2]: 141.488953 127.980675
[2]: 117.123810 126.420700
[2]: 187.028641 196.347214
[2]: 115.487915 128.155746
[2]: 115.701958 130.156830
[2]: 126.823853 126.295784
[2]: 119.795769 124.694489
[1]: 124.435265 125.757050
[1]: 126.022057 126.100876
[1]: 136.218262 130.934113
[1]: 195.582352 198.513321
[1]: 128.496063 126.008339
[1]: 127.885963 125.890648
[1]: 126.182396 127.751678
[1]: 126.707695 124.317123
[1]: 139.348587 128.504395
[1]: 128.695145 125.120346
[1]: 120.969055 128.683914
[1]: 129.116302 128.517654
[1]: 129.162750 127.490303
[1]: 133.181931 128.343506
[1]: 133.151993 128.613815
[1]: 118.258011 123.936172
[1]: 134.611816 130.142456
[1]: 191.817841 186.002258
[1]: 132.786499 130.305481
[1]: 122.490532 124.013191
[1]: 125.744560 124.853470
[1]: 135.743011 128.355270
[1]: 140.021667 129.757431
[1]: 134.113419 127.284660
[1]: 129.365189 128.036407
[1]: 119.186768 126.067444
[1]: 122.164551 128.470001
[1]: 136.165558 131.444382
[1]: 127.482735 127.745087
[1]: 131.550781 138.334000
[1]: 119.676590 125.242760
[1]: 117.413986 124.999550
[1]: 126.122925 127.463852
[1]: 130.843796 131.184616
[0]: 124.891190 0.001353
[0]: 117.632103 0.001263
[0]: 117.247887 0.001263
[0]: 91.521843 0.000998
[0]: 115.437042 0.001263
[0]: 129.795883 0.001396
[0]: 121.578682 0.001333
[0]: 123.861870 0.001344
[0]: 103.972305 0.001150
[0]: 121.032570 0.001285
[0]: 151.454742 0.001658
[0]: 124.158813 0.001353
[0]: 131.248230 0.001419
[0]: 105.238052 0.001140
[0]: 117.011108 0.001252
[0]: 130.063766 0.001396
[0]: 116.268654 0.001255
[0]: 155.970764 0.001672
[0]: 124.307205 0.001334
[0]: 141.321823 0.001502
[0]: 127.129501 0.001337
[0]: 105.662453 0.001097
[0]: 105.882210 0.001138
[0]: 112.333275 0.001183
[0]: 126.447815 0.001346
[0]: 147.295670 0.001587
[0]: 128.576889 0.001419
[0]: 112.386185 0.001234
[0]: 138.924698 0.001518
[0]: 185.904358 0.002007
[0]: 143.981277 0.001540
[0]: 146.401062 0.001564
[0]: 127.767845 0.001370
[0]: 137.356873 0.001507
