[4]: 133.540009 132.432159
[4]: 125.613976 126.836334
[4]: 116.526070 117.904129
[4]: 172.360352 173.930054
[4]: 127.190926 124.594322
[4]: 127.168480 126.765602
[4]: 122.666191 122.387993
[4]: 128.186905 126.389420
[4]: 115.186913 111.252876
[4]: 123.032059 123.659187
[4]: 136.002686 133.923080
[4]: 128.484253 128.397034
[4]: 129.035599 127.930695
[4]: 122.133743 122.162163
[4]: 124.251259 123.592026
[4]: 135.076324 132.753708
[4]: 121.352081 118.670052
[4]: 68.258904 67.263580
[4]: 125.404854 125.855522
[4]: 129.734726 131.628586
[4]: 129.388474 130.921097
[4]: 112.499130 113.843704
[4]: 116.984795 117.078583
[4]: 122.454948 123.219727
[4]: 127.859406 128.845459
[4]: 136.913284 137.093811
[4]: 135.748978 133.075012
[4]: 119.131615 118.086906
[4]: 131.091843 129.906662
[4]: 71.579315 74.227898
[4]: 133.983612 133.324158
[4]: 138.671082 140.945679
[4]: 131.616959 131.868683
[4]: 131.704941 128.115768
[3]: 126.488358 129.667557
[3]: 129.498123 129.926086
[3]: 127.985542 127.448074
[3]: 61.027355 60.540619
[3]: 131.533768 131.771637
[3]: 127.438332 126.479179
[3]: 135.234253 135.141663
[3]: 129.327499 130.633560
[3]: 134.456848 135.352875
[3]: 126.398705 125.978561
[3]: 116.487648 119.108917
[3]: 126.384163 127.657806
[3]: 127.014694 128.203644
[3]: 132.340714 132.660767
[3]: 128.630997 129.234131
[3]: 130.779190 131.750046
[3]: 133.267227 132.714172
[3]: 159.621155 155.685638
[3]: 123.362358 124.603302
[3]: 123.916992 122.442459
[3]: 126.614899 124.990410
[3]: 138.965454 136.959061
[3]: 131.509064 132.554504
[3]: 130.742065 128.384995
[3]: 130.679855 129.326920
[3]: 121.233231 120.673088
[3]: 126.099190 128.321609
[3]: 129.408554 128.891006
[3]: 125.467171 125.635117
[3]: 65.983589 64.354279
[3]: 129.385956 128.957504
[3]: 121.393311 117.774368
[3]: 125.415901 124.986511
[3]: 120.313347 121.671371
[2]: 127.130516 127.894775
[2]: 136.554565 136.264862
[2]: 136.237976 137.254089
[2]: 112.338142 113.327965
[2]: 137.367462 139.689117
[2]: 125.834618 126.364342
[2]: 128.107224 130.981094
[2]: 128.462952 128.233978
[2]: 140.072433 143.741364
[2]: 138.197632 136.178146
[2]: 113.948570 114.198883
[2]: 128.219040 130.096924
[2]: 122.894997 122.856323
[2]: 140.508362 141.394409
[2]: 132.086136 131.694214
[2]: 125.223236 125.654327
[2]: 132.607651 135.343277
[2]: 66.195099 68.268845
[2]: 131.129089 129.859833
[2]: 119.268799 117.726288
[2]: 131.570007 129.149658
[2]: 146.035263 144.983566
[2]: 142.131226 140.783249
[2]: 137.857193 136.607025
[2]: 123.872734 122.202629
[2]: 115.821304 115.770721
[2]: 124.848328 127.232552
[2]: 138.961731 141.488953
[2]: 115.952293 117.123810
[2]: 185.399246 187.028641
[2]: 116.292259 115.487915
[2]: 117.016403 115.701958
[2]: 127.145340 126.823853
[2]: 117.812981 119.795769
[1]: 126.610008 124.435265
[1]: 127.516975 126.022057
[1]: 137.869202 136.218262
[1]: 195.991882 195.582352
[1]: 127.020523 128.496063
[1]: 127.250687 127.885963
[1]: 126.543510 126.182396
[1]: 125.534378 126.707695
[1]: 137.344803 139.348587
[1]: 128.316162 128.695145
[1]: 120.004211 120.969055
[1]: 130.834457 129.116302
[1]: 128.630768 129.162750
[1]: 133.696320 133.181931
[1]: 133.242096 133.151993
[1]: 117.828842 118.258011
[1]: 133.585037 134.611816
[1]: 190.745956 191.817841
[1]: 133.776550 132.786499
[1]: 123.141731 122.490532
[1]: 125.878090 125.744560
[1]: 136.930466 135.743011
[1]: 139.778656 140.021667
[1]: 133.332703 134.113419
[1]: 128.459839 129.365189
[1]: 118.846092 119.186768
[1]: 121.335831 122.164551
[1]: 135.403961 136.165558
[1]: 126.297508 127.482735
[1]: 134.076721 131.550781
[1]: 118.806053 119.676590
[1]: 115.738312 117.413986
[1]: 125.976120 126.122925
[1]: 128.607895 130.843796
[0]: 125.551132 124.891190
[0]: 117.318100 117.632103
[0]: 117.349976 117.247887
[0]: 92.625839 91.521843
[0]: 116.835899 115.437042
[0]: 129.609955 129.795883
[0]: 123.873642 121.578682
[0]: 124.355331 123.861870
[0]: 106.658493 103.972305
[0]: 119.369408 121.032570
[0]: 153.678955 151.454742
[0]: 125.558212 124.158813
[0]: 131.970978 131.248230
[0]: 105.747192 105.238052
[0]: 116.329071 117.011108
[0]: 129.535065 130.063766
[0]: 116.749176 116.268654
[0]: 155.313187 155.970764
[0]: 123.654518 124.307205
[0]: 139.531433 141.321823
[0]: 124.178963 127.129501
[0]: 102.242096 105.662453
[0]: 105.725517 105.882210
[0]: 109.887115 112.333275
[0]: 125.240891 126.447815
[0]: 147.387711 147.295670
[0]: 131.583435 128.576889
[0]: 114.091469 112.386185
[0]: 140.570999 138.924698
[0]: 186.389450 185.904358
[0]: 143.081268 143.981277
[0]: 145.461655 146.401062
[0]: 127.348244 127.767845
[0]: 139.700119 137.356873
