[4]: 132.432159 137.044525
[4]: 126.836334 125.033295
[4]: 117.904129 114.774712
[4]: 173.930054 169.507263
[4]: 124.594322 125.765610
[4]: 126.765602 126.017273
[4]: 122.387993 121.746918
[4]: 126.389420 128.777771
[4]: 111.252876 111.255516
[4]: 123.659187 123.394501
[4]: 133.923080 134.567490
[4]: 128.397034 130.719742
[4]: 127.930695 128.754608
[4]: 122.162163 124.377701
[4]: 123.592026 123.920380
[4]: 132.753708 132.370087
[4]: 118.670052 118.582253
[4]: 67.263580 67.763329
[4]: 125.855522 126.654335
[4]: 131.628586 130.082993
[4]: 130.921097 129.856140
[4]: 113.843704 112.494934
[4]: 117.078583 115.455986
[4]: 123.219727 122.999763
[4]: 128.845459 128.838318
[4]: 137.093811 133.472870
[4]: 133.075012 133.543777
[4]: 118.086906 116.366707
[4]: 129.906662 131.278763
[4]: 74.227898 71.220337
[4]: 133.324158 135.112991
[4]: 140.945679 136.123917
[4]: 131.868683 130.284332
[4]: 128.115768 126.649551
[3]: 129.667557 121.711311
[3]: 129.926086 128.937363
[3]: 127.448074 129.134659
[3]: 60.540619 61.476994
[3]: 131.771637 131.446106
[3]: 126.479179 126.914040
[3]: 135.141663 135.987320
[3]: 130.633560 127.728569
[3]: 135.352875 137.285370
[3]: 125.978561 125.985420
[3]: 119.108917 117.562325
[3]: 127.657806 123.341866
[3]: 128.203644 127.427200
[3]: 132.660767 131.482117
[3]: 129.234131 129.055069
[3]: 131.750046 131.829025
[3]: 132.714172 134.101089
[3]: 155.685638 161.745193
[3]: 124.603302 123.595177
[3]: 122.442459 122.861649
[3]: 124.990410 125.818314
[3]: 136.959061 141.613464
[3]: 132.554504 133.540741
[3]: 128.384995 130.366287
[3]: 129.326920 130.141266
[3]: 120.673088 124.030334
[3]: 128.321609 125.910889
[3]: 128.891006 131.086517
[3]: 125.635117 124.505592
[3]: 64.354279 66.890640
[3]: 128.957504 129.327850
[3]: 117.774368 123.052551
[3]: 124.986511 126.513077
[3]: 121.671371 123.858101
[2]: 127.894775 124.245880
[2]: 136.264862 137.818863
[2]: 137.254089 138.249481
[2]: 113.327965 115.314545
[2]: 139.689117 138.915024
[2]: 126.364342 129.622620
[2]: 130.981094 130.756760
[2]: 128.233978 126.090889
[2]: 143.741364 143.056839
[2]: 136.178146 136.390488
[2]: 114.198883 112.670425
[2]: 130.096924 124.503998
[2]: 122.856323 123.092644
[2]: 141.394409 138.784409
[2]: 131.694214 131.922546
[2]: 125.654327 126.048683
[2]: 135.343277 139.857559
[2]: 68.268845 66.325417
[2]: 129.859833 127.905914
[2]: 117.726288 120.529739
[2]: 129.149658 130.797684
[2]: 144.983566 147.283218
[2]: 140.783249 144.209671
[2]: 136.607025 135.828064
[2]: 122.202629 121.862427
[2]: 115.770721 118.764671
[2]: 127.232552 127.808395
[2]: 141.488953 143.119339
[2]: 117.123810 115.887688
[2]: 187.028641 184.244049
[2]: 115.487915 113.899757
[2]: 115.701958 121.563072
[2]: 126.823853 128.263947
[2]: 119.795769 124.401199
[1]: 124.435265 125.526230
[1]: 126.022057 127.732849
[1]: 136.218262 137.050003
[1]: 195.582352 196.881866
[1]: 128.496063 127.108917
[1]: 127.885963 127.699135
[1]: 126.182396 126.196556
[1]: 126.707695 125.210617
[1]: 139.348587 137.682541
[1]: 128.695145 128.436432
[1]: 120.969055 121.394196
[1]: 129.116302 128.883942
[1]: 129.162750 128.217224
[1]: 133.181931 132.059143
[1]: 133.151993 131.594666
[1]: 118.258011 119.919197
[1]: 134.611816 135.050156
[1]: 191.817841 191.015060
[1]: 132.786499 131.826721
[1]: 122.490532 123.138718
[1]: 125.744560 126.030495
[1]: 135.743011 135.293106
[1]: 140.021667 137.982712
[1]: 134.113419 133.840775
[1]: 129.365189 128.623093
[1]: 119.186768 123.009682
[1]: 122.164551 122.786232
[1]: 136.165558 135.812973
[1]: 127.482735 127.108917
[1]: 131.550781 134.659119
[1]: 119.676590 120.777481
[1]: 117.413986 116.886246
[1]: 126.122925 126.102852
[1]: 130.843796 131.151093
[0]: 124.891190 131.262741
[0]: 117.632103 117.040886
[0]: 117.247887 116.671608
[0]: 91.521843 88.842773
[0]: 115.437042 116.834892
[0]: 129.795883 126.841133
[0]: 121.578682 121.676628
[0]: 123.861870 128.445862
[0]: 103.972305 104.255371
[0]: 121.032570 121.314537
[0]: 151.454742 153.855072
[0]: 124.158813 132.590958
[0]: 131.248230 132.019669
[0]: 105.238052 107.939362
[0]: 117.011108 118.191963
[0]: 130.063766 128.274780
[0]: 116.268654 109.358803
[0]: 155.970764 151.938324
[0]: 124.307205 127.593468
[0]: 141.321823 138.940750
[0]: 127.129501 125.247314
[0]: 105.662453 99.913895
[0]: 105.882210 104.877251
[0]: 112.333275 111.312714
[0]: 126.447815 126.716393
[0]: 147.295670 140.238129
[0]: 128.576889 129.436417
[0]: 112.386185 110.302841
[0]: 138.924698 140.497742
[0]: 185.904358 186.631409
[0]: 143.981277 142.358627
[0]: 146.401062 140.297729
[0]: 127.767845 126.248009
[0]: 137.356873 131.219162
