[4]: 132.442734 132.432159
[4]: 126.842674 126.836334
[4]: 117.838707 117.904129
[4]: 173.893326 173.930054
[4]: 124.696999 124.594322
[4]: 126.727348 126.765602
[4]: 122.263374 122.387993
[4]: 126.394234 126.389420
[4]: 111.176430 111.252876
[4]: 123.648170 123.659187
[4]: 134.009827 133.923080
[4]: 128.388916 128.397034
[4]: 127.909485 127.930695
[4]: 122.277084 122.162163
[4]: 123.850838 123.592026
[4]: 132.761505 132.753708
[4]: 118.598953 118.670052
[4]: 67.277245 67.263580
[4]: 125.672745 125.855522
[4]: 131.703964 131.628586
[4]: 130.810104 130.921097
[4]: 113.845688 113.843704
[4]: 117.132835 117.078583
[4]: 123.307999 123.219727
[4]: 128.973526 128.845459
[4]: 137.075531 137.093811
[4]: 133.114685 133.075012
[4]: 118.043114 118.086906
[4]: 129.935242 129.906662
[4]: 74.234047 74.227898
[4]: 133.279068 133.324158
[4]: 140.804550 140.945679
[4]: 131.913528 131.868683
[4]: 128.185867 128.115768
[3]: 129.803665 129.667557
[3]: 130.002579 129.926086
[3]: 127.377380 127.448074
[3]: 60.609749 60.540619
[3]: 131.887283 131.771637
[3]: 126.501091 126.479179
[3]: 135.197037 135.141663
[3]: 130.686661 130.633560
[3]: 135.460770 135.352875
[3]: 125.924805 125.978561
[3]: 118.998047 119.108917
[3]: 127.730034 127.657806
[3]: 128.240952 128.203644
[3]: 132.578781 132.660767
[3]: 129.099609 129.234131
[3]: 131.875580 131.750046
[3]: 132.829803 132.714172
[3]: 155.678543 155.685638
[3]: 124.688927 124.603302
[3]: 122.444931 122.442459
[3]: 125.030807 124.990410
[3]: 137.026917 136.959061
[3]: 132.564194 132.554504
[3]: 128.316223 128.384995
[3]: 129.371994 129.326920
[3]: 120.637054 120.673088
[3]: 128.291031 128.321609
[3]: 128.939865 128.891006
[3]: 125.695709 125.635117
[3]: 64.308189 64.354279
[3]: 129.017319 128.957504
[3]: 117.843994 117.774368
[3]: 124.847191 124.986511
[3]: 121.614975 121.671371
[2]: 127.792694 127.894775
[2]: 136.220383 136.264862
[2]: 137.361176 137.254089
[2]: 113.268166 113.327965
[2]: 139.569427 139.689117
[2]: 126.238098 126.364342
[2]: 130.972244 130.981094
[2]: 128.175964 128.233978
[2]: 143.729523 143.741364
[2]: 136.209061 136.178146
[2]: 114.298317 114.198883
[2]: 130.046585 130.096924
[2]: 122.854591 122.856323
[2]: 141.437180 141.394409
[2]: 131.679901 131.694214
[2]: 125.559303 125.654327
[2]: 135.266495 135.343277
[2]: 68.311478 68.268845
[2]: 129.941620 129.859833
[2]: 117.603333 117.726288
[2]: 129.225815 129.149658
[2]: 144.971283 144.983566
[2]: 140.671448 140.783249
[2]: 136.617538 136.607025
[2]: 122.028954 122.202629
[2]: 115.791977 115.770721
[2]: 127.172127 127.232552
[2]: 141.535934 141.488953
[2]: 117.097076 117.123810
[2]: 187.080475 187.028641
[2]: 115.560738 115.487915
[2]: 115.806969 115.701958
[2]: 126.837364 126.823853
[2]: 119.848450 119.795769
[1]: 124.397926 124.435265
[1]: 126.046143 126.022057
[1]: 136.264328 136.218262
[1]: 195.589218 195.582352
[1]: 128.524048 128.496063
[1]: 127.917297 127.885963
[1]: 126.236572 126.182396
[1]: 126.709717 126.707695
[1]: 139.449295 139.348587
[1]: 128.688370 128.695145
[1]: 120.969757 120.969055
[1]: 129.123550 129.116302
[1]: 129.126205 129.162750
[1]: 133.146774 133.181931
[1]: 133.071091 133.151993
[1]: 118.217323 118.258011
[1]: 134.591934 134.611816
[1]: 191.805130 191.817841
[1]: 132.773865 132.786499
[1]: 122.544083 122.490532
[1]: 125.802948 125.744560
[1]: 135.728668 135.743011
[1]: 140.036713 140.021667
[1]: 134.111938 134.113419
[1]: 129.338531 129.365189
[1]: 119.166962 119.186768
[1]: 122.172501 122.164551
[1]: 136.133133 136.165558
[1]: 127.453659 127.482735
[1]: 131.608704 131.550781
[1]: 119.633797 119.676590
[1]: 117.429420 117.413986
[1]: 126.039284 126.122925
[1]: 130.818375 130.843796
[0]: 124.879028 124.891190
[0]: 117.561081 117.632103
[0]: 117.232109 117.247887
[0]: 91.480377 91.521843
[0]: 115.296654 115.437042
[0]: 129.914505 129.795883
[0]: 121.607422 121.578682
[0]: 123.859879 123.861870
[0]: 103.844322 103.972305
[0]: 121.076256 121.032570
[0]: 151.374115 151.454742
[0]: 124.133026 124.158813
[0]: 131.273743 131.248230
[0]: 105.195862 105.238052
[0]: 116.983841 117.011108
[0]: 130.064468 130.063766
[0]: 116.326668 116.268654
[0]: 155.992386 155.970764
[0]: 124.335129 124.307205
[0]: 141.310165 141.321823
[0]: 127.055908 127.129501
[0]: 105.619987 105.662453
[0]: 105.918358 105.882210
[0]: 112.302299 112.333275
[0]: 126.476616 126.447815
[0]: 147.350769 147.295670
[0]: 128.621445 128.576889
[0]: 112.365646 112.386185
[0]: 138.889542 138.924698
[0]: 185.823883 185.904358
[0]: 143.935883 143.981277
[0]: 146.340851 146.401062
[0]: 127.946053 127.767845
[0]: 137.309570 137.356873
