[4]: 90.907875 132.432159
[4]: 129.938858 126.836334
[4]: 127.518654 117.904129
[4]: 178.959915 173.930054
[4]: 134.831909 124.594322
[4]: 130.216080 126.765602
[4]: 127.397476 122.387993
[4]: 133.299286 126.389420
[4]: 131.077560 111.252876
[4]: 132.564041 123.659187
[4]: 125.119835 133.923080
[4]: 125.905602 128.397034
[4]: 125.491455 127.930695
[4]: 138.422562 122.162163
[4]: 126.942566 123.592026
[4]: 131.637131 132.753708
[4]: 131.556549 118.670052
[4]: 59.081600 67.263580
[4]: 130.595963 125.855522
[4]: 126.983246 131.628586
[4]: 133.857346 130.921097
[4]: 134.628723 113.843704
[4]: 135.160507 117.078583
[4]: 135.556458 123.219727
[4]: 125.760086 128.845459
[4]: 121.445053 137.093811
[4]: 126.145096 133.075012
[4]: 130.608505 118.086906
[4]: 120.552338 129.906662
[4]: 125.054993 74.227898
[4]: 125.073853 133.324158
[4]: 167.592163 140.945679
[4]: 130.455322 131.868683
[4]: 118.333893 128.115768
[3]: 170.911194 129.667557
[3]: 126.374863 129.926086
[3]: 125.055626 127.448074
[3]: 87.200119 60.540619
[3]: 129.647522 131.771637
[3]: 127.637047 126.479179
[3]: 128.386505 135.141663
[3]: 128.098434 130.633560
[3]: 126.414680 135.352875
[3]: 125.155685 125.978561
[3]: 125.990173 119.108917
[3]: 128.479599 127.657806
[3]: 127.322754 128.203644
[3]: 127.706917 132.660767
[3]: 127.147354 129.234131
[3]: 130.145340 131.750046
[3]: 126.963501 132.714172
[3]: 126.969749 155.685638
[3]: 126.507645 124.603302
[3]: 126.540108 122.442459
[3]: 126.663910 124.990410
[3]: 128.043198 136.959061
[3]: 127.424240 132.554504
[3]: 127.414352 128.384995
[3]: 128.371017 129.326920
[3]: 125.064079 120.673088
[3]: 128.882767 128.321609
[3]: 127.170387 128.891006
[3]: 128.800598 125.635117
[3]: 62.867413 64.354279
[3]: 129.237259 128.957504
[3]: 83.458397 117.774368
[3]: 128.429840 124.986511
[3]: 125.242210 121.671371
[2]: 169.218948 127.894775
[2]: 129.155930 136.264862
[2]: 130.107620 137.254089
[2]: 84.560303 113.327965
[2]: 129.044266 139.689117
[2]: 128.632599 126.364342
[2]: 127.448242 130.981094
[2]: 129.511261 128.233978
[2]: 128.603043 143.741364
[2]: 130.199203 136.178146
[2]: 125.929825 114.198883
[2]: 127.903778 130.096924
[2]: 129.441025 122.856323
[2]: 130.841888 141.394409
[2]: 128.375351 131.694214
[2]: 126.016037 125.654327
[2]: 131.673889 135.343277
[2]: 128.543076 68.268845
[2]: 130.644272 129.859833
[2]: 126.356461 117.726288
[2]: 129.750366 129.149658
[2]: 128.669708 144.983566
[2]: 130.439102 140.783249
[2]: 129.741150 136.607025
[2]: 125.174950 122.202629
[2]: 127.597412 115.770721
[2]: 125.452751 127.232552
[2]: 128.440353 141.488953
[2]: 124.501129 117.123810
[2]: 191.837372 187.028641
[2]: 125.884232 115.487915
[2]: 84.409805 115.701958
[2]: 127.758652 126.823853
[2]: 126.373230 119.795769
[1]: 85.904747 124.435265
[1]: 128.520096 126.022057
[1]: 136.860046 136.218262
[1]: 181.451004 195.582352
[1]: 135.757965 128.496063
[1]: 127.904213 127.885963
[1]: 128.395477 126.182396
[1]: 132.708115 126.707695
[1]: 131.986069 139.348587
[1]: 128.301376 128.695145
[1]: 117.779335 120.969055
[1]: 126.158318 129.116302
[1]: 134.673706 129.162750
[1]: 137.876984 133.181931
[1]: 132.859604 133.151993
[1]: 121.897026 118.258011
[1]: 143.440170 134.611816
[1]: 192.629364 191.817841
[1]: 137.817032 132.786499
[1]: 122.425896 122.490532
[1]: 126.711044 125.744560
[1]: 131.446304 135.743011
[1]: 138.726913 140.021667
[1]: 137.851089 134.113419
[1]: 126.133392 129.365189
[1]: 120.159378 119.186768
[1]: 119.838844 122.164551
[1]: 133.435211 136.165558
[1]: 123.599289 127.482735
[1]: 121.049133 131.550781
[1]: 125.035568 119.676590
[1]: 159.612595 117.413986
[1]: 129.559555 126.122925
[1]: 122.047188 130.843796
[0]: 86.079872 124.891190
[0]: 121.881088 117.632103
[0]: 114.558441 117.247887
[0]: 133.080780 91.521843
[0]: 105.686691 115.437042
[0]: 120.661491 129.795883
[0]: 124.043877 121.578682
[0]: 106.746544 123.861870
[0]: 114.353699 103.972305
[0]: 116.996284 121.032570
[0]: 148.635727 151.454742
[0]: 132.050171 124.158813
[0]: 120.506241 131.248230
[0]: 92.083023 105.238052
[0]: 117.795250 117.011108
[0]: 128.043869 130.063766
[0]: 97.242996 116.268654
[0]: 137.418274 155.970764
[0]: 106.898636 124.307205
[0]: 133.966019 141.321823
[0]: 118.170998 127.129501
[0]: 112.130722 105.662453
[0]: 99.027222 105.882210
[0]: 97.581619 112.333275
[0]: 132.380463 126.447815
[0]: 150.222290 147.295670
[0]: 142.546631 128.576889
[0]: 115.786812 112.386185
[0]: 145.673874 138.924698
[0]: 141.460449 185.904358
[0]: 137.433014 143.981277
[0]: 181.239960 146.401062
[0]: 118.875351 127.767845
[0]: 151.876587 137.356873
