[4]: 88.560776 132.432159
[4]: 128.453812 126.836334
[4]: 126.340065 117.904129
[4]: 173.237000 173.930054
[4]: 129.191696 124.594322
[4]: 128.150772 126.765602
[4]: 127.502052 122.387993
[4]: 127.846771 126.389420
[4]: 128.975769 111.252876
[4]: 128.995956 123.659187
[4]: 128.161377 133.923080
[4]: 128.732269 128.397034
[4]: 126.001984 127.930695
[4]: 129.791473 122.162163
[4]: 127.152542 123.592026
[4]: 130.506027 132.753708
[4]: 126.071655 118.670052
[4]: 62.117439 67.263580
[4]: 125.529358 125.855522
[4]: 127.197372 131.628586
[4]: 129.631668 130.921097
[4]: 129.028061 113.843704
[4]: 128.379074 117.078583
[4]: 128.691483 123.219727
[4]: 127.924515 128.845459
[4]: 126.589722 137.093811
[4]: 127.058990 133.075012
[4]: 128.284836 118.086906
[4]: 125.315765 129.906662
[4]: 124.918358 74.227898
[4]: 126.729469 133.324158
[4]: 171.074600 140.945679
[4]: 128.657272 131.868683
[4]: 123.361008 128.115768
[3]: 170.396118 129.667557
[3]: 127.644295 129.926086
[3]: 126.938408 127.448074
[3]: 89.144676 60.540619
[3]: 128.997131 131.771637
[3]: 128.400192 126.479179
[3]: 129.830811 135.141663
[3]: 127.322792 130.633560
[3]: 127.946655 135.352875
[3]: 125.003105 125.978561
[3]: 124.326424 119.108917
[3]: 128.110016 127.657806
[3]: 127.807732 128.203644
[3]: 129.012711 132.660767
[3]: 127.665405 129.234131
[3]: 130.701569 131.750046
[3]: 128.177216 132.714172
[3]: 125.935913 155.685638
[3]: 127.731087 124.603302
[3]: 125.666161 122.442459
[3]: 127.425697 124.990410
[3]: 127.335884 136.959061
[3]: 125.785263 132.554504
[3]: 128.464966 128.384995
[3]: 130.563477 129.326920
[3]: 122.430313 120.673088
[3]: 127.107445 128.321609
[3]: 128.018463 128.891006
[3]: 127.681900 125.635117
[3]: 57.219051 64.354279
[3]: 130.333542 128.957504
[3]: 80.998032 117.774368
[3]: 129.050766 124.986511
[3]: 125.334747 121.671371
[2]: 167.295242 127.894775
[2]: 130.953384 136.264862
[2]: 131.000687 137.254089
[2]: 95.449280 113.327965
[2]: 129.547958 139.689117
[2]: 125.706139 126.364342
[2]: 133.704758 130.981094
[2]: 135.492676 128.233978
[2]: 142.272034 143.741364
[2]: 132.097031 136.178146
[2]: 115.126747 114.198883
[2]: 133.236679 130.096924
[2]: 134.139999 122.856323
[2]: 139.639008 141.394409
[2]: 137.371048 131.694214
[2]: 127.268906 125.654327
[2]: 133.318726 135.343277
[2]: 125.606079 68.268845
[2]: 128.732559 129.859833
[2]: 119.082909 117.726288
[2]: 125.329292 129.149658
[2]: 134.066711 144.983566
[2]: 134.912064 140.783249
[2]: 144.221954 136.607025
[2]: 129.934509 122.202629
[2]: 122.060989 115.770721
[2]: 116.661697 127.232552
[2]: 129.076584 141.488953
[2]: 120.782898 117.123810
[2]: 185.904099 187.028641
[2]: 118.235641 115.487915
[2]: 72.486099 115.701958
[2]: 138.587631 126.823853
[2]: 112.649658 119.795769
[1]: 83.480385 124.435265
[1]: 127.635780 126.022057
[1]: 131.400162 136.218262
[1]: 175.127396 195.582352
[1]: 128.199127 128.496063
[1]: 125.750961 127.885963
[1]: 129.361908 126.182396
[1]: 127.849655 126.707695
[1]: 131.323853 139.348587
[1]: 127.228188 128.695145
[1]: 123.134483 120.969055
[1]: 127.448303 129.116302
[1]: 131.000702 129.162750
[1]: 129.249252 133.181931
[1]: 130.235352 133.151993
[1]: 124.077911 118.258011
[1]: 131.970657 134.611816
[1]: 191.893799 191.817841
[1]: 130.273178 132.786499
[1]: 123.363235 122.490532
[1]: 123.469643 125.744560
[1]: 129.076431 135.743011
[1]: 129.286377 140.021667
[1]: 132.402542 134.113419
[1]: 129.948273 129.365189
[1]: 125.317398 119.186768
[1]: 124.447044 122.164551
[1]: 129.132172 136.165558
[1]: 127.978729 127.482735
[1]: 122.704216 131.550781
[1]: 126.586296 119.676590
[1]: 164.099106 117.413986
[1]: 130.431595 126.122925
[1]: 126.507759 130.843796
[0]: 149.450806 124.891190
[0]: 120.808830 117.632103
[0]: 118.593445 117.247887
[0]: 74.763115 91.521843
[0]: 123.501350 115.437042
[0]: 129.688690 129.795883
[0]: 111.965324 121.578682
[0]: 114.292725 123.861870
[0]: 96.393265 103.972305
[0]: 121.020493 121.032570
[0]: 154.566757 151.454742
[0]: 120.292839 124.158813
[0]: 117.674736 131.248230
[0]: 101.264580 105.238052
[0]: 107.832359 117.011108
[0]: 124.600204 130.063766
[0]: 115.649292 116.268654
[0]: 138.545029 155.970764
[0]: 124.590858 124.307205
[0]: 144.035919 141.321823
[0]: 133.927612 127.129501
[0]: 116.253998 105.662453
[0]: 116.967796 105.882210
[0]: 92.137016 112.333275
[0]: 113.532875 126.447815
[0]: 148.386963 147.295670
[0]: 150.228668 128.576889
[0]: 121.765480 112.386185
[0]: 139.887863 138.924698
[0]: 168.080170 185.904358
[0]: 141.887070 143.981277
[0]: 136.520493 146.401062
[0]: 104.159645 127.767845
[0]: 157.819412 137.356873
