[4]: 145.188126 132.432159
[4]: 123.430000 126.836334
[4]: 122.480324 117.904129
[4]: 159.387375 173.930054
[4]: 128.246078 124.594322
[4]: 120.156395 126.765602
[4]: 127.223503 122.387993
[4]: 120.531265 126.389420
[4]: 116.465454 111.252876
[4]: 123.246300 123.659187
[4]: 138.859085 133.923080
[4]: 133.334381 128.397034
[4]: 126.196129 127.930695
[4]: 135.728302 122.162163
[4]: 126.325760 123.592026
[4]: 142.036606 132.753708
[4]: 119.602943 118.670052
[4]: 63.823700 67.263580
[4]: 126.747978 125.855522
[4]: 129.698410 131.628586
[4]: 127.076714 130.921097
[4]: 108.510826 113.843704
[4]: 121.955009 117.078583
[4]: 124.098900 123.219727
[4]: 129.177750 128.845459
[4]: 122.296173 137.093811
[4]: 141.793884 133.075012
[4]: 124.777336 118.086906
[4]: 124.474762 129.906662
[4]: 76.011131 74.227898
[4]: 138.538437 133.324158
[4]: 135.319885 140.945679
[4]: 124.009377 131.868683
[4]: 127.614532 128.115768
[3]: 122.230240 129.667557
[3]: 130.867538 129.926086
[3]: 121.461380 127.448074
[3]: 80.203079 60.540619
[3]: 139.004013 131.771637
[3]: 133.480438 126.479179
[3]: 141.071426 135.141663
[3]: 132.117661 130.633560
[3]: 127.901733 135.352875
[3]: 125.649078 125.978561
[3]: 94.931190 119.108917
[3]: 119.045250 127.657806
[3]: 126.198494 128.203644
[3]: 123.363686 132.660767
[3]: 128.300934 129.234131
[3]: 144.956970 131.750046
[3]: 133.925629 132.714172
[3]: 173.221573 155.685638
[3]: 115.127151 124.603302
[3]: 121.344299 122.442459
[3]: 127.713303 124.990410
[3]: 150.148666 136.959061
[3]: 127.963997 132.554504
[3]: 135.814346 128.384995
[3]: 142.943130 129.326920
[3]: 131.435852 120.673088
[3]: 127.782684 128.321609
[3]: 123.109558 128.891006
[3]: 113.737114 125.635117
[3]: 77.214119 64.354279
[3]: 125.261574 128.957504
[3]: 126.731956 117.774368
[3]: 118.022911 124.986511
[3]: 130.265915 121.671371
[2]: 116.340981 127.894775
[2]: 137.853729 136.264862
[2]: 132.353958 137.254089
[2]: 105.701538 113.327965
[2]: 135.708359 139.689117
[2]: 133.238983 126.364342
[2]: 123.244972 130.981094
[2]: 137.283035 128.233978
[2]: 141.759323 143.741364
[2]: 139.820267 136.178146
[2]: 110.849731 114.198883
[2]: 120.550270 130.096924
[2]: 127.380119 122.856323
[2]: 125.252800 141.394409
[2]: 129.402527 131.694214
[2]: 111.921646 125.654327
[2]: 131.658478 135.343277
[2]: 66.713737 68.268845
[2]: 130.282730 129.859833
[2]: 122.492554 117.726288
[2]: 133.817184 129.149658
[2]: 150.562393 144.983566
[2]: 135.960938 140.783249
[2]: 135.249039 136.607025
[2]: 121.078354 122.202629
[2]: 130.344055 115.770721
[2]: 113.645744 127.232552
[2]: 132.196472 141.488953
[2]: 124.248039 117.123810
[2]: 177.889557 187.028641
[2]: 115.665695 115.487915
[2]: 120.019875 115.701958
[2]: 136.218643 126.823853
[2]: 120.517342 119.795769
[1]: 137.961243 124.435265
[1]: 125.251213 126.022057
[1]: 135.757767 136.218262
[1]: 186.508179 195.582352
[1]: 122.311165 128.496063
[1]: 122.618851 127.885963
[1]: 120.574677 126.182396
[1]: 121.221764 126.707695
[1]: 143.744171 139.348587
[1]: 134.106064 128.695145
[1]: 132.391098 120.969055
[1]: 136.208984 129.116302
[1]: 126.247414 129.162750
[1]: 139.360031 133.181931
[1]: 143.920395 133.151993
[1]: 108.705582 118.258011
[1]: 137.939407 134.611816
[1]: 184.965454 191.817841
[1]: 140.816910 132.786499
[1]: 132.023712 122.490532
[1]: 130.632767 125.744560
[1]: 136.760117 135.743011
[1]: 138.859634 140.021667
[1]: 130.548950 134.113419
[1]: 120.642235 129.365189
[1]: 110.479210 119.186768
[1]: 116.069824 122.164551
[1]: 133.921921 136.165558
[1]: 132.611404 127.482735
[1]: 135.226944 131.550781
[1]: 120.939323 119.676590
[1]: 114.863350 117.413986
[1]: 141.478073 126.122925
[1]: 112.324997 130.843796
[0]: 116.769325 124.891190
[0]: 119.288010 117.632103
[0]: 124.681419 117.247887
[0]: 103.393242 91.521843
[0]: 114.707573 115.437042
[0]: 127.838371 129.795883
[0]: 124.934944 121.578682
[0]: 124.759727 123.861870
[0]: 104.516220 103.972305
[0]: 111.933586 121.032570
[0]: 162.212158 151.454742
[0]: 130.665451 124.158813
[0]: 133.570999 131.248230
[0]: 111.433495 105.238052
[0]: 106.538307 117.011108
[0]: 130.927124 130.063766
[0]: 115.226517 116.268654
[0]: 159.403519 155.970764
[0]: 124.305161 124.307205
[0]: 129.016739 141.321823
[0]: 117.876167 127.129501
[0]: 91.470192 105.662453
[0]: 112.555122 105.882210
[0]: 109.092155 112.333275
[0]: 122.684647 126.447815
[0]: 144.893921 147.295670
[0]: 140.455246 128.576889
[0]: 123.901649 112.386185
[0]: 144.221680 138.924698
[0]: 173.147018 185.904358
[0]: 140.402161 143.981277
[0]: 140.168259 146.401062
[0]: 116.890099 127.767845
[0]: 147.704514 137.356873
