[4]: 132.432159 93.581612
[4]: 126.836334 132.160477
[4]: 117.904129 126.734924
[4]: 173.930054 182.436783
[4]: 124.594322 138.972321
[4]: 126.765602 126.952782
[4]: 122.387993 126.235542
[4]: 126.389420 135.431213
[4]: 111.252876 131.467636
[4]: 123.659187 130.016266
[4]: 133.923080 125.235016
[4]: 128.397034 124.296196
[4]: 127.930695 123.245094
[4]: 122.162163 142.667999
[4]: 123.592026 126.940498
[4]: 132.753708 126.910172
[4]: 118.670052 131.396194
[4]: 67.263580 59.258179
[4]: 125.855522 132.243332
[4]: 131.628586 128.953232
[4]: 130.921097 134.591248
[4]: 113.843704 135.517059
[4]: 117.078583 133.472061
[4]: 123.219727 135.912827
[4]: 128.845459 125.977982
[4]: 137.093811 118.160477
[4]: 133.075012 126.375069
[4]: 118.086906 131.026886
[4]: 129.906662 122.005569
[4]: 74.227898 125.930504
[4]: 133.324158 124.486740
[4]: 140.945679 166.125107
[4]: 131.868683 131.871353
[4]: 128.115768 118.091423
[3]: 129.667557 170.798233
[3]: 129.926086 126.475784
[3]: 127.448074 124.864243
[3]: 60.540619 87.043144
[3]: 131.771637 129.358444
[3]: 126.479179 127.028465
[3]: 135.141663 128.455948
[3]: 130.633560 128.557892
[3]: 135.352875 127.122810
[3]: 125.978561 125.076828
[3]: 119.108917 126.152496
[3]: 127.657806 128.638840
[3]: 128.203644 127.471405
[3]: 132.660767 127.579788
[3]: 129.234131 127.022217
[3]: 131.750046 129.536057
[3]: 132.714172 127.015587
[3]: 155.685638 127.222824
[3]: 124.603302 126.579018
[3]: 122.442459 126.558090
[3]: 124.990410 126.438240
[3]: 136.959061 127.671494
[3]: 132.554504 127.265327
[3]: 128.384995 127.068008
[3]: 129.326920 127.810020
[3]: 120.673088 125.267838
[3]: 128.321609 128.847702
[3]: 128.891006 127.188179
[3]: 125.635117 128.696091
[3]: 64.354279 63.163704
[3]: 128.957504 128.942291
[3]: 117.774368 83.503281
[3]: 124.986511 128.244400
[3]: 121.671371 125.370171
[2]: 127.894775 169.371323
[2]: 136.264862 129.085129
[2]: 137.254089 129.472595
[2]: 113.327965 83.698708
[2]: 139.689117 128.688293
[2]: 126.364342 128.194870
[2]: 130.981094 126.869698
[2]: 128.233978 128.100952
[2]: 143.741364 127.137337
[2]: 136.178146 129.104980
[2]: 114.198883 126.783066
[2]: 130.096924 127.505074
[2]: 122.856323 128.619507
[2]: 141.394409 129.368912
[2]: 131.694214 127.909203
[2]: 125.654327 126.026100
[2]: 135.343277 129.819260
[2]: 68.268845 129.173462
[2]: 129.859833 129.760345
[2]: 117.726288 126.904907
[2]: 129.149658 129.402634
[2]: 144.983566 128.014191
[2]: 140.783249 128.901917
[2]: 136.607025 128.429764
[2]: 122.202629 125.812286
[2]: 115.770721 128.099976
[2]: 127.232552 126.213486
[2]: 141.488953 127.994339
[2]: 117.123810 125.944092
[2]: 187.028641 191.952545
[2]: 115.487915 126.840538
[2]: 115.701958 85.423454
[2]: 126.823853 127.578949
[2]: 119.795769 127.743103
[1]: 124.435265 87.882126
[1]: 126.022057 128.321594
[1]: 136.218262 136.125046
[1]: 195.582352 182.291931
[1]: 128.496063 139.797363
[1]: 127.885963 123.918694
[1]: 126.182396 126.381760
[1]: 126.707695 133.381210
[1]: 139.348587 128.694641
[1]: 128.695145 125.376862
[1]: 120.969055 117.348907
[1]: 129.116302 123.605721
[1]: 129.162750 133.499817
[1]: 133.181931 140.326767
[1]: 133.151993 131.626312
[1]: 118.258011 120.369598
[1]: 134.611816 140.437119
[1]: 191.817841 194.198181
[1]: 132.786499 138.747101
[1]: 122.490532 124.377220
[1]: 125.744560 125.239929
[1]: 135.743011 128.911530
[1]: 140.021667 137.174408
[1]: 134.113419 137.269424
[1]: 129.365189 124.670959
[1]: 119.186768 117.133034
[1]: 122.164551 120.484299
[1]: 136.165558 134.837662
[1]: 127.482735 125.564247
[1]: 131.550781 124.359985
[1]: 119.676590 126.730217
[1]: 117.413986 160.503174
[1]: 126.122925 129.561340
[1]: 130.843796 122.507439
[0]: 124.891190 76.807068
[0]: 117.632103 119.739273
[0]: 117.247887 118.524033
[0]: 91.521843 135.865707
[0]: 115.437042 98.420998
[0]: 129.795883 131.544189
[0]: 121.578682 128.843719
[0]: 123.861870 106.211578
[0]: 103.972305 119.907738
[0]: 121.032570 126.250374
[0]: 151.454742 146.095596
[0]: 124.158813 137.084396
[0]: 131.248230 126.064240
[0]: 105.238052 88.983078
[0]: 117.011108 120.744339
[0]: 130.063766 136.697571
[0]: 116.268654 105.828949
[0]: 155.970764 131.058090
[0]: 124.307205 106.389847
[0]: 141.321823 127.916580
[0]: 127.129501 120.681503
[0]: 105.662453 116.909355
[0]: 105.882210 107.624275
[0]: 112.333275 102.554108
[0]: 126.447815 133.441147
[0]: 147.295670 155.162750
[0]: 128.576889 139.411728
[0]: 112.386185 115.141197
[0]: 138.924698 138.128159
[0]: 185.904358 134.056259
[0]: 143.981277 134.432312
[0]: 146.401062 183.305557
[0]: 127.767845 118.329811
[0]: 137.356873 147.484268
