[4]: 133.474213 132.432159
[4]: 126.300621 126.836334
[4]: 116.742851 117.904129
[4]: 172.725677 173.930054
[4]: 126.558556 124.594322
[4]: 126.357567 126.765602
[4]: 122.275421 122.387993
[4]: 127.988815 126.389420
[4]: 113.426399 111.252876
[4]: 123.208084 123.659187
[4]: 134.787827 133.923080
[4]: 128.894699 128.397034
[4]: 129.087662 127.930695
[4]: 122.885406 122.162163
[4]: 125.128853 123.592026
[4]: 134.295898 132.753708
[4]: 120.337090 118.670052
[4]: 67.489090 67.263580
[4]: 125.358040 125.855522
[4]: 130.790817 131.628586
[4]: 130.071045 130.921097
[4]: 113.486412 113.843704
[4]: 117.222496 117.078583
[4]: 121.933372 123.219727
[4]: 127.790741 128.845459
[4]: 137.010468 137.093811
[4]: 135.431839 133.075012
[4]: 118.229263 118.086906
[4]: 130.919739 129.906662
[4]: 72.992043 74.227898
[4]: 134.086243 133.324158
[4]: 139.132309 140.945679
[4]: 131.937302 131.868683
[4]: 130.001572 128.115768
[3]: 126.994080 129.667557
[3]: 129.054947 129.926086
[3]: 127.320213 127.448074
[3]: 60.931484 60.540619
[3]: 132.051529 131.771637
[3]: 127.619141 126.479179
[3]: 135.035309 135.141663
[3]: 129.976379 130.633560
[3]: 134.546341 135.352875
[3]: 126.221451 125.978561
[3]: 117.380157 119.108917
[3]: 126.192764 127.657806
[3]: 127.317719 128.203644
[3]: 132.218491 132.660767
[3]: 128.785797 129.234131
[3]: 130.465973 131.750046
[3]: 132.950897 132.714172
[3]: 158.831009 155.685638
[3]: 123.988701 124.603302
[3]: 124.137657 122.442459
[3]: 125.837013 124.990410
[3]: 137.901703 136.959061
[3]: 131.814560 132.554504
[3]: 130.572998 128.384995
[3]: 130.153397 129.326920
[3]: 121.048248 120.673088
[3]: 126.117081 128.321609
[3]: 129.567459 128.891006
[3]: 125.304855 125.635117
[3]: 65.269234 64.354279
[3]: 129.231277 128.957504
[3]: 121.302986 117.774368
[3]: 125.662720 124.986511
[3]: 121.493645 121.671371
[2]: 126.759308 127.894775
[2]: 137.207382 136.264862
[2]: 136.751724 137.254089
[2]: 111.546814 113.327965
[2]: 138.434494 139.689117
[2]: 126.526840 126.364342
[2]: 129.043457 130.981094
[2]: 128.268097 128.233978
[2]: 141.664078 143.741364
[2]: 138.094910 136.178146
[2]: 114.116074 114.198883
[2]: 128.255798 130.096924
[2]: 122.506470 122.856323
[2]: 140.319855 141.394409
[2]: 131.545288 131.694214
[2]: 125.325294 125.654327
[2]: 133.682465 135.343277
[2]: 67.124939 68.268845
[2]: 130.760910 129.859833
[2]: 117.421234 117.726288
[2]: 131.186539 129.149658
[2]: 145.282547 144.983566
[2]: 141.909012 140.783249
[2]: 138.143875 136.607025
[2]: 123.859718 122.202629
[2]: 115.636124 115.770721
[2]: 125.350372 127.232552
[2]: 140.383286 141.488953
[2]: 116.623665 117.123810
[2]: 185.762497 187.028641
[2]: 115.537865 115.487915
[2]: 116.299965 115.701958
[2]: 126.353493 126.823853
[2]: 118.808357 119.795769
[1]: 126.261314 124.435265
[1]: 126.818832 126.022057
[1]: 137.333755 136.218262
[1]: 196.429474 195.582352
[1]: 127.275024 128.496063
[1]: 127.341301 127.885963
[1]: 126.808243 126.182396
[1]: 125.709015 126.707695
[1]: 137.860809 139.348587
[1]: 128.413193 128.695145
[1]: 120.395905 120.969055
[1]: 130.561569 129.116302
[1]: 128.537262 129.162750
[1]: 133.437103 133.181931
[1]: 132.691803 133.151993
[1]: 118.491234 118.258011
[1]: 133.965805 134.611816
[1]: 190.598099 191.817841
[1]: 133.247223 132.786499
[1]: 123.107254 122.490532
[1]: 125.698418 125.744560
[1]: 136.823669 135.743011
[1]: 139.713989 140.021667
[1]: 133.732452 134.113419
[1]: 128.739227 129.365189
[1]: 119.166290 119.186768
[1]: 121.424721 122.164551
[1]: 135.381500 136.165558
[1]: 126.353455 127.482735
[1]: 133.255478 131.550781
[1]: 118.679413 119.676590
[1]: 116.172440 117.413986
[1]: 125.786896 126.122925
[1]: 129.058258 130.843796
[0]: 125.857796 124.891190
[0]: 117.232162 117.632103
[0]: 117.972282 117.247887
[0]: 92.729881 91.521843
[0]: 115.634758 115.437042
[0]: 129.429718 129.795883
[0]: 123.215721 121.578682
[0]: 123.889992 123.861870
[0]: 106.335800 103.972305
[0]: 119.498405 121.032570
[0]: 153.251266 151.454742
[0]: 125.591545 124.158813
[0]: 132.045197 131.248230
[0]: 105.708359 105.238052
[0]: 116.451324 117.011108
[0]: 129.876389 130.063766
[0]: 116.678917 116.268654
[0]: 155.328995 155.970764
[0]: 124.038826 124.307205
[0]: 140.070847 141.321823
[0]: 124.956444 127.129501
[0]: 103.458466 105.662453
[0]: 105.600929 105.882210
[0]: 110.019974 112.333275
[0]: 125.566841 126.447815
[0]: 147.200562 147.295670
[0]: 131.251617 128.576889
[0]: 113.517174 112.386185
[0]: 140.017303 138.924698
[0]: 186.631577 185.904358
[0]: 143.956268 143.981277
[0]: 145.241806 146.401062
[0]: 127.794701 127.767845
[0]: 138.581726 137.356873
