[4]: 133.469620 132.432159
[4]: 126.338463 126.836334
[4]: 116.973747 117.904129
[4]: 172.968842 173.930054
[4]: 126.223000 124.594322
[4]: 126.357018 126.765602
[4]: 121.867249 122.387993
[4]: 127.826721 126.389420
[4]: 112.680649 111.252876
[4]: 123.024979 123.659187
[4]: 134.439804 133.923080
[4]: 128.768677 128.397034
[4]: 128.885086 127.930695
[4]: 122.649010 122.162163
[4]: 125.303650 123.592026
[4]: 134.196426 132.753708
[4]: 119.364708 118.670052
[4]: 67.161377 67.263580
[4]: 125.511818 125.855522
[4]: 131.008560 131.628586
[4]: 130.035370 130.921097
[4]: 113.867325 113.843704
[4]: 117.173592 117.078583
[4]: 122.329735 123.219727
[4]: 127.583344 128.845459
[4]: 137.026886 137.093811
[4]: 135.293579 133.075012
[4]: 117.562096 118.086906
[4]: 130.942108 129.906662
[4]: 73.339813 74.227898
[4]: 134.397934 133.324158
[4]: 139.304672 140.945679
[4]: 131.722443 131.868683
[4]: 129.512527 128.115768
[3]: 127.311333 129.667557
[3]: 129.188629 129.926086
[3]: 127.204659 127.448074
[3]: 60.708374 60.540619
[3]: 132.228363 131.771637
[3]: 127.520844 126.479179
[3]: 135.594193 135.141663
[3]: 129.572220 130.633560
[3]: 134.602020 135.352875
[3]: 126.449516 125.978561
[3]: 117.610382 119.108917
[3]: 126.680382 127.657806
[3]: 127.327911 128.203644
[3]: 132.379532 132.660767
[3]: 128.523499 129.234131
[3]: 130.878082 131.750046
[3]: 133.170013 132.714172
[3]: 157.964645 155.685638
[3]: 123.985847 124.603302
[3]: 123.739113 122.442459
[3]: 125.630722 124.990410
[3]: 137.308594 136.959061
[3]: 131.676468 132.554504
[3]: 130.298813 128.384995
[3]: 130.088837 129.326920
[3]: 120.737465 120.673088
[3]: 126.591385 128.321609
[3]: 129.523193 128.891006
[3]: 125.611870 125.635117
[3]: 64.812935 64.354279
[3]: 129.134674 128.957504
[3]: 120.924767 117.774368
[3]: 125.701965 124.986511
[3]: 121.756393 121.671371
[2]: 126.681755 127.894775
[2]: 137.327164 136.264862
[2]: 136.980957 137.254089
[2]: 111.817802 113.327965
[2]: 138.941742 139.689117
[2]: 126.436356 126.364342
[2]: 129.598953 130.981094
[2]: 127.968597 128.233978
[2]: 141.885468 143.741364
[2]: 137.725037 136.178146
[2]: 114.356102 114.198883
[2]: 128.788483 130.096924
[2]: 122.538536 122.856323
[2]: 140.356979 141.394409
[2]: 131.513351 131.694214
[2]: 125.197815 125.654327
[2]: 134.283173 135.343277
[2]: 67.462982 68.268845
[2]: 130.905792 129.859833
[2]: 116.920776 117.726288
[2]: 130.787918 129.149658
[2]: 145.014267 144.983566
[2]: 141.809113 140.783249
[2]: 138.232162 136.607025
[2]: 123.755318 122.202629
[2]: 115.316971 115.770721
[2]: 125.587868 127.232552
[2]: 140.837494 141.488953
[2]: 116.539017 117.123810
[2]: 185.800186 187.028641
[2]: 115.044075 115.487915
[2]: 116.962624 115.701958
[2]: 126.466324 126.823853
[2]: 119.367020 119.795769
[1]: 126.185600 124.435265
[1]: 126.418709 126.022057
[1]: 136.893127 136.218262
[1]: 196.228378 195.582352
[1]: 127.250618 128.496063
[1]: 127.546112 127.885963
[1]: 126.393600 126.182396
[1]: 126.927307 126.707695
[1]: 138.322220 139.348587
[1]: 128.888245 128.695145
[1]: 120.844315 120.969055
[1]: 130.153366 129.116302
[1]: 128.942963 129.162750
[1]: 133.493027 133.181931
[1]: 132.790527 133.151993
[1]: 118.219467 118.258011
[1]: 134.066498 134.611816
[1]: 190.756042 191.817841
[1]: 132.838806 132.786499
[1]: 123.317421 122.490532
[1]: 125.777588 125.744560
[1]: 136.372284 135.743011
[1]: 139.760147 140.021667
[1]: 133.266586 134.113419
[1]: 129.212646 129.365189
[1]: 119.601982 119.186768
[1]: 121.546112 122.164551
[1]: 135.262482 136.165558
[1]: 126.273788 127.482735
[1]: 132.240082 131.550781
[1]: 118.739769 119.676590
[1]: 116.171341 117.413986
[1]: 125.885384 126.122925
[1]: 129.299210 130.843796
[0]: 125.738411 124.891190
[0]: 117.365776 117.632103
[0]: 117.960091 117.247887
[0]: 92.499832 91.521843
[0]: 115.303726 115.437042
[0]: 129.398209 129.795883
[0]: 122.906197 121.578682
[0]: 123.513733 123.861870
[0]: 106.223221 103.972305
[0]: 119.274376 121.032570
[0]: 152.633713 151.454742
[0]: 125.063766 124.158813
[0]: 131.773605 131.248230
[0]: 105.668556 105.238052
[0]: 116.456146 117.011108
[0]: 130.079987 130.063766
[0]: 116.679626 116.268654
[0]: 155.475021 155.970764
[0]: 124.113373 124.307205
[0]: 140.602982 141.321823
[0]: 125.584709 127.129501
[0]: 104.394699 105.662453
[0]: 105.762444 105.882210
[0]: 110.273514 112.333275
[0]: 125.469963 126.447815
[0]: 147.449615 147.295670
[0]: 130.572784 128.576889
[0]: 113.834709 112.386185
[0]: 139.849045 138.924698
[0]: 186.853851 185.904358
[0]: 144.274796 143.981277
[0]: 144.860275 146.401062
[0]: 127.791626 127.767845
[0]: 137.930908 137.356873
