[4]: 133.819412 132.432159
[4]: 126.422935 126.836334
[4]: 116.583366 117.904129
[4]: 172.379150 173.930054
[4]: 126.361031 124.594322
[4]: 126.206978 126.765602
[4]: 122.151451 122.387993
[4]: 128.146103 126.389420
[4]: 113.252579 111.252876
[4]: 123.184608 123.659187
[4]: 134.763718 133.923080
[4]: 128.577225 128.397034
[4]: 129.149643 127.930695
[4]: 122.899422 122.162163
[4]: 124.880836 123.592026
[4]: 134.425934 132.753708
[4]: 120.089867 118.670052
[4]: 67.481850 67.263580
[4]: 125.221550 125.855522
[4]: 131.091278 131.628586
[4]: 129.910065 130.921097
[4]: 113.546745 113.843704
[4]: 117.312515 117.078583
[4]: 122.145386 123.219727
[4]: 127.534454 128.845459
[4]: 137.146652 137.093811
[4]: 135.605179 133.075012
[4]: 118.123970 118.086906
[4]: 130.872482 129.906662
[4]: 72.805153 74.227898
[4]: 134.002045 133.324158
[4]: 138.977402 140.945679
[4]: 132.076004 131.868683
[4]: 129.992752 128.115768
[3]: 127.007408 129.667557
[3]: 129.108749 129.926086
[3]: 127.519196 127.448074
[3]: 60.985878 60.540619
[3]: 131.964737 131.771637
[3]: 127.507957 126.479179
[3]: 135.130371 135.141663
[3]: 129.722260 130.633560
[3]: 134.712433 135.352875
[3]: 126.257294 125.978561
[3]: 117.249260 119.108917
[3]: 126.262207 127.657806
[3]: 127.047279 128.203644
[3]: 132.089096 132.660767
[3]: 128.937592 129.234131
[3]: 130.446793 131.750046
[3]: 132.872360 132.714172
[3]: 159.122559 155.685638
[3]: 123.943596 124.603302
[3]: 123.821968 122.442459
[3]: 125.970901 124.990410
[3]: 137.912628 136.959061
[3]: 131.736694 132.554504
[3]: 130.405838 128.384995
[3]: 130.356369 129.326920
[3]: 121.154236 120.673088
[3]: 126.160324 128.321609
[3]: 129.538147 128.891006
[3]: 125.275627 125.635117
[3]: 65.368073 64.354279
[3]: 129.503128 128.957504
[3]: 121.189423 117.774368
[3]: 125.534561 124.986511
[3]: 121.629425 121.671371
[2]: 126.801529 127.894775
[2]: 137.123383 136.264862
[2]: 136.763824 137.254089
[2]: 111.615494 113.327965
[2]: 138.633118 139.689117
[2]: 126.883545 126.364342
[2]: 129.136780 130.981094
[2]: 128.214966 128.233978
[2]: 141.674316 143.741364
[2]: 138.064560 136.178146
[2]: 114.319702 114.198883
[2]: 128.332611 130.096924
[2]: 122.743507 122.856323
[2]: 140.191528 141.394409
[2]: 131.610077 131.694214
[2]: 125.124260 125.654327
[2]: 133.946762 135.343277
[2]: 67.039612 68.268845
[2]: 130.784393 129.859833
[2]: 117.491394 117.726288
[2]: 131.105133 129.149658
[2]: 145.150406 144.983566
[2]: 141.820496 140.783249
[2]: 138.071182 136.607025
[2]: 123.933365 122.202629
[2]: 115.478004 115.770721
[2]: 125.061852 127.232552
[2]: 140.311249 141.488953
[2]: 116.616608 117.123810
[2]: 185.628326 187.028641
[2]: 115.392395 115.487915
[2]: 116.557709 115.701958
[2]: 126.234177 126.823853
[2]: 118.895348 119.795769
[1]: 125.948143 124.435265
[1]: 127.016144 126.022057
[1]: 137.435852 136.218262
[1]: 196.558365 195.582352
[1]: 127.155190 128.496063
[1]: 127.340324 127.885963
[1]: 127.129379 126.182396
[1]: 125.867348 126.707695
[1]: 137.821030 139.348587
[1]: 128.661850 128.695145
[1]: 120.377678 120.969055
[1]: 130.599625 129.116302
[1]: 128.705612 129.162750
[1]: 133.523590 133.181931
[1]: 132.690475 133.151993
[1]: 118.202530 118.258011
[1]: 134.078690 134.611816
[1]: 190.563446 191.817841
[1]: 133.526321 132.786499
[1]: 122.971146 122.490532
[1]: 125.675896 125.744560
[1]: 136.573273 135.743011
[1]: 139.457306 140.021667
[1]: 133.720657 134.113419
[1]: 128.841217 129.365189
[1]: 119.020042 119.186768
[1]: 121.599472 122.164551
[1]: 135.445679 136.165558
[1]: 126.339699 127.482735
[1]: 133.140610 131.550781
[1]: 118.617249 119.676590
[1]: 116.223190 117.413986
[1]: 125.922638 126.122925
[1]: 128.930130 130.843796
[0]: 125.765327 124.891190
[0]: 116.888260 117.632103
[0]: 117.791496 117.247887
[0]: 92.899536 91.521843
[0]: 115.840820 115.437042
[0]: 129.335220 129.795883
[0]: 122.793129 121.578682
[0]: 123.878784 123.861870
[0]: 106.360367 103.972305
[0]: 119.216599 121.032570
[0]: 153.237350 151.454742
[0]: 125.737946 124.158813
[0]: 131.847717 131.248230
[0]: 105.858818 105.238052
[0]: 116.484077 117.011108
[0]: 130.287109 130.063766
[0]: 116.623970 116.268654
[0]: 155.410126 155.970764
[0]: 123.900742 124.307205
[0]: 140.181381 141.321823
[0]: 125.084282 127.129501
[0]: 103.777374 105.662453
[0]: 105.951706 105.882210
[0]: 110.048553 112.333275
[0]: 125.443695 126.447815
[0]: 147.279694 147.295670
[0]: 131.128967 128.576889
[0]: 113.652115 112.386185
[0]: 140.147644 138.924698
[0]: 186.812149 185.904358
[0]: 143.993805 143.981277
[0]: 145.209106 146.401062
[0]: 127.762222 127.767845
[0]: 138.486221 137.356873
