[4]: 133.544418 132.432159
[4]: 126.310753 126.836334
[4]: 116.980408 117.904129
[4]: 173.129913 173.930054
[4]: 126.151970 124.594322
[4]: 126.309326 126.765602
[4]: 122.050606 122.387993
[4]: 127.813690 126.389420
[4]: 112.501427 111.252876
[4]: 123.069878 123.659187
[4]: 134.315125 133.923080
[4]: 128.741989 128.397034
[4]: 128.893723 127.930695
[4]: 122.646652 122.162163
[4]: 125.135155 123.592026
[4]: 133.993103 132.753708
[4]: 119.356201 118.670052
[4]: 67.129921 67.263580
[4]: 125.571228 125.855522
[4]: 131.207169 131.628586
[4]: 130.192734 130.921097
[4]: 113.826775 113.843704
[4]: 117.162994 117.078583
[4]: 122.413467 123.219727
[4]: 127.637054 128.845459
[4]: 136.940994 137.093811
[4]: 135.095016 133.075012
[4]: 117.575668 118.086906
[4]: 130.968033 129.906662
[4]: 73.488815 74.227898
[4]: 134.285538 133.324158
[4]: 139.348511 140.945679
[4]: 131.786240 131.868683
[4]: 129.223343 128.115768
[3]: 127.539925 129.667557
[3]: 129.411896 129.926086
[3]: 127.283180 127.448074
[3]: 60.730900 60.540619
[3]: 132.040817 131.771637
[3]: 127.470009 126.479179
[3]: 135.166336 135.141663
[3]: 129.628448 130.633560
[3]: 134.725113 135.352875
[3]: 126.240166 125.978561
[3]: 117.619926 119.108917
[3]: 126.794632 127.657806
[3]: 127.348633 128.203644
[3]: 132.313370 132.660767
[3]: 128.548370 129.234131
[3]: 131.050293 131.750046
[3]: 133.138031 132.714172
[3]: 157.700241 155.685638
[3]: 123.898018 124.603302
[3]: 123.303436 122.442459
[3]: 125.478928 124.990410
[3]: 137.057007 136.959061
[3]: 131.497849 132.554504
[3]: 130.082657 128.384995
[3]: 129.965988 129.326920
[3]: 120.793228 120.673088
[3]: 126.763123 128.321609
[3]: 129.355133 128.891006
[3]: 125.423866 125.635117
[3]: 64.605774 64.354279
[3]: 129.174789 128.957504
[3]: 120.449600 117.774368
[3]: 125.592163 124.986511
[3]: 122.046371 121.671371
[2]: 126.490517 127.894775
[2]: 137.241470 136.264862
[2]: 137.201874 137.254089
[2]: 111.827835 113.327965
[2]: 139.254303 139.689117
[2]: 126.645638 126.364342
[2]: 129.779877 130.981094
[2]: 127.967255 128.233978
[2]: 142.253586 143.741364
[2]: 137.516251 136.178146
[2]: 114.500954 114.198883
[2]: 128.961121 130.096924
[2]: 122.555527 122.856323
[2]: 140.480804 141.394409
[2]: 131.479202 131.694214
[2]: 125.284096 125.654327
[2]: 134.318039 135.343277
[2]: 67.610901 68.268845
[2]: 130.719162 129.859833
[2]: 117.069710 117.726288
[2]: 130.733032 129.149658
[2]: 144.936981 144.983566
[2]: 141.735016 140.783249
[2]: 138.298203 136.607025
[2]: 123.589470 122.202629
[2]: 115.095764 115.770721
[2]: 125.884956 127.232552
[2]: 140.644836 141.488953
[2]: 116.544853 117.123810
[2]: 185.817963 187.028641
[2]: 114.840904 115.487915
[2]: 117.087479 115.701958
[2]: 126.465981 126.823853
[2]: 119.559593 119.795769
[1]: 126.025497 124.435265
[1]: 126.386963 126.022057
[1]: 136.711929 136.218262
[1]: 196.094864 195.582352
[1]: 127.355347 128.496063
[1]: 127.489418 127.885963
[1]: 126.498566 126.182396
[1]: 127.026428 126.707695
[1]: 138.270630 139.348587
[1]: 129.148880 128.695145
[1]: 120.926918 120.969055
[1]: 130.050842 129.116302
[1]: 128.887161 129.162750
[1]: 133.409592 133.181931
[1]: 132.826172 133.151993
[1]: 118.169342 118.258011
[1]: 134.078278 134.611816
[1]: 190.907227 191.817841
[1]: 132.950165 132.786499
[1]: 123.354340 122.490532
[1]: 125.771988 125.744560
[1]: 136.449509 135.743011
[1]: 139.907700 140.021667
[1]: 133.397812 134.113419
[1]: 129.442917 129.365189
[1]: 119.776024 119.186768
[1]: 121.480667 122.164551
[1]: 135.560181 136.165558
[1]: 126.432693 127.482735
[1]: 132.294815 131.550781
[1]: 118.890648 119.676590
[1]: 116.298454 117.413986
[1]: 125.917618 126.122925
[1]: 129.223434 130.843796
[0]: 125.790901 124.891190
[0]: 117.271935 117.632103
[0]: 117.822662 117.247887
[0]: 92.452278 91.521843
[0]: 115.126434 115.437042
[0]: 129.343521 129.795883
[0]: 122.863434 121.578682
[0]: 123.356911 123.861870
[0]: 105.931160 103.972305
[0]: 119.385406 121.032570
[0]: 152.521194 151.454742
[0]: 124.894249 124.158813
[0]: 131.788239 131.248230
[0]: 105.693130 105.238052
[0]: 116.604980 117.011108
[0]: 130.075363 130.063766
[0]: 116.667725 116.268654
[0]: 155.498108 155.970764
[0]: 124.221291 124.307205
[0]: 140.671936 141.321823
[0]: 125.644890 127.129501
[0]: 104.699402 105.662453
[0]: 105.875793 105.882210
[0]: 110.195709 112.333275
[0]: 125.471756 126.447815
[0]: 147.536560 147.295670
[0]: 130.353729 128.576889
[0]: 113.873222 112.386185
[0]: 139.852356 138.924698
[0]: 186.816483 185.904358
[0]: 144.412872 143.981277
[0]: 145.067642 146.401062
[0]: 127.808838 127.767845
[0]: 137.807816 137.356873
