[4]: 129.735489 132.432159
[4]: 125.916840 126.836334
[4]: 118.183510 117.904129
[4]: 177.081406 173.930054
[4]: 122.669518 124.594322
[4]: 126.543419 126.765602
[4]: 122.523270 122.387993
[4]: 125.227974 126.389420
[4]: 110.859749 111.252876
[4]: 124.892693 123.659187
[4]: 135.551743 133.923080
[4]: 128.744278 128.397034
[4]: 127.103310 127.930695
[4]: 121.331764 122.162163
[4]: 122.988647 123.592026
[4]: 131.919403 132.753708
[4]: 118.136818 118.670052
[4]: 67.663200 67.263580
[4]: 126.519989 125.855522
[4]: 130.778030 131.628586
[4]: 130.417877 130.921097
[4]: 114.621063 113.843704
[4]: 116.425957 117.078583
[4]: 125.523666 123.219727
[4]: 130.565643 128.845459
[4]: 133.967773 137.093811
[4]: 131.407639 133.075012
[4]: 118.159607 118.086906
[4]: 128.925629 129.906662
[4]: 76.419800 74.227898
[4]: 134.301773 133.324158
[4]: 144.187103 140.945679
[4]: 130.608032 131.868683
[4]: 127.394531 128.115768
[3]: 132.004562 129.667557
[3]: 129.252777 129.926086
[3]: 127.181351 127.448074
[3]: 61.259972 60.540619
[3]: 131.168442 131.771637
[3]: 126.355057 126.479179
[3]: 135.714447 135.141663
[3]: 130.765305 130.633560
[3]: 134.853195 135.352875
[3]: 125.132729 125.978561
[3]: 120.709572 119.108917
[3]: 128.306351 127.657806
[3]: 128.243500 128.203644
[3]: 133.323059 132.660767
[3]: 128.672470 129.234131
[3]: 132.250458 131.750046
[3]: 132.058212 132.714172
[3]: 153.878860 155.685638
[3]: 124.647263 124.603302
[3]: 123.510361 122.442459
[3]: 126.036179 124.990410
[3]: 135.724182 136.959061
[3]: 132.376617 132.554504
[3]: 127.396957 128.384995
[3]: 128.809067 129.326920
[3]: 122.584106 120.673088
[3]: 128.680511 128.321609
[3]: 129.016235 128.891006
[3]: 126.937462 125.635117
[3]: 62.832481 64.354279
[3]: 129.287567 128.957504
[3]: 116.204857 117.774368
[3]: 125.814781 124.986511
[3]: 122.341682 121.671371
[2]: 130.619202 127.894775
[2]: 136.022385 136.264862
[2]: 137.769165 137.254089
[2]: 110.963348 113.327965
[2]: 141.768524 139.689117
[2]: 127.239998 126.364342
[2]: 131.687653 130.981094
[2]: 129.947723 128.233978
[2]: 145.040482 143.741364
[2]: 135.590836 136.178146
[2]: 112.031715 114.198883
[2]: 129.185501 130.096924
[2]: 123.867172 122.856323
[2]: 140.460876 141.394409
[2]: 131.682388 131.694214
[2]: 127.379280 125.654327
[2]: 136.359756 135.343277
[2]: 68.890678 68.268845
[2]: 128.801437 129.859833
[2]: 118.152351 117.726288
[2]: 129.790512 129.149658
[2]: 144.294586 144.983566
[2]: 141.072189 140.783249
[2]: 134.104141 136.607025
[2]: 120.782074 122.202629
[2]: 117.523666 115.770721
[2]: 129.295380 127.232552
[2]: 142.908203 141.488953
[2]: 117.219765 117.123810
[2]: 185.455933 187.028641
[2]: 113.551552 115.487915
[2]: 114.058563 115.701958
[2]: 127.547966 126.823853
[2]: 121.812035 119.795769
[1]: 123.392517 124.435265
[1]: 127.263306 126.022057
[1]: 137.400818 136.218262
[1]: 195.019714 195.582352
[1]: 129.903458 128.496063
[1]: 128.745224 127.885963
[1]: 126.324852 126.182396
[1]: 126.727142 126.707695
[1]: 139.880341 139.348587
[1]: 127.767967 128.695145
[1]: 120.512878 120.969055
[1]: 129.351929 129.116302
[1]: 129.818100 129.162750
[1]: 133.638916 133.181931
[1]: 133.919907 133.151993
[1]: 117.758110 118.258011
[1]: 135.217911 134.611816
[1]: 191.780304 191.817841
[1]: 132.329117 132.786499
[1]: 121.982071 122.490532
[1]: 124.802269 125.744560
[1]: 135.760056 135.743011
[1]: 139.718613 140.021667
[1]: 133.928055 134.113419
[1]: 128.983932 129.365189
[1]: 121.094757 119.186768
[1]: 122.748253 122.164551
[1]: 135.487823 136.165558
[1]: 127.947304 127.482735
[1]: 132.627274 131.550781
[1]: 119.945992 119.676590
[1]: 116.952354 117.413986
[1]: 125.863266 126.122925
[1]: 130.980988 130.843796
[0]: 123.427208 124.891190
[0]: 118.158150 117.632103
[0]: 115.167267 117.247887
[0]: 91.006622 91.521843
[0]: 114.206505 115.437042
[0]: 128.292633 129.795883
[0]: 119.718895 121.578682
[0]: 123.032005 123.861870
[0]: 102.503014 103.972305
[0]: 122.228706 121.032570
[0]: 151.111938 151.454742
[0]: 123.759422 124.158813
[0]: 130.295898 131.248230
[0]: 105.605492 105.238052
[0]: 117.292549 117.011108
[0]: 129.168045 130.063766
[0]: 115.554382 116.268654
[0]: 156.060577 155.970764
[0]: 125.155739 124.307205
[0]: 141.366028 141.321823
[0]: 126.918434 127.129501
[0]: 106.504990 105.662453
[0]: 106.442696 105.882210
[0]: 113.670364 112.333275
[0]: 127.115471 126.447815
[0]: 144.862335 147.295670
[0]: 127.173119 128.576889
[0]: 111.128548 112.386185
[0]: 138.040619 138.924698
[0]: 186.150925 185.904358
[0]: 144.556107 143.981277
[0]: 147.349945 146.401062
[0]: 127.781105 127.767845
[0]: 135.177078 137.356873
