[4]: 132.432159 136.512329
[4]: 126.836334 128.091446
[4]: 117.904129 120.754906
[4]: 173.930054 132.840714
[4]: 124.594322 124.046913
[4]: 126.765602 127.036514
[4]: 122.387993 118.960342
[4]: 126.389420 130.742004
[4]: 111.252876 114.160828
[4]: 123.659187 128.217560
[4]: 133.923080 148.928757
[4]: 128.397034 132.736679
[4]: 127.930695 121.696960
[4]: 122.162163 121.057182
[4]: 123.592026 130.417786
[4]: 132.753708 125.063858
[4]: 118.670052 122.023491
[4]: 67.263580 69.940765
[4]: 125.855522 125.044472
[4]: 131.628586 135.222565
[4]: 130.921097 126.985756
[4]: 113.843704 115.185150
[4]: 117.078583 119.838341
[4]: 123.219727 117.317291
[4]: 128.845459 121.430435
[4]: 137.093811 130.510788
[4]: 133.075012 133.406555
[4]: 118.086906 117.021049
[4]: 129.906662 135.703506
[4]: 74.227898 69.540047
[4]: 133.324158 133.183350
[4]: 140.945679 139.047623
[4]: 131.868683 132.187714
[4]: 128.115768 129.567581
[3]: 129.667557 122.471588
[3]: 129.926086 127.041168
[3]: 127.448074 130.011642
[3]: 60.540619 122.903160
[3]: 131.771637 132.411087
[3]: 126.479179 127.208946
[3]: 135.141663 136.550430
[3]: 130.633560 125.574280
[3]: 135.352875 140.530579
[3]: 125.978561 125.177452
[3]: 119.108917 102.893616
[3]: 127.657806 119.374374
[3]: 128.203644 134.514282
[3]: 132.660767 134.767380
[3]: 129.234131 126.867531
[3]: 131.750046 131.894699
[3]: 132.714172 134.293442
[3]: 155.685638 186.734558
[3]: 124.603302 127.456894
[3]: 122.442459 120.865433
[3]: 124.990410 127.235924
[3]: 136.959061 140.902588
[3]: 132.554504 134.471786
[3]: 128.384995 136.210724
[3]: 129.326920 132.024948
[3]: 120.673088 126.062035
[3]: 128.321609 123.294014
[3]: 128.891006 138.908447
[3]: 125.635117 119.534454
[3]: 64.354279 71.457718
[3]: 128.957504 125.712860
[3]: 117.774368 117.761024
[3]: 124.986511 120.776993
[3]: 121.671371 124.896484
[2]: 127.894775 121.461014
[2]: 136.264862 128.244003
[2]: 137.254089 131.517868
[2]: 113.327965 122.439003
[2]: 139.689117 133.376083
[2]: 126.364342 126.210632
[2]: 130.981094 134.772781
[2]: 128.233978 124.428856
[2]: 143.741364 141.062210
[2]: 136.178146 132.430771
[2]: 114.198883 102.048431
[2]: 130.096924 120.673431
[2]: 122.856323 130.962036
[2]: 141.394409 134.615295
[2]: 131.694214 121.620087
[2]: 125.654327 132.707703
[2]: 135.343277 131.964203
[2]: 68.268845 73.706612
[2]: 129.859833 128.747513
[2]: 117.726288 114.428276
[2]: 129.149658 131.850235
[2]: 144.983566 141.973648
[2]: 140.783249 133.495285
[2]: 136.607025 138.553467
[2]: 122.202629 129.344696
[2]: 115.770721 125.922859
[2]: 127.232552 125.538033
[2]: 141.488953 140.389359
[2]: 117.123810 119.217461
[2]: 187.028641 184.124298
[2]: 115.487915 122.035156
[2]: 115.701958 115.795815
[2]: 126.823853 124.035416
[2]: 119.795769 120.883232
[1]: 124.435265 71.000000
[1]: 126.022057 39.000000
[1]: 136.218262 126.000000
[1]: 195.582352 173.000000
[1]: 128.496063 90.000000
[1]: 127.885963 91.000000
[1]: 126.182396 54.000000
[1]: 126.707695 115.000000
[1]: 139.348587 210.000000
[1]: 128.695145 192.000000
[1]: 120.969055 168.000000
[1]: 129.116302 5.000000
[1]: 129.162750 183.000000
[1]: 133.181931 120.000000
[1]: 133.151993 248.000000
[1]: 118.258011 14.000000
[1]: 134.611816 253.000000
[1]: 191.817841 237.000000
[1]: 132.786499 54.000000
[1]: 122.490532 29.000000
[1]: 125.744560 25.000000
[1]: 135.743011 36.000000
[1]: 140.021667 81.000000
[1]: 134.113419 70.000000
[1]: 129.365189 114.000000
[1]: 119.186768 148.000000
[1]: 122.164551 96.000000
[1]: 136.165558 218.000000
[1]: 127.482735 81.000000
[1]: 131.550781 141.000000
[1]: 119.676590 81.000000
[1]: 117.413986 154.000000
[1]: 126.122925 205.000000
[1]: 130.843796 -3451026669568.000000
[0]: 124.891190 131.261719
[0]: 117.632103 126.510429
[0]: 117.247887 127.187981
[0]: 91.521843 132.000381
[0]: 115.437042 122.808800
[0]: 129.795883 129.255600
[0]: 121.578682 118.993881
[0]: 123.861870 128.179550
[0]: 103.972305 112.468376
[0]: 121.032570 122.894318
[0]: 151.454742 156.787796
[0]: 124.158813 139.140717
[0]: 131.248230 124.105934
[0]: 105.238052 118.494400
[0]: 117.011108 129.550354
[0]: 130.063766 120.831078
[0]: 116.268654 122.486732
[0]: 155.970764 180.723663
[0]: 124.307205 128.892258
[0]: 141.321823 137.225662
[0]: 127.129501 124.207108
[0]: 105.662453 112.883369
[0]: 105.882210 122.576057
[0]: 112.333275 116.392647
[0]: 126.447815 126.223404
[0]: 147.295670 128.254837
[0]: 128.576889 129.206009
[0]: 112.386185 114.022537
[0]: 138.924698 136.324066
[0]: 185.904358 185.216965
[0]: 143.981277 131.315109
[0]: 146.401062 136.850723
[0]: 127.767845 133.082687
[0]: 137.356873 134.399918
