[4]: 133.471222 132.432159
[4]: 126.356720 126.836334
[4]: 117.024658 117.904129
[4]: 172.912140 173.930054
[4]: 126.321358 124.594322
[4]: 126.349586 126.765602
[4]: 121.924438 122.387993
[4]: 127.781082 126.389420
[4]: 112.793373 111.252876
[4]: 122.952980 123.659187
[4]: 134.508240 133.923080
[4]: 128.892090 128.397034
[4]: 128.900101 127.930695
[4]: 122.744133 122.162163
[4]: 125.227402 123.592026
[4]: 134.228119 132.753708
[4]: 119.512924 118.670052
[4]: 67.160088 67.263580
[4]: 125.445366 125.855522
[4]: 130.823029 131.628586
[4]: 129.985886 130.921097
[4]: 113.877892 113.843704
[4]: 117.065735 117.078583
[4]: 122.203697 123.219727
[4]: 127.555183 128.845459
[4]: 136.960434 137.093811
[4]: 135.478912 133.075012
[4]: 117.763641 118.086906
[4]: 130.998810 129.906662
[4]: 73.245163 74.227898
[4]: 134.376465 133.324158
[4]: 139.314301 140.945679
[4]: 131.783615 131.868683
[4]: 129.630035 128.115768
[3]: 127.303818 129.667557
[3]: 129.247650 129.926086
[3]: 127.230835 127.448074
[3]: 60.662235 60.540619
[3]: 132.223007 131.771637
[3]: 127.473251 126.479179
[3]: 135.531677 135.141663
[3]: 129.623428 130.633560
[3]: 134.593246 135.352875
[3]: 126.453148 125.978561
[3]: 117.581505 119.108917
[3]: 126.683746 127.657806
[3]: 127.290359 128.203644
[3]: 132.272614 132.660767
[3]: 128.589645 129.234131
[3]: 130.877579 131.750046
[3]: 133.085968 132.714172
[3]: 158.029099 155.685638
[3]: 123.983727 124.603302
[3]: 123.867958 122.442459
[3]: 125.593086 124.990410
[3]: 137.300690 136.959061
[3]: 131.718475 132.554504
[3]: 130.330261 128.384995
[3]: 130.029800 129.326920
[3]: 120.786140 120.673088
[3]: 126.531525 128.321609
[3]: 129.478333 128.891006
[3]: 125.580254 125.635117
[3]: 64.853256 64.354279
[3]: 129.163727 128.957504
[3]: 120.915672 117.774368
[3]: 125.696655 124.986511
[3]: 121.698845 121.671371
[2]: 126.674927 127.894775
[2]: 137.198624 136.264862
[2]: 136.896103 137.254089
[2]: 111.840096 113.327965
[2]: 138.819611 139.689117
[2]: 126.497330 126.364342
[2]: 129.442429 130.981094
[2]: 127.999680 128.233978
[2]: 141.809814 143.741364
[2]: 137.813248 136.178146
[2]: 114.223808 114.198883
[2]: 128.546814 130.096924
[2]: 122.544579 122.856323
[2]: 140.293442 141.394409
[2]: 131.489288 131.694214
[2]: 125.185959 125.654327
[2]: 134.198868 135.343277
[2]: 67.505859 68.268845
[2]: 130.973312 129.859833
[2]: 117.054581 117.726288
[2]: 130.853165 129.149658
[2]: 144.974899 144.983566
[2]: 141.912033 140.783249
[2]: 138.326111 136.607025
[2]: 123.791489 122.202629
[2]: 115.315117 115.770721
[2]: 125.395584 127.232552
[2]: 140.793640 141.488953
[2]: 116.457497 117.123810
[2]: 185.810211 187.028641
[2]: 115.022148 115.487915
[2]: 117.003189 115.701958
[2]: 126.337425 126.823853
[2]: 119.206436 119.795769
[1]: 126.140930 124.435265
[1]: 126.438065 126.022057
[1]: 136.885895 136.218262
[1]: 196.260849 195.582352
[1]: 127.151863 128.496063
[1]: 127.590851 127.885963
[1]: 126.414886 126.182396
[1]: 126.809921 126.707695
[1]: 138.310074 139.348587
[1]: 128.896744 128.695145
[1]: 120.848297 120.969055
[1]: 130.157593 129.116302
[1]: 128.942093 129.162750
[1]: 133.503799 133.181931
[1]: 132.794418 133.151993
[1]: 118.266899 118.258011
[1]: 134.128143 134.611816
[1]: 190.723877 191.817841
[1]: 132.817368 132.786499
[1]: 123.353256 122.490532
[1]: 125.828217 125.744560
[1]: 136.440613 135.743011
[1]: 139.796356 140.021667
[1]: 133.311707 134.113419
[1]: 129.250229 129.365189
[1]: 119.649765 119.186768
[1]: 121.528915 122.164551
[1]: 135.225662 136.165558
[1]: 126.242714 127.482735
[1]: 132.259308 131.550781
[1]: 118.662247 119.676590
[1]: 116.151863 117.413986
[1]: 125.884186 126.122925
[1]: 129.324265 130.843796
[0]: 125.800652 124.891190
[0]: 117.396034 117.632103
[0]: 117.978203 117.247887
[0]: 92.558823 91.521843
[0]: 115.442459 115.437042
[0]: 129.343689 129.795883
[0]: 123.060242 121.578682
[0]: 123.603882 123.861870
[0]: 106.210762 103.972305
[0]: 119.242081 121.032570
[0]: 152.725739 151.454742
[0]: 125.182358 124.158813
[0]: 131.794556 131.248230
[0]: 105.741013 105.238052
[0]: 116.489746 117.011108
[0]: 130.003601 130.063766
[0]: 116.637688 116.268654
[0]: 155.453278 155.970764
[0]: 124.139023 124.307205
[0]: 140.478165 141.321823
[0]: 125.550758 127.129501
[0]: 104.362564 105.662453
[0]: 105.686172 105.882210
[0]: 110.225693 112.333275
[0]: 125.487343 126.447815
[0]: 147.413620 147.295670
[0]: 130.660767 128.576889
[0]: 113.755257 112.386185
[0]: 139.945770 138.924698
[0]: 186.849655 185.904358
[0]: 144.374664 143.981277
[0]: 144.832230 146.401062
[0]: 127.869987 127.767845
[0]: 138.012787 137.356873
