[4]: 135.617264 132.432159
[4]: 126.845863 126.836334
[4]: 116.420761 117.904129
[4]: 174.159897 173.930054
[4]: 126.538536 124.594322
[4]: 127.242722 126.765602
[4]: 121.429672 122.387993
[4]: 129.173141 126.389420
[4]: 112.749229 111.252876
[4]: 123.992981 123.659187
[4]: 135.224030 133.923080
[4]: 128.962219 128.397034
[4]: 127.808548 127.930695
[4]: 122.015617 122.162163
[4]: 124.352608 123.592026
[4]: 133.969864 132.753708
[4]: 119.071388 118.670052
[4]: 67.805237 67.263580
[4]: 125.962448 125.855522
[4]: 131.143570 131.628586
[4]: 129.933029 130.921097
[4]: 113.850754 113.843704
[4]: 117.624199 117.078583
[4]: 122.349060 123.219727
[4]: 127.406166 128.845459
[4]: 137.131256 137.093811
[4]: 134.841843 133.075012
[4]: 117.746552 118.086906
[4]: 130.399063 129.906662
[4]: 73.855804 74.227898
[4]: 134.441345 133.324158
[4]: 137.196106 140.945679
[4]: 131.358765 131.868683
[4]: 128.487411 128.115768
[3]: 125.817726 129.667557
[3]: 128.852249 129.926086
[3]: 127.686264 127.448074
[3]: 61.198402 60.540619
[3]: 130.900635 131.771637
[3]: 126.485512 126.479179
[3]: 135.928833 135.141663
[3]: 128.599442 130.633560
[3]: 135.000000 135.352875
[3]: 125.217117 125.978561
[3]: 116.903229 119.108917
[3]: 126.308487 127.657806
[3]: 128.240768 128.203644
[3]: 131.801987 132.660767
[3]: 129.105072 129.234131
[3]: 131.068115 131.750046
[3]: 133.089890 132.714172
[3]: 158.170609 155.685638
[3]: 123.623787 124.603302
[3]: 123.629974 122.442459
[3]: 126.873550 124.990410
[3]: 137.902054 136.959061
[3]: 131.647903 132.554504
[3]: 129.793457 128.384995
[3]: 130.967896 129.326920
[3]: 120.619873 120.673088
[3]: 126.314598 128.321609
[3]: 129.501724 128.891006
[3]: 126.650482 125.635117
[3]: 64.395317 64.354279
[3]: 129.470016 128.957504
[3]: 122.252426 117.774368
[3]: 126.202705 124.986511
[3]: 122.015579 121.671371
[2]: 124.742088 127.894775
[2]: 135.493256 136.264862
[2]: 137.684113 137.254089
[2]: 109.998634 113.327965
[2]: 139.251007 139.689117
[2]: 126.281036 126.364342
[2]: 130.330658 130.981094
[2]: 126.291794 128.233978
[2]: 143.151520 143.741364
[2]: 136.379959 136.178146
[2]: 113.837242 114.198883
[2]: 127.759918 130.096924
[2]: 123.645493 122.856323
[2]: 140.535568 141.394409
[2]: 131.820374 131.694214
[2]: 126.240967 125.654327
[2]: 135.457611 135.343277
[2]: 66.739197 68.268845
[2]: 130.300781 129.859833
[2]: 117.126305 117.726288
[2]: 130.391846 129.149658
[2]: 145.449417 144.983566
[2]: 141.969803 140.783249
[2]: 137.995102 136.607025
[2]: 123.605270 122.202629
[2]: 116.412399 115.770721
[2]: 125.990608 127.232552
[2]: 141.445480 141.488953
[2]: 116.706520 117.123810
[2]: 185.034286 187.028641
[2]: 114.196320 115.487915
[2]: 119.332741 115.701958
[2]: 127.113380 126.823853
[2]: 120.073311 119.795769
[1]: 125.903809 124.435265
[1]: 127.657524 126.022057
[1]: 137.404587 136.218262
[1]: 195.855865 195.582352
[1]: 127.710426 128.496063
[1]: 127.266342 127.885963
[1]: 126.982346 126.182396
[1]: 125.931229 126.707695
[1]: 137.992249 139.348587
[1]: 128.942383 128.695145
[1]: 120.236137 120.969055
[1]: 130.549332 129.116302
[1]: 128.772156 129.162750
[1]: 133.935104 133.181931
[1]: 132.620819 133.151993
[1]: 117.341385 118.258011
[1]: 135.140411 134.611816
[1]: 190.290894 191.817841
[1]: 133.576523 132.786499
[1]: 122.496437 122.490532
[1]: 126.132980 125.744560
[1]: 136.282684 135.743011
[1]: 139.040894 140.021667
[1]: 133.854172 134.113419
[1]: 129.600296 129.365189
[1]: 118.332870 119.186768
[1]: 121.046776 122.164551
[1]: 135.841614 136.165558
[1]: 125.803825 127.482735
[1]: 134.183319 131.550781
[1]: 119.634293 119.676590
[1]: 115.669922 117.413986
[1]: 125.534233 126.122925
[1]: 129.262390 130.843796
[0]: 127.384598 124.891190
[0]: 117.885063 117.632103
[0]: 116.874969 117.247887
[0]: 92.603081 91.521843
[0]: 115.713989 115.437042
[0]: 130.036377 129.795883
[0]: 121.657852 121.578682
[0]: 126.020279 123.861870
[0]: 104.990326 103.972305
[0]: 121.072998 121.032570
[0]: 153.557388 151.454742
[0]: 125.925972 124.158813
[0]: 130.891998 131.248230
[0]: 106.502098 105.238052
[0]: 116.785965 117.011108
[0]: 129.923233 130.063766
[0]: 114.780998 116.268654
[0]: 155.621735 155.970764
[0]: 123.889771 124.307205
[0]: 141.120667 141.321823
[0]: 124.382545 127.129501
[0]: 103.688576 105.662453
[0]: 106.159775 105.882210
[0]: 110.571671 112.333275
[0]: 124.410530 126.447815
[0]: 147.488571 147.295670
[0]: 131.422256 128.576889
[0]: 112.569107 112.386185
[0]: 139.500305 138.924698
[0]: 185.942749 185.904358
[0]: 143.598282 143.981277
[0]: 143.523407 146.401062
[0]: 127.302780 127.767845
[0]: 137.930679 137.356873
