[4]: 132.268463 132.432159
[4]: 126.607887 126.836334
[4]: 118.175781 117.904129
[4]: 174.242447 173.930054
[4]: 124.148560 124.594322
[4]: 126.863029 126.765602
[4]: 122.334892 122.387993
[4]: 126.350525 126.389420
[4]: 111.457581 111.252876
[4]: 123.604637 123.659187
[4]: 134.142288 133.923080
[4]: 128.413223 128.397034
[4]: 127.423065 127.930695
[4]: 121.973495 122.162163
[4]: 123.207123 123.592026
[4]: 132.283707 132.753708
[4]: 118.471230 118.670052
[4]: 67.477425 67.263580
[4]: 125.916832 125.855522
[4]: 131.813980 131.628586
[4]: 131.140228 130.921097
[4]: 113.977463 113.843704
[4]: 117.086502 117.078583
[4]: 123.629715 123.219727
[4]: 128.771454 128.845459
[4]: 136.917389 137.093811
[4]: 132.966904 133.075012
[4]: 117.995872 118.086906
[4]: 129.791687 129.906662
[4]: 74.240540 74.227898
[4]: 133.362427 133.324158
[4]: 141.488525 140.945679
[4]: 131.701691 131.868683
[4]: 127.708275 128.115768
[3]: 129.941284 129.667557
[3]: 130.081879 129.926086
[3]: 127.311577 127.448074
[3]: 60.597584 60.540619
[3]: 132.006241 131.771637
[3]: 126.367950 126.479179
[3]: 135.250443 135.141663
[3]: 130.698486 130.633560
[3]: 135.309479 135.352875
[3]: 125.932243 125.978561
[3]: 119.242104 119.108917
[3]: 127.711891 127.657806
[3]: 128.361710 128.203644
[3]: 132.658707 132.660767
[3]: 129.228928 129.234131
[3]: 131.962021 131.750046
[3]: 132.880157 132.714172
[3]: 155.527405 155.685638
[3]: 124.635788 124.603302
[3]: 122.404129 122.442459
[3]: 125.016296 124.990410
[3]: 137.097778 136.959061
[3]: 132.485931 132.554504
[3]: 128.185181 128.384995
[3]: 129.413101 129.326920
[3]: 120.727097 120.673088
[3]: 128.354691 128.321609
[3]: 129.026428 128.891006
[3]: 125.685928 125.635117
[3]: 64.252945 64.354279
[3]: 129.072983 128.957504
[3]: 117.655281 117.774368
[3]: 124.977623 124.986511
[3]: 121.755241 121.671371
[2]: 128.364334 127.894775
[2]: 136.013443 136.264862
[2]: 136.977081 137.254089
[2]: 113.407066 113.327965
[2]: 139.591110 139.689117
[2]: 126.396164 126.364342
[2]: 131.059280 130.981094
[2]: 128.338638 128.233978
[2]: 143.587372 143.741364
[2]: 136.204575 136.178146
[2]: 113.884705 114.198883
[2]: 130.038513 130.096924
[2]: 123.345398 122.856323
[2]: 141.316437 141.394409
[2]: 131.997528 131.694214
[2]: 125.898628 125.654327
[2]: 135.240768 135.343277
[2]: 68.240532 68.268845
[2]: 129.975342 129.859833
[2]: 117.775543 117.726288
[2]: 128.982498 129.149658
[2]: 144.935623 144.983566
[2]: 140.841187 140.783249
[2]: 136.241165 136.607025
[2]: 122.400459 122.202629
[2]: 116.144974 115.770721
[2]: 127.523628 127.232552
[2]: 141.438263 141.488953
[2]: 117.053864 117.123810
[2]: 186.952347 187.028641
[2]: 115.525383 115.487915
[2]: 114.929977 115.701958
[2]: 127.284927 126.823853
[2]: 120.035568 119.795769
[1]: 124.081314 124.435265
[1]: 126.256210 126.022057
[1]: 136.252609 136.218262
[1]: 195.521332 195.582352
[1]: 128.872131 128.496063
[1]: 127.838615 127.885963
[1]: 126.120140 126.182396
[1]: 126.492661 126.707695
[1]: 139.327606 139.348587
[1]: 128.740280 128.695145
[1]: 120.936729 120.969055
[1]: 129.105606 129.116302
[1]: 129.346588 129.162750
[1]: 133.401733 133.181931
[1]: 133.247070 133.151993
[1]: 118.433601 118.258011
[1]: 134.681305 134.611816
[1]: 191.964615 191.817841
[1]: 132.770660 132.786499
[1]: 122.358459 122.490532
[1]: 125.642479 125.744560
[1]: 135.607956 135.743011
[1]: 140.179276 140.021667
[1]: 133.985321 134.113419
[1]: 129.292068 129.365189
[1]: 119.130135 119.186768
[1]: 122.159271 122.164551
[1]: 136.223083 136.165558
[1]: 127.694420 127.482735
[1]: 131.650055 131.550781
[1]: 119.685905 119.676590
[1]: 117.478828 117.413986
[1]: 125.772377 126.122925
[1]: 131.104355 130.843796
[0]: 124.647728 124.891190
[0]: 117.696938 117.632103
[0]: 117.353638 117.247887
[0]: 91.351250 91.521843
[0]: 115.324760 115.437042
[0]: 129.832870 129.795883
[0]: 121.486755 121.578682
[0]: 123.952408 123.861870
[0]: 103.966164 103.972305
[0]: 121.041954 121.032570
[0]: 151.462494 151.454742
[0]: 124.155159 124.158813
[0]: 130.911057 131.248230
[0]: 105.266060 105.238052
[0]: 117.004013 117.011108
[0]: 129.870728 130.063766
[0]: 116.326897 116.268654
[0]: 156.037933 155.970764
[0]: 124.104149 124.307205
[0]: 141.268967 141.321823
[0]: 127.150543 127.129501
[0]: 105.533836 105.662453
[0]: 105.706429 105.882210
[0]: 112.636276 112.333275
[0]: 126.321602 126.447815
[0]: 147.099533 147.295670
[0]: 128.343048 128.576889
[0]: 112.306389 112.386185
[0]: 138.862610 138.924698
[0]: 185.740768 185.904358
[0]: 143.776993 143.981277
[0]: 146.717697 146.401062
[0]: 127.847832 127.767845
[0]: 137.186432 137.356873
