[4]: 108.511589 132.432159
[4]: 131.455719 126.836334
[4]: 123.164932 117.904129
[4]: 200.893234 173.930054
[4]: 130.038101 124.594322
[4]: 128.198959 126.765602
[4]: 124.621902 122.387993
[4]: 128.448181 126.389420
[4]: 126.331383 111.252876
[4]: 130.262283 123.659187
[4]: 129.264587 133.923080
[4]: 129.899460 128.397034
[4]: 124.818100 127.930695
[4]: 128.710358 122.162163
[4]: 125.672081 123.592026
[4]: 130.724579 132.753708
[4]: 126.407585 118.670052
[4]: 60.804779 67.263580
[4]: 125.709656 125.855522
[4]: 129.853363 131.628586
[4]: 130.275070 130.921097
[4]: 127.537971 113.843704
[4]: 127.771828 117.078583
[4]: 126.368149 123.219727
[4]: 126.574295 128.845459
[4]: 124.754776 137.093811
[4]: 129.125854 133.075012
[4]: 127.302071 118.086906
[4]: 125.757973 129.906662
[4]: 129.163605 74.227898
[4]: 125.645706 133.324158
[4]: 161.004440 140.945679
[4]: 126.742340 131.868683
[4]: 125.297096 128.115768
[3]: 170.419388 129.667557
[3]: 126.346786 129.926086
[3]: 124.944382 127.448074
[3]: 86.013779 60.540619
[3]: 128.850372 131.771637
[3]: 126.936630 126.479179
[3]: 128.214981 135.141663
[3]: 127.964691 130.633560
[3]: 127.173012 135.352875
[3]: 125.214661 125.978561
[3]: 126.164230 119.108917
[3]: 128.592209 127.657806
[3]: 127.620468 128.203644
[3]: 127.030884 132.660767
[3]: 127.096825 129.234131
[3]: 129.614182 131.750046
[3]: 126.604507 132.714172
[3]: 127.169037 155.685638
[3]: 126.429131 124.603302
[3]: 126.777390 122.442459
[3]: 126.496475 124.990410
[3]: 127.324104 136.959061
[3]: 127.017494 132.554504
[3]: 126.732285 128.384995
[3]: 128.002686 129.326920
[3]: 125.687111 120.673088
[3]: 128.874863 128.321609
[3]: 127.175385 128.891006
[3]: 128.531845 125.635117
[3]: 63.102909 64.354279
[3]: 128.818268 128.957504
[3]: 84.153915 117.774368
[3]: 127.836342 124.986511
[3]: 126.019226 121.671371
[2]: 168.651611 127.894775
[2]: 128.640213 136.264862
[2]: 128.699020 137.254089
[2]: 81.958794 113.327965
[2]: 127.566513 139.689117
[2]: 128.252991 126.364342
[2]: 127.006844 130.981094
[2]: 127.583405 128.233978
[2]: 126.615715 143.741364
[2]: 128.828461 136.178146
[2]: 127.781303 114.198883
[2]: 128.010559 130.096924
[2]: 128.515778 122.856323
[2]: 127.960136 141.394409
[2]: 127.463432 131.694214
[2]: 126.483780 125.654327
[2]: 128.772156 135.343277
[2]: 129.210770 68.268845
[2]: 128.741898 129.859833
[2]: 126.770172 117.726288
[2]: 129.184402 129.149658
[2]: 127.856483 144.983566
[2]: 128.011902 140.783249
[2]: 127.507774 136.607025
[2]: 126.037560 122.202629
[2]: 129.260666 115.770721
[2]: 126.697487 127.232552
[2]: 127.552246 141.488953
[2]: 126.843880 117.123810
[2]: 191.446793 187.028641
[2]: 127.501122 115.487915
[2]: 86.443535 115.701958
[2]: 127.175255 126.823853
[2]: 128.037811 119.795769
[1]: 96.256432 124.435265
[1]: 124.602394 126.022057
[1]: 132.992676 136.218262
[1]: 202.913956 195.582352
[1]: 127.864723 128.496063
[1]: 126.815941 127.885963
[1]: 127.825592 126.182396
[1]: 125.345154 126.707695
[1]: 128.560318 139.348587
[1]: 125.119011 128.695145
[1]: 125.536453 120.969055
[1]: 126.367851 129.116302
[1]: 130.365265 129.162750
[1]: 126.652428 133.181931
[1]: 128.311569 133.151993
[1]: 123.462921 118.258011
[1]: 131.152252 134.611816
[1]: 192.815231 191.817841
[1]: 129.917358 132.786499
[1]: 122.619194 122.490532
[1]: 124.278595 125.744560
[1]: 126.678787 135.743011
[1]: 129.173782 140.021667
[1]: 128.921371 134.113419
[1]: 127.479538 129.365189
[1]: 127.026985 119.186768
[1]: 125.708992 122.164551
[1]: 129.062012 136.165558
[1]: 128.339706 127.482735
[1]: 126.896805 131.550781
[1]: 128.805130 119.676590
[1]: 146.617935 117.413986
[1]: 129.523773 126.122925
[1]: 131.319611 130.843796
[0]: 45.314953 124.891190
[0]: 125.943275 117.632103
[0]: 127.610390 117.247887
[0]: 92.375427 91.521843
[0]: 126.117767 115.437042
[0]: 126.595871 129.795883
[0]: 129.350800 121.578682
[0]: 126.086906 123.861870
[0]: 127.089630 103.972305
[0]: 126.473221 121.032570
[0]: 129.958252 151.454742
[0]: 126.157478 124.158813
[0]: 127.704445 131.248230
[0]: 125.399025 105.238052
[0]: 126.784546 117.011108
[0]: 127.593491 130.063766
[0]: 125.139664 116.268654
[0]: 129.310638 155.970764
[0]: 126.656113 124.307205
[0]: 128.967209 141.321823
[0]: 127.377922 127.129501
[0]: 130.276031 105.662453
[0]: 125.841278 105.882210
[0]: 126.096779 112.333275
[0]: 128.779663 126.447815
[0]: 132.981613 147.295670
[0]: 129.141479 128.576889
[0]: 127.254257 112.386185
[0]: 129.107559 138.924698
[0]: 126.738373 185.904358
[0]: 129.734970 143.981277
[0]: 208.689011 146.401062
[0]: 125.861015 127.767845
[0]: 126.524849 137.356873
