[4]: 135.563721 132.432159
[4]: 124.627708 126.836334
[4]: 115.646927 117.904129
[4]: 174.500443 173.930054
[4]: 125.901947 124.594322
[4]: 126.362526 126.765602
[4]: 121.762764 122.387993
[4]: 126.592064 126.389420
[4]: 110.264786 111.252876
[4]: 124.074074 123.659187
[4]: 134.934662 133.923080
[4]: 132.115448 128.397034
[4]: 126.434540 127.930695
[4]: 122.792061 122.162163
[4]: 119.836205 123.592026
[4]: 131.624527 132.753708
[4]: 116.576416 118.670052
[4]: 68.019455 67.263580
[4]: 127.900200 125.855522
[4]: 129.989685 131.628586
[4]: 129.119736 130.921097
[4]: 111.650497 113.843704
[4]: 115.554192 117.078583
[4]: 124.177452 123.219727
[4]: 128.889481 128.845459
[4]: 133.666534 137.093811
[4]: 132.129974 133.075012
[4]: 117.875984 118.086906
[4]: 129.406357 129.906662
[4]: 74.920921 74.227898
[4]: 135.448990 133.324158
[4]: 136.567215 140.945679
[4]: 130.065582 131.868683
[4]: 124.077011 128.115768
[3]: 124.772591 129.667557
[3]: 129.876617 129.926086
[3]: 127.405952 127.448074
[3]: 61.692333 60.540619
[3]: 129.906998 131.771637
[3]: 126.410927 126.479179
[3]: 135.032089 135.141663
[3]: 127.818581 130.633560
[3]: 135.891388 135.352875
[3]: 125.058113 125.978561
[3]: 119.094162 119.108917
[3]: 123.833191 127.657806
[3]: 128.683548 128.203644
[3]: 131.800797 132.660767
[3]: 132.355911 129.234131
[3]: 131.261597 131.750046
[3]: 132.538879 132.714172
[3]: 157.543320 155.685638
[3]: 122.868774 124.603302
[3]: 123.977859 122.442459
[3]: 127.189888 124.990410
[3]: 140.176208 136.959061
[3]: 132.993469 132.554504
[3]: 128.584488 128.384995
[3]: 129.817886 129.326920
[3]: 122.982750 120.673088
[3]: 127.287857 128.321609
[3]: 128.683395 128.891006
[3]: 128.069763 125.635117
[3]: 63.781834 64.354279
[3]: 128.951828 128.957504
[3]: 123.809341 117.774368
[3]: 127.191437 124.986511
[3]: 125.016006 121.671371
[2]: 125.322235 127.894775
[2]: 136.473709 136.264862
[2]: 140.849899 137.254089
[2]: 112.236053 113.327965
[2]: 140.288315 139.689117
[2]: 129.518814 126.364342
[2]: 130.228165 130.981094
[2]: 127.360428 128.233978
[2]: 145.440826 143.741364
[2]: 136.833420 136.178146
[2]: 113.014877 114.198883
[2]: 125.928040 130.096924
[2]: 123.582085 122.856323
[2]: 141.177200 141.394409
[2]: 133.655167 131.694214
[2]: 124.831642 125.654327
[2]: 139.411957 135.343277
[2]: 67.556358 68.268845
[2]: 126.997025 129.859833
[2]: 120.922813 117.726288
[2]: 131.989944 129.149658
[2]: 147.641739 144.983566
[2]: 143.983032 140.783249
[2]: 135.090042 136.607025
[2]: 121.462135 122.202629
[2]: 118.806076 115.770721
[2]: 129.543167 127.232552
[2]: 142.654373 141.488953
[2]: 117.376350 117.123810
[2]: 183.397888 187.028641
[2]: 111.707993 115.487915
[2]: 122.192230 115.701958
[2]: 127.737175 126.823853
[2]: 126.233475 119.795769
[1]: 125.039459 124.435265
[1]: 127.517776 126.022057
[1]: 138.271088 136.218262
[1]: 195.491440 195.582352
[1]: 127.347717 128.496063
[1]: 127.907028 127.885963
[1]: 127.013435 126.182396
[1]: 126.509407 126.707695
[1]: 138.946335 139.348587
[1]: 128.181732 128.695145
[1]: 121.880844 120.969055
[1]: 127.424339 129.116302
[1]: 129.295044 129.162750
[1]: 133.559998 133.181931
[1]: 134.275543 133.151993
[1]: 118.658730 118.258011
[1]: 135.710251 134.611816
[1]: 191.483612 191.817841
[1]: 132.335434 132.786499
[1]: 123.474701 122.490532
[1]: 127.508942 125.744560
[1]: 136.214813 135.743011
[1]: 138.335587 140.021667
[1]: 132.806610 134.113419
[1]: 127.800995 129.365189
[1]: 122.375046 119.186768
[1]: 122.708328 122.164551
[1]: 134.839462 136.165558
[1]: 128.033707 127.482735
[1]: 134.272552 131.550781
[1]: 118.953171 119.676590
[1]: 117.939194 117.413986
[1]: 125.766678 126.122925
[1]: 131.733673 130.843796
[0]: 129.037338 124.891190
[0]: 118.162041 117.632103
[0]: 113.383286 117.247887
[0]: 89.550514 91.521843
[0]: 116.667618 115.437042
[0]: 126.908302 129.795883
[0]: 122.204216 121.578682
[0]: 127.900352 123.861870
[0]: 102.696999 103.972305
[0]: 121.459946 121.032570
[0]: 150.922043 151.454742
[0]: 130.709534 124.158813
[0]: 131.386139 131.248230
[0]: 105.063431 105.238052
[0]: 114.065422 117.011108
[0]: 132.429611 130.063766
[0]: 112.921097 116.268654
[0]: 152.759750 155.970764
[0]: 127.499954 124.307205
[0]: 137.035172 141.321823
[0]: 121.658455 127.129501
[0]: 100.792412 105.662453
[0]: 105.137672 105.882210
[0]: 113.957741 112.333275
[0]: 128.317612 126.447815
[0]: 141.906662 147.295670
[0]: 127.764153 128.576889
[0]: 112.871574 112.386185
[0]: 135.919708 138.924698
[0]: 187.874161 185.904358
[0]: 146.768738 143.981277
[0]: 137.223663 146.401062
[0]: 126.733559 127.767845
[0]: 130.122208 137.356873
