[4]: 89.263206 132.432159
[4]: 129.534134 126.836334
[4]: 126.085838 117.904129
[4]: 175.158417 173.930054
[4]: 130.872696 124.594322
[4]: 129.221313 126.765602
[4]: 128.054367 122.387993
[4]: 129.023315 126.389420
[4]: 130.174896 111.252876
[4]: 130.362610 123.659187
[4]: 126.578667 133.923080
[4]: 129.927414 128.397034
[4]: 126.982147 127.930695
[4]: 132.670410 122.162163
[4]: 126.787003 123.592026
[4]: 131.945129 132.753708
[4]: 127.412521 118.670052
[4]: 60.960140 67.263580
[4]: 126.400566 125.855522
[4]: 126.851707 131.628586
[4]: 130.067841 130.921097
[4]: 130.432053 113.843704
[4]: 130.404434 117.078583
[4]: 131.932083 123.219727
[4]: 127.850182 128.845459
[4]: 125.410988 137.093811
[4]: 126.439995 133.075012
[4]: 129.384827 118.086906
[4]: 123.646362 129.906662
[4]: 124.594841 74.227898
[4]: 125.913940 133.324158
[4]: 169.857178 140.945679
[4]: 129.236313 131.868683
[4]: 122.233261 128.115768
[3]: 170.770432 129.667557
[3]: 127.551933 129.926086
[3]: 126.665421 127.448074
[3]: 87.723427 60.540619
[3]: 129.671814 131.771637
[3]: 128.797028 126.479179
[3]: 129.545242 135.141663
[3]: 127.882339 130.633560
[3]: 126.853157 135.352875
[3]: 126.181053 125.978561
[3]: 124.491409 119.108917
[3]: 128.750381 127.657806
[3]: 128.181564 128.203644
[3]: 128.741898 132.660767
[3]: 127.367279 129.234131
[3]: 130.534256 131.750046
[3]: 128.520523 132.714172
[3]: 126.363762 155.685638
[3]: 127.651978 124.603302
[3]: 126.272835 122.442459
[3]: 127.157913 124.990410
[3]: 127.895348 136.959061
[3]: 127.429169 132.554504
[3]: 127.905846 128.384995
[3]: 129.417526 129.326920
[3]: 123.482933 120.673088
[3]: 127.429314 128.321609
[3]: 128.324524 128.891006
[3]: 127.393158 125.635117
[3]: 59.139870 64.354279
[3]: 130.215271 128.957504
[3]: 82.794365 117.774368
[3]: 127.791130 124.986511
[3]: 125.404228 121.671371
[2]: 168.345306 127.894775
[2]: 130.772171 136.264862
[2]: 130.575119 137.254089
[2]: 92.477982 113.327965
[2]: 131.583221 139.689117
[2]: 127.569633 126.364342
[2]: 132.075592 130.981094
[2]: 135.105804 128.233978
[2]: 137.810181 143.741364
[2]: 132.562088 136.178146
[2]: 118.416771 114.198883
[2]: 132.597534 130.096924
[2]: 133.458267 122.856323
[2]: 138.005966 141.394409
[2]: 132.581009 131.694214
[2]: 129.635132 125.654327
[2]: 134.881088 135.343277
[2]: 126.714149 68.268845
[2]: 128.410812 129.859833
[2]: 120.495308 117.726288
[2]: 129.170990 129.149658
[2]: 134.375122 144.983566
[2]: 135.406204 140.783249
[2]: 141.455399 136.607025
[2]: 128.122574 122.202629
[2]: 122.297691 115.770721
[2]: 122.217888 127.232552
[2]: 129.749130 141.488953
[2]: 121.356598 117.123810
[2]: 188.311127 187.028641
[2]: 121.715424 115.487915
[2]: 75.740623 115.701958
[2]: 135.258499 126.823853
[2]: 118.196823 119.795769
[1]: 83.695457 124.435265
[1]: 128.480835 126.022057
[1]: 132.839722 136.218262
[1]: 177.257187 195.582352
[1]: 129.521271 128.496063
[1]: 126.528641 127.885963
[1]: 130.838669 126.182396
[1]: 129.783798 126.707695
[1]: 133.162079 139.348587
[1]: 129.323334 128.695145
[1]: 120.275673 120.969055
[1]: 128.026016 129.116302
[1]: 132.349274 129.162750
[1]: 130.867844 133.181931
[1]: 131.251923 133.151993
[1]: 124.894379 118.258011
[1]: 134.796875 134.611816
[1]: 191.834229 191.817841
[1]: 129.663284 132.786499
[1]: 121.289429 122.490532
[1]: 124.746803 125.744560
[1]: 130.954666 135.743011
[1]: 131.727859 140.021667
[1]: 135.265747 134.113419
[1]: 130.450012 129.365189
[1]: 123.001656 119.186768
[1]: 124.365135 122.164551
[1]: 129.595016 136.165558
[1]: 126.732597 127.482735
[1]: 119.065552 131.550781
[1]: 126.751991 119.676590
[1]: 162.183350 117.413986
[1]: 131.117279 126.122925
[1]: 125.245377 130.843796
[0]: 129.355606 124.891190
[0]: 118.076935 117.632103
[0]: 117.902916 117.247887
[0]: 91.838013 91.521843
[0]: 115.012245 115.437042
[0]: 123.670006 129.795883
[0]: 111.130371 121.578682
[0]: 108.615005 123.861870
[0]: 98.936432 103.972305
[0]: 113.208305 121.032570
[0]: 157.334778 151.454742
[0]: 117.001671 124.158813
[0]: 114.094742 131.248230
[0]: 96.359718 105.238052
[0]: 113.375862 117.011108
[0]: 117.885437 130.063766
[0]: 106.431755 116.268654
[0]: 138.707413 155.970764
[0]: 124.705078 124.307205
[0]: 145.182144 141.321823
[0]: 126.375755 127.129501
[0]: 109.725670 105.662453
[0]: 106.688713 105.882210
[0]: 86.708420 112.333275
[0]: 117.152527 126.447815
[0]: 152.124466 147.295670
[0]: 143.679138 128.576889
[0]: 118.074371 112.386185
[0]: 144.385330 138.924698
[0]: 165.115570 185.904358
[0]: 138.714325 143.981277
[0]: 151.900024 146.401062
[0]: 108.155754 127.767845
[0]: 154.566025 137.356873
