[4]: 130.538452 132.432159
[4]: 126.426605 126.836334
[4]: 118.149895 117.904129
[4]: 176.151733 173.930054
[4]: 123.451042 124.594322
[4]: 126.960754 126.765602
[4]: 122.206734 122.387993
[4]: 125.492912 126.389420
[4]: 111.483047 111.252876
[4]: 124.324547 123.659187
[4]: 134.664703 133.923080
[4]: 128.300354 128.397034
[4]: 127.197342 127.930695
[4]: 121.989655 122.162163
[4]: 123.495781 123.592026
[4]: 132.295334 132.753708
[4]: 118.356712 118.670052
[4]: 67.428436 67.263580
[4]: 126.186432 125.855522
[4]: 130.950241 131.628586
[4]: 130.828369 130.921097
[4]: 114.088921 113.843704
[4]: 117.154037 117.078583
[4]: 125.258720 123.219727
[4]: 130.175446 128.845459
[4]: 135.259201 137.093811
[4]: 132.519348 133.075012
[4]: 117.401291 118.086906
[4]: 129.336411 129.906662
[4]: 75.976677 74.227898
[4]: 134.354645 133.324158
[4]: 143.269943 140.945679
[4]: 131.195435 131.868683
[4]: 127.498405 128.115768
[3]: 131.556458 129.667557
[3]: 129.640915 129.926086
[3]: 127.319260 127.448074
[3]: 61.052383 60.540619
[3]: 131.541412 131.771637
[3]: 126.520493 126.479179
[3]: 135.442307 135.141663
[3]: 130.511902 130.633560
[3]: 134.566910 135.352875
[3]: 125.522202 125.978561
[3]: 120.295464 119.108917
[3]: 127.931656 127.657806
[3]: 128.546539 128.203644
[3]: 132.955673 132.660767
[3]: 128.885315 129.234131
[3]: 131.990311 131.750046
[3]: 132.047653 132.714172
[3]: 154.848434 155.685638
[3]: 124.601242 124.603302
[3]: 123.569084 122.442459
[3]: 125.652069 124.990410
[3]: 135.911346 136.959061
[3]: 132.096481 132.554504
[3]: 127.709030 128.384995
[3]: 128.916855 129.326920
[3]: 122.071678 120.673088
[3]: 128.037277 128.321609
[3]: 129.177689 128.891006
[3]: 126.553505 125.635117
[3]: 63.214256 64.354279
[3]: 129.303223 128.957504
[3]: 116.709030 117.774368
[3]: 125.284233 124.986511
[3]: 122.249435 121.671371
[2]: 129.865082 127.894775
[2]: 135.481796 136.264862
[2]: 137.154114 137.254089
[2]: 111.420753 113.327965
[2]: 141.601959 139.689117
[2]: 126.460114 126.364342
[2]: 131.492874 130.981094
[2]: 130.395248 128.233978
[2]: 145.359314 143.741364
[2]: 135.939362 136.178146
[2]: 112.331345 114.198883
[2]: 130.107574 130.096924
[2]: 123.874809 122.856323
[2]: 140.374451 141.394409
[2]: 131.439316 131.694214
[2]: 126.872185 125.654327
[2]: 135.635025 135.343277
[2]: 69.087341 68.268845
[2]: 129.186462 129.859833
[2]: 117.335724 117.726288
[2]: 129.032990 129.149658
[2]: 144.921753 144.983566
[2]: 140.393814 140.783249
[2]: 134.594147 136.607025
[2]: 121.216354 122.202629
[2]: 117.066696 115.770721
[2]: 128.999283 127.232552
[2]: 143.125595 141.488953
[2]: 117.594070 117.123810
[2]: 185.737030 187.028641
[2]: 113.646111 115.487915
[2]: 113.833855 115.701958
[2]: 128.224167 126.823853
[2]: 120.761574 119.795769
[1]: 123.568604 124.435265
[1]: 126.740105 126.022057
[1]: 137.128860 136.218262
[1]: 195.457169 195.582352
[1]: 129.208115 128.496063
[1]: 128.384308 127.885963
[1]: 126.277000 126.182396
[1]: 126.532211 126.707695
[1]: 139.412109 139.348587
[1]: 127.902145 128.695145
[1]: 121.062004 120.969055
[1]: 129.431549 129.116302
[1]: 129.685989 129.162750
[1]: 133.545731 133.181931
[1]: 132.888565 133.151993
[1]: 117.961266 118.258011
[1]: 135.359314 134.611816
[1]: 191.883484 191.817841
[1]: 132.445923 132.786499
[1]: 122.891373 122.490532
[1]: 125.497620 125.744560
[1]: 135.917923 135.743011
[1]: 140.183136 140.021667
[1]: 133.633743 134.113419
[1]: 129.044434 129.365189
[1]: 119.792656 119.186768
[1]: 122.026550 122.164551
[1]: 136.272003 136.165558
[1]: 127.781258 127.482735
[1]: 132.060684 131.550781
[1]: 119.544083 119.676590
[1]: 117.605156 117.413986
[1]: 125.190865 126.122925
[1]: 131.065918 130.843796
[0]: 123.668808 124.891190
[0]: 118.392410 117.632103
[0]: 116.183662 117.247887
[0]: 91.496277 91.521843
[0]: 114.010788 115.437042
[0]: 128.900940 129.795883
[0]: 120.697662 121.578682
[0]: 122.796127 123.861870
[0]: 102.628395 103.972305
[0]: 121.922340 121.032570
[0]: 151.377945 151.454742
[0]: 123.600311 124.158813
[0]: 130.002563 131.248230
[0]: 105.694412 105.238052
[0]: 118.023293 117.011108
[0]: 129.288986 130.063766
[0]: 116.122787 116.268654
[0]: 155.575653 155.970764
[0]: 125.065758 124.307205
[0]: 140.863342 141.321823
[0]: 126.919342 127.129501
[0]: 106.268349 105.662453
[0]: 106.443443 105.882210
[0]: 113.528557 112.333275
[0]: 126.883469 126.447815
[0]: 145.784058 147.295670
[0]: 127.750748 128.576889
[0]: 110.857864 112.386185
[0]: 137.745361 138.924698
[0]: 186.352432 185.904358
[0]: 144.656311 143.981277
[0]: 147.023895 146.401062
[0]: 127.714104 127.767845
[0]: 136.175873 137.356873
