[4]: 128.364029 132.432159
[4]: 127.618477 126.836334
[4]: 122.006248 117.904129
[4]: 158.372192 173.930054
[4]: 121.407585 124.594322
[4]: 129.294235 126.765602
[4]: 124.515846 122.387993
[4]: 121.786026 126.389420
[4]: 124.933228 111.252876
[4]: 125.835457 123.659187
[4]: 128.995377 133.923080
[4]: 131.114426 128.397034
[4]: 123.168251 127.930695
[4]: 125.711617 122.162163
[4]: 130.556244 123.592026
[4]: 126.828667 132.753708
[4]: 118.015808 118.670052
[4]: 63.734058 67.263580
[4]: 128.727509 125.855522
[4]: 131.015579 131.628586
[4]: 126.201790 130.921097
[4]: 124.178345 113.843704
[4]: 115.187523 117.078583
[4]: 124.955353 123.219727
[4]: 125.718178 128.845459
[4]: 134.869156 137.093811
[4]: 132.447922 133.075012
[4]: 123.372887 118.086906
[4]: 133.037704 129.906662
[4]: 62.866989 74.227898
[4]: 126.648163 133.324158
[4]: 135.943939 140.945679
[4]: 125.676689 131.868683
[4]: 126.314362 128.115768
[3]: 137.516724 129.667557
[3]: 129.082031 129.926086
[3]: 127.717148 127.448074
[3]: 65.319046 60.540619
[3]: 142.526627 131.771637
[3]: 126.438881 126.479179
[3]: 136.002655 135.141663
[3]: 137.762268 130.633560
[3]: 128.814621 135.352875
[3]: 126.496544 125.978561
[3]: 117.413788 119.108917
[3]: 130.921753 127.657806
[3]: 132.344788 128.203644
[3]: 131.472260 132.660767
[3]: 125.284378 129.234131
[3]: 138.205719 131.750046
[3]: 140.350403 132.714172
[3]: 172.478683 155.685638
[3]: 123.448769 124.603302
[3]: 122.391907 122.442459
[3]: 130.230087 124.990410
[3]: 134.739822 136.959061
[3]: 138.922791 132.554504
[3]: 133.416763 128.384995
[3]: 135.818802 129.326920
[3]: 113.450455 120.673088
[3]: 124.395287 128.321609
[3]: 127.671463 128.891006
[3]: 119.908073 125.635117
[3]: 77.166557 64.354279
[3]: 133.071899 128.957504
[3]: 117.776497 117.774368
[3]: 129.892395 124.986511
[3]: 118.902122 121.671371
[2]: 137.094284 127.894775
[2]: 131.628601 136.264862
[2]: 131.021332 137.254089
[2]: 124.273178 113.327965
[2]: 142.932632 139.689117
[2]: 128.473404 126.364342
[2]: 130.482925 130.981094
[2]: 137.993790 128.233978
[2]: 126.420349 143.741364
[2]: 137.311356 136.178146
[2]: 120.435539 114.198883
[2]: 126.473396 130.096924
[2]: 130.173462 122.856323
[2]: 136.902100 141.394409
[2]: 123.565086 131.694214
[2]: 134.621124 125.654327
[2]: 142.646469 135.343277
[2]: 69.758621 68.268845
[2]: 126.403114 129.859833
[2]: 119.952934 117.726288
[2]: 137.238312 129.149658
[2]: 135.379898 144.983566
[2]: 145.288055 140.783249
[2]: 135.831100 136.607025
[2]: 127.656937 122.202629
[2]: 110.990318 115.770721
[2]: 127.544312 127.232552
[2]: 136.974899 141.488953
[2]: 112.546196 117.123810
[2]: 190.755234 187.028641
[2]: 125.958527 115.487915
[2]: 117.286476 115.701958
[2]: 138.343613 126.823853
[2]: 121.949944 119.795769
[1]: 124.830261 124.435265
[1]: 126.625999 126.022057
[1]: 134.121017 136.218262
[1]: 199.974625 195.582352
[1]: 128.019638 128.496063
[1]: 125.830711 127.885963
[1]: 126.874229 126.182396
[1]: 126.130608 126.707695
[1]: 131.532181 139.348587
[1]: 124.591782 128.695145
[1]: 129.651535 120.969055
[1]: 127.182053 129.116302
[1]: 128.972046 129.162750
[1]: 130.470093 133.181931
[1]: 129.254639 133.151993
[1]: 122.853676 118.258011
[1]: 130.633560 134.611816
[1]: 191.459366 191.817841
[1]: 131.547592 132.786499
[1]: 124.086868 122.490532
[1]: 126.461548 125.744560
[1]: 128.894470 135.743011
[1]: 133.288788 140.021667
[1]: 130.402023 134.113419
[1]: 127.265526 129.365189
[1]: 126.356171 119.186768
[1]: 123.986931 122.164551
[1]: 131.395905 136.165558
[1]: 125.460342 127.482735
[1]: 136.857010 131.550781
[1]: 124.895378 119.676590
[1]: 124.579620 117.413986
[1]: 130.107574 126.122925
[1]: 132.167404 130.843796
[0]: 109.818169 124.891190
[0]: 121.771896 117.632103
[0]: 121.102844 117.247887
[0]: 78.718460 91.521843
[0]: 103.452164 115.437042
[0]: 127.040527 129.795883
[0]: 118.028603 121.578682
[0]: 110.818970 123.861870
[0]: 123.326370 103.972305
[0]: 121.080246 121.032570
[0]: 142.778976 151.454742
[0]: 123.498161 124.158813
[0]: 124.264320 131.248230
[0]: 109.613823 105.238052
[0]: 126.604683 117.011108
[0]: 114.559669 130.063766
[0]: 104.453781 116.268654
[0]: 142.948898 155.970764
[0]: 127.227921 124.307205
[0]: 138.359451 141.321823
[0]: 116.532684 127.129501
[0]: 114.320366 105.662453
[0]: 102.631935 105.882210
[0]: 109.038376 112.333275
[0]: 119.107506 126.447815
[0]: 155.777008 147.295670
[0]: 131.267548 128.576889
[0]: 117.481934 112.386185
[0]: 149.860397 138.924698
[0]: 175.576080 185.904358
[0]: 130.176544 143.981277
[0]: 142.607101 146.401062
[0]: 111.490723 127.767845
[0]: 138.767151 137.356873
