[19]: 2002  3 28  6  1 BERYL       7.3   4.4   87  257 1999  8 27  6 15 FLORENCE    7.1   5.2  125  119
[18]: 1968  6 27 12 12 RAFAEL      7.2   4.0   62  498 2003 10 15 18  7 GORDON      7.0   5.5   96  195
[17]: 1978 12 14  0  5 JOYCE       7.1   4.3   43  618 2003 10 15 18  7 GORDON      7.0   5.5   96  195
[16]: 2002  3 28  6  1 BERYL       7.3   4.4   87  257 1978 12 14  0  5 JOYCE       7.1   4.3   43  618
[15]: 1968  8 22 12  3 DEBBY       7.2   3.8  102  500 1978 12 14  0  5 JOYCE       7.1   4.3   43  618
[14]: 1969 12 26 18 16 NADINE      7.3   4.0   87  410 2004  1 24 18 16 LESLIE      7.2   5.0   27  621
[12]: 1968  1  8 12 17 ERNESTO     7.3   4.5   19  604 1962  1 15  0 20 OSCAR       7.2   4.7   94  108
[10]: 1969 12 26 18 16 NADINE      7.3   4.0   87  410 2002  3 28  6  1 BERYL       7.3   4.4   87  257
[9]: 1978 12 14  0  5 JOYCE       7.1   4.3   43  618 1968  1  8 12 17 ERNESTO     7.3   4.5   19  604
[8]: 1962  1 15  0 20 OSCAR       7.2   4.7   94  108 1976  8  7  6 14 BERYL       7.2   4.6   90   20
[7]: 1962  1 15  0 20 OSCAR       7.2   4.7   94  108 1996  3 18 12 24 SANDY       7.0   6.2   30  707
[5]: 1976  8  7  6 14 BERYL       7.2   4.6   90   20 1962  1 15  0 20 OSCAR       7.2   4.7   94  108
[4]: 1999  8 27  6 15 FLORENCE    7.1   5.2  125  119 2002  3 28  6  1 BERYL       7.3   4.4   87  257
[1]: 1968  8 22 12  3 DEBBY       7.2   3.8  102  500 1968  1  8 12 17 ERNESTO     7.3   4.5   19  604
