[4]: 132.432159 133.810669
[4]: 126.836334 126.765121
[4]: 117.904129 117.011368
[4]: 173.930054 172.741989
[4]: 124.594322 127.989906
[4]: 126.765602 125.965744
[4]: 122.387993 123.397583
[4]: 126.389420 127.716156
[4]: 111.252876 112.075752
[4]: 123.659187 123.572212
[4]: 133.923080 134.815521
[4]: 128.397034 130.076462
[4]: 127.930695 128.305466
[4]: 122.162163 122.290436
[4]: 123.592026 123.362289
[4]: 132.753708 133.872025
[4]: 118.670052 119.866783
[4]: 67.263580 67.763611
[4]: 125.855522 126.349655
[4]: 131.628586 129.646057
[4]: 130.921097 128.811935
[4]: 113.843704 111.751930
[4]: 117.078583 115.774582
[4]: 123.219727 121.104286
[4]: 128.845459 127.566330
[4]: 137.093811 136.071777
[4]: 133.075012 134.523087
[4]: 118.086906 118.492012
[4]: 129.906662 131.551712
[4]: 74.227898 72.852394
[4]: 133.324158 135.290283
[4]: 140.945679 138.272552
[4]: 131.868683 131.560455
[4]: 128.115768 129.183136
[3]: 129.667557 126.180695
[3]: 129.926086 129.088943
[3]: 127.448074 125.774246
[3]: 60.540619 60.846008
[3]: 131.771637 130.420273
[3]: 126.479179 127.603157
[3]: 135.141663 134.086212
[3]: 130.633560 129.546936
[3]: 135.352875 135.476105
[3]: 125.978561 126.066376
[3]: 119.108917 117.642822
[3]: 127.657806 125.386459
[3]: 128.203644 127.668121
[3]: 132.660767 133.045288
[3]: 129.234131 129.630249
[3]: 131.750046 131.367798
[3]: 132.714172 133.016953
[3]: 155.685638 158.396378
[3]: 124.603302 123.048653
[3]: 122.442459 124.455254
[3]: 124.990410 126.921364
[3]: 136.959061 139.991180
[3]: 132.554504 132.285019
[3]: 128.384995 130.758789
[3]: 129.326920 130.114395
[3]: 120.673088 121.356003
[3]: 128.321609 127.208572
[3]: 128.891006 128.814468
[3]: 125.635117 125.617523
[3]: 64.354279 65.259407
[3]: 128.957504 128.150711
[3]: 117.774368 121.734810
[3]: 124.986511 125.759178
[3]: 121.671371 122.422066
[2]: 127.894775 127.247223
[2]: 136.264862 135.980240
[2]: 137.254089 136.914551
[2]: 113.327965 112.267693
[2]: 139.689117 137.381622
[2]: 126.364342 126.698586
[2]: 130.981094 127.624405
[2]: 128.233978 128.036972
[2]: 143.741364 142.203583
[2]: 136.178146 137.613846
[2]: 114.198883 114.640190
[2]: 130.096924 126.708900
[2]: 122.856323 122.853775
[2]: 141.394409 140.165588
[2]: 131.694214 133.413437
[2]: 125.654327 125.578148
[2]: 135.343277 133.652100
[2]: 68.268845 66.462074
[2]: 129.859833 129.648529
[2]: 117.726288 119.663918
[2]: 129.149658 131.661774
[2]: 144.983566 146.664627
[2]: 140.783249 143.406769
[2]: 136.607025 138.715805
[2]: 122.202629 123.971436
[2]: 115.770721 117.062042
[2]: 127.232552 125.410904
[2]: 141.488953 139.064346
[2]: 117.123810 115.612587
[2]: 187.028641 185.319183
[2]: 115.487915 115.064980
[2]: 115.701958 118.848938
[2]: 126.823853 126.465332
[2]: 119.795769 120.149162
[1]: 124.435265 126.325264
[1]: 126.022057 126.915436
[1]: 136.218262 136.888336
[1]: 195.582352 196.316071
[1]: 128.496063 127.519936
[1]: 127.885963 127.937080
[1]: 126.182396 126.222008
[1]: 126.707695 126.085968
[1]: 139.348587 137.849014
[1]: 128.695145 128.326981
[1]: 120.969055 120.997818
[1]: 129.116302 129.991364
[1]: 129.162750 129.039169
[1]: 133.181931 133.600845
[1]: 133.151993 132.922058
[1]: 118.258011 117.573975
[1]: 134.611816 134.446579
[1]: 191.817841 190.478897
[1]: 132.786499 133.661041
[1]: 122.490532 123.510048
[1]: 125.744560 127.226753
[1]: 135.743011 137.356720
[1]: 140.021667 139.966980
[1]: 134.113419 134.075851
[1]: 129.365189 129.217651
[1]: 119.186768 118.962158
[1]: 122.164551 121.464417
[1]: 136.165558 135.687515
[1]: 127.482735 125.537148
[1]: 131.550781 132.650208
[1]: 119.676590 118.345039
[1]: 117.413986 116.324173
[1]: 126.122925 125.788971
[1]: 130.843796 129.204803
[0]: 124.891190 125.861488
[0]: 117.632103 117.877090
[0]: 117.247887 119.556786
[0]: 91.521843 92.719467
[0]: 115.437042 116.719551
[0]: 129.795883 129.016281
[0]: 121.578682 125.195763
[0]: 123.861870 124.510155
[0]: 103.972305 106.059486
[0]: 121.032570 119.801323
[0]: 151.454742 151.746979
[0]: 124.158813 127.514099
[0]: 131.248230 131.608902
[0]: 105.238052 105.389648
[0]: 117.011108 115.152908
[0]: 130.063766 130.161652
[0]: 116.268654 116.555840
[0]: 155.970764 156.132004
[0]: 124.307205 124.708664
[0]: 141.321823 138.138168
[0]: 127.129501 122.934776
[0]: 105.662453 100.806290
[0]: 105.882210 104.640182
[0]: 112.333275 109.659813
[0]: 126.447815 125.247276
[0]: 147.295670 146.646271
[0]: 128.576889 131.001892
[0]: 112.386185 115.023232
[0]: 138.924698 141.039948
[0]: 185.904358 186.589096
[0]: 143.981277 144.811691
[0]: 146.401062 142.887115
[0]: 127.767845 128.020233
[0]: 137.356873 136.864655
