[4]: 138.646149 132.432159
[4]: 124.300186 126.836334
[4]: 121.063583 117.904129
[4]: 166.347977 173.930054
[4]: 121.674957 124.594322
[4]: 126.801888 126.765602
[4]: 126.229164 122.387993
[4]: 124.960815 126.389420
[4]: 115.856567 111.252876
[4]: 123.557930 123.659187
[4]: 132.881119 133.923080
[4]: 135.504883 128.397034
[4]: 128.850601 127.930695
[4]: 126.075356 122.162163
[4]: 124.277725 123.592026
[4]: 131.648392 132.753708
[4]: 118.309479 118.670052
[4]: 64.974365 67.263580
[4]: 129.593796 125.855522
[4]: 125.510376 131.628586
[4]: 125.888634 130.921097
[4]: 113.166435 113.843704
[4]: 113.828148 117.078583
[4]: 127.530205 123.219727
[4]: 128.943848 128.845459
[4]: 131.223907 137.093811
[4]: 129.156448 133.075012
[4]: 119.851997 118.086906
[4]: 131.346725 129.906662
[4]: 69.926422 74.227898
[4]: 133.338135 133.324158
[4]: 131.669373 140.945679
[4]: 129.343018 131.868683
[4]: 121.893661 128.115768
[3]: 121.318176 129.667557
[3]: 131.107330 129.926086
[3]: 124.489403 127.448074
[3]: 64.015816 60.540619
[3]: 133.969391 131.771637
[3]: 126.951515 126.479179
[3]: 135.079163 135.141663
[3]: 130.633102 130.633560
[3]: 134.633102 135.352875
[3]: 127.530289 125.978561
[3]: 117.246834 119.108917
[3]: 122.274757 127.657806
[3]: 126.637695 128.203644
[3]: 130.228012 132.660767
[3]: 129.915298 129.234131
[3]: 133.104797 131.750046
[3]: 134.496918 132.714172
[3]: 168.118240 155.685638
[3]: 120.808289 124.603302
[3]: 127.239563 122.442459
[3]: 129.350998 124.990410
[3]: 143.771271 136.959061
[3]: 135.036621 132.554504
[3]: 129.498337 128.384995
[3]: 130.907394 129.326920
[3]: 124.718605 120.673088
[3]: 128.616653 128.321609
[3]: 129.244232 128.891006
[3]: 123.094749 125.635117
[3]: 68.563667 64.354279
[3]: 128.523483 128.957504
[3]: 126.355270 117.774368
[3]: 125.618240 124.986511
[3]: 126.038200 121.671371
[2]: 121.022392 127.894775
[2]: 136.606155 136.264862
[2]: 134.256622 137.254089
[2]: 116.340309 113.327965
[2]: 145.885010 139.689117
[2]: 129.006042 126.364342
[2]: 126.094391 130.981094
[2]: 131.663284 128.233978
[2]: 142.202759 143.741364
[2]: 141.598480 136.178146
[2]: 113.436745 114.198883
[2]: 117.859840 130.096924
[2]: 119.192467 122.856323
[2]: 136.811539 141.394409
[2]: 130.593826 131.694214
[2]: 127.080254 125.654327
[2]: 139.434784 135.343277
[2]: 68.679962 68.268845
[2]: 123.762505 129.859833
[2]: 127.643509 117.726288
[2]: 137.025253 129.149658
[2]: 151.484222 144.983566
[2]: 151.292175 140.783249
[2]: 131.357635 136.607025
[2]: 122.381172 122.202629
[2]: 121.201614 115.770721
[2]: 132.782196 127.232552
[2]: 141.910339 141.488953
[2]: 116.001633 117.123810
[2]: 183.573883 187.028641
[2]: 116.512177 115.487915
[2]: 124.986595 115.701958
[2]: 127.253761 126.823853
[2]: 129.396286 119.795769
[1]: 128.065750 124.435265
[1]: 127.864899 126.022057
[1]: 137.014084 136.218262
[1]: 197.890305 195.582352
[1]: 128.769745 128.496063
[1]: 126.775490 127.885963
[1]: 126.386406 126.182396
[1]: 123.121017 126.707695
[1]: 134.796387 139.348587
[1]: 127.163353 128.695145
[1]: 124.485764 120.969055
[1]: 126.533447 129.116302
[1]: 128.838333 129.162750
[1]: 130.620255 133.181931
[1]: 132.671844 133.151993
[1]: 119.112831 118.258011
[1]: 133.553894 134.611816
[1]: 191.054504 191.817841
[1]: 131.530319 132.786499
[1]: 125.407608 122.490532
[1]: 127.651947 125.744560
[1]: 133.566437 135.743011
[1]: 136.624542 140.021667
[1]: 130.274948 134.113419
[1]: 127.179581 129.365189
[1]: 122.358009 119.186768
[1]: 125.110153 122.164551
[1]: 134.658524 136.165558
[1]: 128.667175 127.482735
[1]: 136.915726 131.550781
[1]: 121.947334 119.676590
[1]: 117.825706 117.413986
[1]: 127.217621 126.122925
[1]: 134.438919 130.843796
[0]: 130.181549 124.891190
[0]: 116.998886 117.632103
[0]: 119.487465 117.247887
[0]: 86.246307 91.521843
[0]: 109.847649 115.437042
[0]: 127.689537 129.795883
[0]: 122.632942 121.578682
[0]: 125.962296 123.861870
[0]: 106.982567 103.972305
[0]: 115.726212 121.032570
[0]: 151.093689 151.454742
[0]: 137.876938 124.158813
[0]: 136.007477 131.248230
[0]: 111.585968 105.238052
[0]: 117.278343 117.011108
[0]: 127.442719 130.063766
[0]: 111.934647 116.268654
[0]: 144.746475 155.970764
[0]: 132.035553 124.307205
[0]: 128.932587 141.321823
[0]: 117.507301 127.129501
[0]: 95.307365 105.662453
[0]: 99.894196 105.882210
[0]: 116.320511 112.333275
[0]: 126.702164 126.447815
[0]: 139.752228 147.295670
[0]: 123.439796 128.576889
[0]: 111.671333 112.386185
[0]: 139.633209 138.924698
[0]: 185.827377 185.904358
[0]: 140.612595 143.981277
[0]: 136.641357 146.401062
[0]: 128.062088 127.767845
[0]: 125.066727 137.356873
