[4]: 133.937485 132.432159
[4]: 126.269035 126.836334
[4]: 116.722145 117.904129
[4]: 172.700577 173.930054
[4]: 126.395798 124.594322
[4]: 126.686562 126.765602
[4]: 122.256912 122.387993
[4]: 128.177856 126.389420
[4]: 113.510750 111.252876
[4]: 123.339424 123.659187
[4]: 134.912918 133.923080
[4]: 128.712143 128.397034
[4]: 129.153381 127.930695
[4]: 123.006851 122.162163
[4]: 125.105820 123.592026
[4]: 134.410751 132.753708
[4]: 120.378082 118.670052
[4]: 67.426498 67.263580
[4]: 125.241081 125.855522
[4]: 130.816467 131.628586
[4]: 129.850006 130.921097
[4]: 113.475632 113.843704
[4]: 117.331551 117.078583
[4]: 122.243370 123.219727
[4]: 127.687508 128.845459
[4]: 137.043701 137.093811
[4]: 135.602554 133.075012
[4]: 118.245804 118.086906
[4]: 130.709869 129.906662
[4]: 72.978111 74.227898
[4]: 133.906143 133.324158
[4]: 139.040634 140.945679
[4]: 132.067474 131.868683
[4]: 130.132111 128.115768
[3]: 126.593002 129.667557
[3]: 129.068039 129.926086
[3]: 127.235451 127.448074
[3]: 60.839230 60.540619
[3]: 132.062805 131.771637
[3]: 127.359741 126.479179
[3]: 135.126007 135.141663
[3]: 129.669876 130.633560
[3]: 134.395432 135.352875
[3]: 126.148193 125.978561
[3]: 117.199203 119.108917
[3]: 126.205063 127.657806
[3]: 127.334816 128.203644
[3]: 132.053116 132.660767
[3]: 128.856812 129.234131
[3]: 130.284195 131.750046
[3]: 132.961487 132.714172
[3]: 158.766037 155.685638
[3]: 124.138504 124.603302
[3]: 124.240219 122.442459
[3]: 125.907509 124.990410
[3]: 137.897659 136.959061
[3]: 131.743774 132.554504
[3]: 130.608231 128.384995
[3]: 130.241928 129.326920
[3]: 120.904381 120.673088
[3]: 125.904457 128.321609
[3]: 129.601044 128.891006
[3]: 125.567223 125.635117
[3]: 65.215294 64.354279
[3]: 129.239349 128.957504
[3]: 121.515739 117.774368
[3]: 125.606438 124.986511
[3]: 121.415512 121.671371
[2]: 126.489914 127.894775
[2]: 137.118805 136.264862
[2]: 136.398605 137.254089
[2]: 111.555382 113.327965
[2]: 138.355072 139.689117
[2]: 126.285461 126.364342
[2]: 129.068024 130.981094
[2]: 128.010040 128.233978
[2]: 141.504272 143.741364
[2]: 137.948486 136.178146
[2]: 113.947609 114.198883
[2]: 128.386810 130.096924
[2]: 122.319351 122.856323
[2]: 140.099747 141.394409
[2]: 131.368942 131.694214
[2]: 125.445259 125.654327
[2]: 133.826248 135.343277
[2]: 67.265930 68.268845
[2]: 130.899933 129.859833
[2]: 117.196472 117.726288
[2]: 131.014908 129.149658
[2]: 145.534653 144.983566
[2]: 141.777924 140.783249
[2]: 137.811813 136.607025
[2]: 123.515427 122.202629
[2]: 115.757675 115.770721
[2]: 124.977356 127.232552
[2]: 140.607529 141.488953
[2]: 116.758232 117.123810
[2]: 185.893875 187.028641
[2]: 115.737419 115.487915
[2]: 116.510246 115.701958
[2]: 126.130371 126.823853
[2]: 118.498047 119.795769
[1]: 126.376366 124.435265
[1]: 127.146919 126.022057
[1]: 137.536285 136.218262
[1]: 196.361420 195.582352
[1]: 127.152908 128.496063
[1]: 127.565636 127.885963
[1]: 126.564857 126.182396
[1]: 125.972282 126.707695
[1]: 138.054031 139.348587
[1]: 128.517517 128.695145
[1]: 120.484505 120.969055
[1]: 130.526550 129.116302
[1]: 128.421753 129.162750
[1]: 133.534332 133.181931
[1]: 132.787598 133.151993
[1]: 118.477036 118.258011
[1]: 133.899567 134.611816
[1]: 190.655869 191.817841
[1]: 133.363983 132.786499
[1]: 123.111336 122.490532
[1]: 125.878540 125.744560
[1]: 136.731003 135.743011
[1]: 139.671677 140.021667
[1]: 133.550369 134.113419
[1]: 128.901123 129.365189
[1]: 119.144348 119.186768
[1]: 121.511368 122.164551
[1]: 135.128159 136.165558
[1]: 126.104721 127.482735
[1]: 132.963409 131.550781
[1]: 118.830658 119.676590
[1]: 116.083305 117.413986
[1]: 125.948380 126.122925
[1]: 129.148544 130.843796
[0]: 125.955048 124.891190
[0]: 116.966759 117.632103
[0]: 118.223114 117.247887
[0]: 92.738914 91.521843
[0]: 116.006805 115.437042
[0]: 129.371735 129.795883
[0]: 123.394386 121.578682
[0]: 124.012398 123.861870
[0]: 106.350815 103.972305
[0]: 119.452507 121.032570
[0]: 153.409363 151.454742
[0]: 125.667786 124.158813
[0]: 132.294327 131.248230
[0]: 105.865494 105.238052
[0]: 116.472572 117.011108
[0]: 129.851120 130.063766
[0]: 116.537239 116.268654
[0]: 155.451126 155.970764
[0]: 123.704468 124.307205
[0]: 140.184875 141.321823
[0]: 125.094292 127.129501
[0]: 103.287354 105.662453
[0]: 105.720657 105.882210
[0]: 110.181610 112.333275
[0]: 125.787224 126.447815
[0]: 147.230865 147.295670
[0]: 131.608368 128.576889
[0]: 113.474556 112.386185
[0]: 140.107300 138.924698
[0]: 186.658661 185.904358
[0]: 143.796600 143.981277
[0]: 144.993286 146.401062
[0]: 127.773872 127.767845
[0]: 138.765350 137.356873
