[4]: 109.175339 132.432159
[4]: 131.418106 126.836334
[4]: 122.686508 117.904129
[4]: 200.653412 173.930054
[4]: 130.019394 124.594322
[4]: 127.918243 126.765602
[4]: 124.273911 122.387993
[4]: 128.539185 126.389420
[4]: 126.042343 111.252876
[4]: 130.089844 123.659187
[4]: 129.286987 133.923080
[4]: 129.591766 128.397034
[4]: 125.110313 127.930695
[4]: 129.278793 122.162163
[4]: 125.301132 123.592026
[4]: 130.781509 132.753708
[4]: 125.826347 118.670052
[4]: 60.875813 67.263580
[4]: 125.863892 125.855522
[4]: 129.804993 131.628586
[4]: 130.529312 130.921097
[4]: 126.957565 113.843704
[4]: 127.705894 117.078583
[4]: 126.111908 123.219727
[4]: 126.526375 128.845459
[4]: 124.642204 137.093811
[4]: 129.269897 133.075012
[4]: 127.875542 118.086906
[4]: 125.447472 129.906662
[4]: 129.044296 74.227898
[4]: 126.369362 133.324158
[4]: 162.041367 140.945679
[4]: 126.583847 131.868683
[4]: 125.171516 128.115768
[3]: 170.408630 129.667557
[3]: 126.358902 129.926086
[3]: 124.922722 127.448074
[3]: 86.014351 60.540619
[3]: 128.817307 131.771637
[3]: 126.926758 126.479179
[3]: 128.157120 135.141663
[3]: 127.997307 130.633560
[3]: 127.152763 135.352875
[3]: 125.275597 125.978561
[3]: 126.182175 119.108917
[3]: 128.585419 127.657806
[3]: 127.638023 128.203644
[3]: 127.040176 132.660767
[3]: 127.142960 129.234131
[3]: 129.595352 131.750046
[3]: 126.623863 132.714172
[3]: 127.125977 155.685638
[3]: 126.441429 124.603302
[3]: 126.741699 122.442459
[3]: 126.523323 124.990410
[3]: 127.360954 136.959061
[3]: 127.011986 132.554504
[3]: 126.765541 128.384995
[3]: 127.974945 129.326920
[3]: 125.669167 120.673088
[3]: 128.834488 128.321609
[3]: 127.181786 128.891006
[3]: 128.537735 125.635117
[3]: 63.096886 64.354279
[3]: 128.861786 128.957504
[3]: 84.142509 117.774368
[3]: 127.815842 124.986511
[3]: 125.942070 121.671371
[2]: 168.662399 127.894775
[2]: 128.610641 136.264862
[2]: 128.710327 137.254089
[2]: 81.958023 113.327965
[2]: 127.578133 139.689117
[2]: 128.270859 126.364342
[2]: 127.049141 130.981094
[2]: 127.574478 128.233978
[2]: 126.637062 143.741364
[2]: 128.808350 136.178146
[2]: 127.762924 114.198883
[2]: 128.042236 130.096924
[2]: 128.504608 122.856323
[2]: 127.962631 141.394409
[2]: 127.474274 131.694214
[2]: 126.481575 125.654327
[2]: 128.761139 135.343277
[2]: 129.168091 68.268845
[2]: 128.714096 129.859833
[2]: 126.815010 117.726288
[2]: 129.189529 129.149658
[2]: 127.797989 144.983566
[2]: 128.027252 140.783249
[2]: 127.519325 136.607025
[2]: 126.035194 122.202629
[2]: 129.281036 115.770721
[2]: 126.731377 127.232552
[2]: 127.573456 141.488953
[2]: 126.850204 117.123810
[2]: 191.456100 187.028641
[2]: 127.459686 115.487915
[2]: 86.455147 115.701958
[2]: 127.142120 126.823853
[2]: 128.072113 119.795769
[1]: 95.622429 124.435265
[1]: 124.790054 126.022057
[1]: 133.622070 136.218262
[1]: 203.181107 195.582352
[1]: 127.894089 128.496063
[1]: 127.099571 127.885963
[1]: 128.315063 126.182396
[1]: 124.928383 126.707695
[1]: 129.012497 139.348587
[1]: 125.108505 128.695145
[1]: 125.534027 120.969055
[1]: 126.621895 129.116302
[1]: 129.606888 129.162750
[1]: 126.028755 133.181931
[1]: 128.338715 133.151993
[1]: 123.336937 118.258011
[1]: 131.854706 134.611816
[1]: 192.413284 191.817841
[1]: 129.866852 132.786499
[1]: 122.781120 122.490532
[1]: 124.063583 125.744560
[1]: 127.615379 135.743011
[1]: 129.369980 140.021667
[1]: 128.895065 134.113419
[1]: 128.053757 129.365189
[1]: 127.086983 119.186768
[1]: 125.635826 122.164551
[1]: 128.294434 136.165558
[1]: 128.779785 127.482735
[1]: 126.859085 131.550781
[1]: 127.939903 119.676590
[1]: 145.557419 117.413986
[1]: 129.793533 126.122925
[1]: 131.849442 130.843796
[0]: 45.382122 124.891190
[0]: 125.796532 117.632103
[0]: 127.426872 117.247887
[0]: 92.487251 91.521843
[0]: 126.149200 115.437042
[0]: 126.582642 129.795883
[0]: 129.191574 121.578682
[0]: 126.463348 123.861870
[0]: 126.879463 103.972305
[0]: 126.642914 121.032570
[0]: 129.934967 151.454742
[0]: 126.190666 124.158813
[0]: 128.275513 131.248230
[0]: 125.451683 105.238052
[0]: 127.118500 117.011108
[0]: 127.727089 130.063766
[0]: 124.972923 116.268654
[0]: 129.698883 155.970764
[0]: 126.547295 124.307205
[0]: 128.812958 141.321823
[0]: 127.278580 127.129501
[0]: 129.862015 105.662453
[0]: 125.660812 105.882210
[0]: 126.376007 112.333275
[0]: 128.161545 126.447815
[0]: 133.031387 147.295670
[0]: 129.064240 128.576889
[0]: 127.447716 112.386185
[0]: 128.916504 138.924698
[0]: 126.944489 185.904358
[0]: 129.899506 143.981277
[0]: 208.644608 146.401062
[0]: 125.815002 127.767845
[0]: 126.082703 137.356873
