[4]: 133.239120 132.432159
[4]: 126.016083 126.836334
[4]: 116.107086 117.904129
[4]: 171.571671 173.930054
[4]: 127.185219 124.594322
[4]: 126.926804 126.765602
[4]: 122.069275 122.387993
[4]: 129.497925 126.389420
[4]: 116.837296 111.252876
[4]: 122.365578 123.659187
[4]: 136.359222 133.923080
[4]: 127.399620 128.397034
[4]: 127.806702 127.930695
[4]: 121.466774 122.162163
[4]: 123.842628 123.592026
[4]: 133.720642 132.753708
[4]: 119.152817 118.670052
[4]: 67.611282 67.263580
[4]: 125.477684 125.855522
[4]: 131.271118 131.628586
[4]: 128.754929 130.921097
[4]: 116.242332 113.843704
[4]: 117.725113 117.078583
[4]: 123.804893 123.219727
[4]: 126.924294 128.845459
[4]: 137.589859 137.093811
[4]: 133.888443 133.075012
[4]: 121.056252 118.086906
[4]: 133.484268 129.906662
[4]: 70.493446 74.227898
[4]: 132.666275 133.324158
[4]: 137.120270 140.945679
[4]: 132.575272 131.868683
[4]: 131.781357 128.115768
[3]: 128.680618 129.667557
[3]: 129.604065 129.926086
[3]: 129.358948 127.448074
[3]: 61.756222 60.540619
[3]: 132.334061 131.771637
[3]: 127.483864 126.479179
[3]: 136.724503 135.141663
[3]: 129.516602 130.633560
[3]: 134.023788 135.352875
[3]: 127.529327 125.978561
[3]: 114.427887 119.108917
[3]: 128.330383 127.657806
[3]: 129.594482 128.203644
[3]: 133.378662 132.660767
[3]: 129.683594 129.234131
[3]: 133.543304 131.750046
[3]: 134.865829 132.714172
[3]: 161.387375 155.685638
[3]: 124.391304 124.603302
[3]: 120.992310 122.442459
[3]: 126.446655 124.990410
[3]: 137.798691 136.959061
[3]: 133.149490 132.554504
[3]: 129.239380 128.384995
[3]: 132.662796 129.326920
[3]: 118.638458 120.673088
[3]: 127.034546 128.321609
[3]: 127.632957 128.891006
[3]: 122.999840 125.635117
[3]: 67.894951 64.354279
[3]: 130.149567 128.957504
[3]: 122.005104 117.774368
[3]: 124.909630 124.986511
[3]: 118.680382 121.671371
[2]: 127.617996 127.894775
[2]: 135.967285 136.264862
[2]: 137.417328 137.254089
[2]: 111.837753 113.327965
[2]: 137.289871 139.689117
[2]: 126.148376 126.364342
[2]: 128.681290 130.981094
[2]: 126.254379 128.233978
[2]: 139.185776 143.741364
[2]: 139.686600 136.178146
[2]: 113.759804 114.198883
[2]: 129.731522 130.096924
[2]: 124.194565 122.856323
[2]: 140.756790 141.394409
[2]: 132.704666 131.694214
[2]: 124.856056 125.654327
[2]: 135.691910 135.343277
[2]: 66.995880 68.268845
[2]: 131.498138 129.859833
[2]: 118.259926 117.726288
[2]: 131.568085 129.149658
[2]: 143.144577 144.983566
[2]: 139.997391 140.783249
[2]: 136.557083 136.607025
[2]: 124.903984 122.202629
[2]: 114.685730 115.770721
[2]: 125.927910 127.232552
[2]: 137.702133 141.488953
[2]: 113.838387 117.123810
[2]: 186.311096 187.028641
[2]: 116.487045 115.487915
[2]: 117.730965 115.701958
[2]: 127.345161 126.823853
[2]: 116.452904 119.795769
[1]: 126.727409 124.435265
[1]: 127.085373 126.022057
[1]: 138.826279 136.218262
[1]: 196.748016 195.582352
[1]: 126.481659 128.496063
[1]: 127.950134 127.885963
[1]: 126.351181 126.182396
[1]: 126.175903 126.707695
[1]: 135.872635 139.348587
[1]: 128.118622 128.695145
[1]: 120.663101 120.969055
[1]: 129.628616 129.116302
[1]: 127.994690 129.162750
[1]: 133.883484 133.181931
[1]: 134.350555 133.151993
[1]: 117.794365 118.258011
[1]: 133.427338 134.611816
[1]: 190.776886 191.817841
[1]: 133.965668 132.786499
[1]: 122.079285 122.490532
[1]: 126.714218 125.744560
[1]: 136.011780 135.743011
[1]: 139.219528 140.021667
[1]: 132.330032 134.113419
[1]: 128.552124 129.365189
[1]: 119.289452 119.186768
[1]: 122.305214 122.164551
[1]: 134.233261 136.165558
[1]: 125.916107 127.482735
[1]: 135.296783 131.550781
[1]: 119.482048 119.676590
[1]: 116.822617 117.413986
[1]: 125.955673 126.122925
[1]: 128.916183 130.843796
[0]: 122.778305 124.891190
[0]: 117.892647 117.632103
[0]: 114.003281 117.247887
[0]: 91.878571 91.521843
[0]: 116.661545 115.437042
[0]: 128.711380 129.795883
[0]: 122.538040 121.578682
[0]: 124.407890 123.861870
[0]: 107.998878 103.972305
[0]: 117.466019 121.032570
[0]: 154.940231 151.454742
[0]: 124.286812 124.158813
[0]: 129.765182 131.248230
[0]: 104.906036 105.238052
[0]: 113.738838 117.011108
[0]: 128.409622 130.063766
[0]: 114.278091 116.268654
[0]: 153.608429 155.970764
[0]: 121.818291 124.307205
[0]: 143.307541 141.321823
[0]: 124.124619 127.129501
[0]: 103.690216 105.662453
[0]: 106.112877 105.882210
[0]: 112.616547 112.333275
[0]: 122.878143 126.447815
[0]: 150.175232 147.295670
[0]: 130.310913 128.576889
[0]: 116.637360 112.386185
[0]: 143.355042 138.924698
[0]: 183.055878 185.904358
[0]: 142.715088 143.981277
[0]: 144.440796 146.401062
[0]: 126.626823 127.767845
[0]: 142.502121 137.356873
