[4]: 134.243576 132.432159
[4]: 126.498695 126.836334
[4]: 116.217377 117.904129
[4]: 174.143311 173.930054
[4]: 127.523781 124.594322
[4]: 126.518555 126.765602
[4]: 121.555435 122.387993
[4]: 128.198471 126.389420
[4]: 113.178917 111.252876
[4]: 122.454376 123.659187
[4]: 135.792282 133.923080
[4]: 128.574265 128.397034
[4]: 128.458252 127.930695
[4]: 122.658302 122.162163
[4]: 124.891670 123.592026
[4]: 134.350723 132.753708
[4]: 119.416710 118.670052
[4]: 68.498299 67.263580
[4]: 125.911530 125.855522
[4]: 130.690826 131.628586
[4]: 129.349930 130.921097
[4]: 114.154625 113.843704
[4]: 116.279495 117.078583
[4]: 122.533669 123.219727
[4]: 126.933846 128.845459
[4]: 136.790771 137.093811
[4]: 135.017639 133.075012
[4]: 118.255203 118.086906
[4]: 131.486435 129.906662
[4]: 73.120041 74.227898
[4]: 135.147263 133.324158
[4]: 138.381180 140.945679
[4]: 131.759674 131.868683
[4]: 129.817276 128.115768
[3]: 127.343544 129.667557
[3]: 129.424286 129.926086
[3]: 127.579926 127.448074
[3]: 61.040138 60.540619
[3]: 130.500824 131.771637
[3]: 127.056267 126.479179
[3]: 135.286179 135.141663
[3]: 129.129684 130.633560
[3]: 134.504791 135.352875
[3]: 126.554985 125.978561
[3]: 116.849274 119.108917
[3]: 126.363808 127.657806
[3]: 127.656769 128.203644
[3]: 132.355240 132.660767
[3]: 128.291565 129.234131
[3]: 131.396774 131.750046
[3]: 133.180969 132.714172
[3]: 158.090958 155.685638
[3]: 123.542435 124.603302
[3]: 123.422958 122.442459
[3]: 126.423431 124.990410
[3]: 137.086899 136.959061
[3]: 131.857925 132.554504
[3]: 129.443069 128.384995
[3]: 130.660736 129.326920
[3]: 121.103264 120.673088
[3]: 126.962120 128.321609
[3]: 129.017075 128.891006
[3]: 125.513367 125.635117
[3]: 64.707352 64.354279
[3]: 129.303711 128.957504
[3]: 121.235680 117.774368
[3]: 125.666512 124.986511
[3]: 121.180191 121.671371
[2]: 125.984192 127.894775
[2]: 136.640076 136.264862
[2]: 136.869720 137.254089
[2]: 110.827232 113.327965
[2]: 138.293747 139.689117
[2]: 126.696640 126.364342
[2]: 129.741364 130.981094
[2]: 128.173004 128.233978
[2]: 141.923584 143.741364
[2]: 138.125504 136.178146
[2]: 114.186592 114.198883
[2]: 128.348557 130.096924
[2]: 123.755501 122.856323
[2]: 139.847961 141.394409
[2]: 132.206696 131.694214
[2]: 125.758675 125.654327
[2]: 133.812775 135.343277
[2]: 66.273888 68.268845
[2]: 130.147186 129.859833
[2]: 118.040192 117.726288
[2]: 131.417831 129.149658
[2]: 144.547302 144.983566
[2]: 142.949799 140.783249
[2]: 138.164352 136.607025
[2]: 124.698547 122.202629
[2]: 116.376755 115.770721
[2]: 125.592262 127.232552
[2]: 139.673279 141.488953
[2]: 116.002144 117.123810
[2]: 184.974182 187.028641
[2]: 114.703232 115.487915
[2]: 118.053383 115.701958
[2]: 126.345940 126.823853
[2]: 119.790054 119.795769
[1]: 125.646812 124.435265
[1]: 127.377747 126.022057
[1]: 138.079834 136.218262
[1]: 195.742706 195.582352
[1]: 127.455406 128.496063
[1]: 127.284424 127.885963
[1]: 127.420395 126.182396
[1]: 125.590988 126.707695
[1]: 137.622955 139.348587
[1]: 128.645874 128.695145
[1]: 119.483551 120.969055
[1]: 130.904724 129.116302
[1]: 128.809601 129.162750
[1]: 133.947601 133.181931
[1]: 133.079453 133.151993
[1]: 117.273895 118.258011
[1]: 134.914230 134.611816
[1]: 190.464676 191.817841
[1]: 133.596359 132.786499
[1]: 123.204971 122.490532
[1]: 126.595665 125.744560
[1]: 136.676987 135.743011
[1]: 139.512787 140.021667
[1]: 134.037262 134.113419
[1]: 129.598633 129.365189
[1]: 118.806564 119.186768
[1]: 121.129112 122.164551
[1]: 135.842743 136.165558
[1]: 125.776390 127.482735
[1]: 134.044434 131.550781
[1]: 118.807816 119.676590
[1]: 115.834244 117.413986
[1]: 126.213081 126.122925
[1]: 128.524796 130.843796
[0]: 126.187401 124.891190
[0]: 116.539902 117.632103
[0]: 117.204353 117.247887
[0]: 93.025482 91.521843
[0]: 116.178185 115.437042
[0]: 129.754929 129.795883
[0]: 122.251183 121.578682
[0]: 124.825859 123.861870
[0]: 106.483429 103.972305
[0]: 119.574158 121.032570
[0]: 153.789108 151.454742
[0]: 125.278038 124.158813
[0]: 130.741074 131.248230
[0]: 105.655762 105.238052
[0]: 116.079109 117.011108
[0]: 129.700867 130.063766
[0]: 116.169151 116.268654
[0]: 156.242401 155.970764
[0]: 124.185249 124.307205
[0]: 140.264618 141.321823
[0]: 123.840919 127.129501
[0]: 104.417839 105.662453
[0]: 105.544891 105.882210
[0]: 110.168892 112.333275
[0]: 124.105446 126.447815
[0]: 147.086777 147.295670
[0]: 130.880600 128.576889
[0]: 114.238876 112.386185
[0]: 140.564438 138.924698
[0]: 186.475677 185.904358
[0]: 143.581726 143.981277
[0]: 144.723419 146.401062
[0]: 127.549713 127.767845
[0]: 138.722397 137.356873
