[4]: 132.916397 132.432159
[4]: 126.669594 126.836334
[4]: 117.574280 117.904129
[4]: 173.702103 173.930054
[4]: 124.548172 124.594322
[4]: 126.748459 126.765602
[4]: 122.175285 122.387993
[4]: 126.577759 126.389420
[4]: 111.398277 111.252876
[4]: 123.967331 123.659187
[4]: 133.422165 133.923080
[4]: 128.668564 128.397034
[4]: 128.085358 127.930695
[4]: 122.578392 122.162163
[4]: 123.863152 123.592026
[4]: 132.402710 132.753708
[4]: 118.626564 118.670052
[4]: 66.911957 67.263580
[4]: 125.646103 125.855522
[4]: 132.315063 131.628586
[4]: 130.912125 130.921097
[4]: 113.997551 113.843704
[4]: 117.423035 117.078583
[4]: 122.944473 123.219727
[4]: 128.914337 128.845459
[4]: 136.633133 137.093811
[4]: 133.109634 133.075012
[4]: 118.449768 118.086906
[4]: 129.974838 129.906662
[4]: 74.403816 74.227898
[4]: 133.481812 133.324158
[4]: 140.906113 140.945679
[4]: 131.875412 131.868683
[4]: 127.588043 128.115768
[3]: 129.314499 129.667557
[3]: 129.947083 129.926086
[3]: 127.140160 127.448074
[3]: 60.580536 60.540619
[3]: 131.716797 131.771637
[3]: 126.567505 126.479179
[3]: 135.057983 135.141663
[3]: 130.513260 130.633560
[3]: 135.190109 135.352875
[3]: 125.671066 125.978561
[3]: 118.982208 119.108917
[3]: 127.775948 127.657806
[3]: 128.255188 128.203644
[3]: 132.731934 132.660767
[3]: 128.804428 129.234131
[3]: 132.126190 131.750046
[3]: 132.562042 132.714172
[3]: 155.859848 155.685638
[3]: 124.474792 124.603302
[3]: 122.455284 122.442459
[3]: 125.210938 124.990410
[3]: 137.228104 136.959061
[3]: 132.509369 132.554504
[3]: 128.702438 128.384995
[3]: 129.435547 129.326920
[3]: 120.695877 120.673088
[3]: 128.139847 128.321609
[3]: 128.824249 128.891006
[3]: 125.563759 125.635117
[3]: 64.394257 64.354279
[3]: 128.627823 128.957504
[3]: 117.546280 117.774368
[3]: 125.021614 124.986511
[3]: 121.828079 121.671371
[2]: 127.789322 127.894775
[2]: 136.202301 136.264862
[2]: 137.612396 137.254089
[2]: 113.037109 113.327965
[2]: 139.827072 139.689117
[2]: 126.495094 126.364342
[2]: 130.864731 130.981094
[2]: 128.123062 128.233978
[2]: 143.610809 143.741364
[2]: 136.031128 136.178146
[2]: 114.456390 114.198883
[2]: 129.605377 130.096924
[2]: 122.544731 122.856323
[2]: 141.223999 141.394409
[2]: 131.784775 131.694214
[2]: 125.551834 125.654327
[2]: 135.223450 135.343277
[2]: 68.565559 68.268845
[2]: 130.146042 129.859833
[2]: 117.231110 117.726288
[2]: 129.328705 129.149658
[2]: 144.936157 144.983566
[2]: 140.702576 140.783249
[2]: 136.791245 136.607025
[2]: 122.011650 122.202629
[2]: 115.891312 115.770721
[2]: 126.860825 127.232552
[2]: 141.775681 141.488953
[2]: 117.142448 117.123810
[2]: 187.243073 187.028641
[2]: 115.380341 115.487915
[2]: 115.981323 115.701958
[2]: 126.787331 126.823853
[2]: 119.813026 119.795769
[1]: 124.264175 124.435265
[1]: 126.211449 126.022057
[1]: 136.586441 136.218262
[1]: 195.654282 195.582352
[1]: 128.844315 128.496063
[1]: 127.795486 127.885963
[1]: 126.387543 126.182396
[1]: 126.776482 126.707695
[1]: 139.441818 139.348587
[1]: 128.907639 128.695145
[1]: 121.579124 120.969055
[1]: 128.719162 129.116302
[1]: 128.951950 129.162750
[1]: 132.849686 133.181931
[1]: 133.415344 133.151993
[1]: 118.258568 118.258011
[1]: 135.150620 134.611816
[1]: 191.782944 191.817841
[1]: 133.021805 132.786499
[1]: 121.972977 122.490532
[1]: 125.262619 125.744560
[1]: 135.541748 135.743011
[1]: 139.655838 140.021667
[1]: 134.148438 134.113419
[1]: 129.217834 129.365189
[1]: 119.605453 119.186768
[1]: 122.180450 122.164551
[1]: 135.699539 136.165558
[1]: 127.266899 127.482735
[1]: 131.448517 131.550781
[1]: 120.087616 119.676590
[1]: 117.288475 117.413986
[1]: 126.372276 126.122925
[1]: 130.977722 130.843796
[0]: 125.042061 124.891190
[0]: 117.635139 117.632103
[0]: 117.151207 117.247887
[0]: 91.616722 91.521843
[0]: 115.004539 115.437042
[0]: 129.681915 129.795883
[0]: 121.810844 121.578682
[0]: 123.832436 123.861870
[0]: 104.024330 103.972305
[0]: 120.956566 121.032570
[0]: 151.218109 151.454742
[0]: 124.689285 124.158813
[0]: 131.595306 131.248230
[0]: 105.226845 105.238052
[0]: 116.787201 117.011108
[0]: 130.144608 130.063766
[0]: 116.018501 116.268654
[0]: 156.051651 155.970764
[0]: 124.099121 124.307205
[0]: 141.681137 141.321823
[0]: 127.224792 127.129501
[0]: 105.468346 105.662453
[0]: 106.025185 105.882210
[0]: 112.022018 112.333275
[0]: 126.613464 126.447815
[0]: 147.194977 147.295670
[0]: 129.113846 128.576889
[0]: 112.260689 112.386185
[0]: 139.160202 138.924698
[0]: 185.775467 185.904358
[0]: 143.861816 143.981277
[0]: 146.534317 146.401062
[0]: 127.474426 127.767845
[0]: 137.599075 137.356873
