[4]: 137.860992 132.432159
[4]: 126.966560 126.836334
[4]: 121.007126 117.904129
[4]: 132.194580 173.930054
[4]: 125.084969 124.594322
[4]: 126.525093 126.765602
[4]: 120.302658 122.387993
[4]: 131.554108 126.389420
[4]: 110.951416 111.252876
[4]: 128.042801 123.659187
[4]: 147.512253 133.923080
[4]: 131.490112 128.397034
[4]: 121.971573 127.930695
[4]: 120.453598 122.162163
[4]: 129.503464 123.592026
[4]: 126.335197 132.753708
[4]: 119.847450 118.670052
[4]: 69.695229 67.263580
[4]: 127.037865 125.855522
[4]: 135.411377 131.628586
[4]: 125.501671 130.921097
[4]: 113.667503 113.843704
[4]: 121.709091 117.078583
[4]: 115.433449 123.219727
[4]: 122.502632 128.845459
[4]: 130.635864 137.093811
[4]: 133.934219 133.075012
[4]: 118.450455 118.086906
[4]: 133.222366 129.906662
[4]: 69.865486 74.227898
[4]: 133.446030 133.324158
[4]: 138.413162 140.945679
[4]: 129.696579 131.868683
[4]: 129.508087 128.115768
[3]: 120.881279 129.667557
[3]: 126.127472 129.926086
[3]: 129.862381 127.448074
[3]: 122.383751 60.540619
[3]: 131.236679 131.771637
[3]: 128.041916 126.479179
[3]: 135.228500 135.141663
[3]: 124.750000 130.633560
[3]: 143.386795 135.352875
[3]: 125.793762 125.978561
[3]: 104.995369 119.108917
[3]: 121.495880 127.657806
[3]: 134.319122 128.203644
[3]: 134.488708 132.660767
[3]: 127.971016 129.234131
[3]: 131.386536 131.750046
[3]: 136.053970 132.714172
[3]: 187.432205 155.685638
[3]: 125.497017 124.603302
[3]: 120.738777 122.442459
[3]: 128.727417 124.990410
[3]: 141.678406 136.959061
[3]: 133.025497 132.554504
[3]: 137.775879 128.384995
[3]: 131.786148 129.326920
[3]: 125.784309 120.673088
[3]: 122.687912 128.321609
[3]: 136.604385 128.891006
[3]: 122.338722 125.635117
[3]: 71.319885 64.354279
[3]: 125.332191 128.957504
[3]: 118.709732 117.774368
[3]: 123.632294 124.986511
[3]: 125.532219 121.671371
[2]: 119.182236 127.894775
[2]: 129.670563 136.264862
[2]: 131.889374 137.254089
[2]: 124.191284 113.327965
[2]: 131.994934 139.689117
[2]: 125.540108 126.364342
[2]: 135.231644 130.981094
[2]: 123.186859 128.233978
[2]: 144.859024 143.741364
[2]: 132.340286 136.178146
[2]: 102.033691 114.198883
[2]: 123.410675 130.096924
[2]: 131.125259 122.856323
[2]: 135.794205 141.394409
[2]: 121.009689 131.694214
[2]: 129.697128 125.654327
[2]: 133.514893 135.343277
[2]: 73.917610 68.268845
[2]: 126.017906 129.859833
[2]: 113.581299 117.726288
[2]: 132.672684 129.149658
[2]: 144.346893 144.983566
[2]: 131.596252 140.783249
[2]: 139.943787 136.607025
[2]: 128.652786 122.202629
[2]: 124.786514 115.770721
[2]: 124.332710 127.232552
[2]: 138.819748 141.488953
[2]: 122.170303 117.123810
[2]: 183.172226 187.028641
[2]: 121.317635 115.487915
[2]: 116.483955 115.701958
[2]: 127.754494 126.823853
[2]: 119.294342 119.795769
[1]: 248.000000 124.435265
[1]: 215.000000 126.022057
[1]: 199.000000 136.218262
[1]: 175.000000 195.582352
[1]: 231.000000 128.496063
[1]: 84.000000 127.885963
[1]: 58.000000 126.182396
[1]: 16.000000 126.707695
[1]: 180.000000 139.348587
[1]: 8.000000 128.695145
[1]: 191.000000 120.969055
[1]: 106.000000 129.116302
[1]: 123.000000 129.162750
[1]: 219.000000 133.181931
[1]: 65.000000 133.151993
[1]: 211.000000 118.258011
[1]: 34.000000 134.611816
[1]: 147.000000 191.817841
[1]: 172.000000 132.786499
[1]: 167.000000 122.490532
[1]: 63.000000 125.744560
[1]: 141.000000 135.743011
[1]: 37.000000 140.021667
[1]: 165.000000 134.113419
[1]: 228.000000 129.365189
[1]: 53.000000 119.186768
[1]: 199.000000 122.164551
[1]: 196.000000 136.165558
[1]: 185.000000 127.482735
[1]: 223.000000 131.550781
[1]: 237.000000 119.676590
[1]: 73.000000 117.413986
[1]: 240.000000 126.122925
[1]: 7536640.000000 130.843796
[0]: 133.766205 124.891190
[0]: 127.130615 117.632103
[0]: 126.725281 117.247887
[0]: 131.394608 91.521843
[0]: 124.361389 115.437042
[0]: 129.585037 129.795883
[0]: 118.561256 121.578682
[0]: 129.438812 123.861870
[0]: 109.058014 103.972305
[0]: 122.593765 121.032570
[0]: 155.957077 151.454742
[0]: 135.452744 124.158813
[0]: 123.873817 131.248230
[0]: 118.232056 105.238052
[0]: 129.934662 117.011108
[0]: 123.105621 130.063766
[0]: 121.358047 116.268654
[0]: 179.432510 155.970764
[0]: 131.611374 124.307205
[0]: 137.928818 141.321823
[0]: 123.389275 127.129501
[0]: 111.306519 105.662453
[0]: 124.095345 105.882210
[0]: 115.355217 112.333275
[0]: 126.076004 126.447815
[0]: 129.548798 147.295670
[0]: 130.490585 128.576889
[0]: 116.566139 112.386185
[0]: 132.962219 138.924698
[0]: 186.345322 185.904358
[0]: 132.112045 143.981277
[0]: 135.784515 146.401062
[0]: 128.947311 127.767845
[0]: 135.355804 137.356873
