[4]: 88.998947 132.432159
[4]: 129.023224 126.836334
[4]: 126.146805 117.904129
[4]: 173.733612 173.930054
[4]: 129.700485 124.594322
[4]: 128.860077 126.765602
[4]: 127.276070 122.387993
[4]: 127.958527 126.389420
[4]: 128.423996 111.252876
[4]: 129.406662 123.659187
[4]: 127.444000 133.923080
[4]: 129.700989 128.397034
[4]: 126.159439 127.930695
[4]: 130.251160 122.162163
[4]: 126.693405 123.592026
[4]: 131.101608 132.753708
[4]: 126.180702 118.670052
[4]: 61.317966 67.263580
[4]: 124.905472 125.855522
[4]: 127.396072 131.628586
[4]: 129.980698 130.921097
[4]: 129.010666 113.843704
[4]: 128.889679 117.078583
[4]: 129.812485 123.219727
[4]: 127.159225 128.845459
[4]: 126.188774 137.093811
[4]: 126.721123 133.075012
[4]: 128.760147 118.086906
[4]: 124.847580 129.906662
[4]: 125.347717 74.227898
[4]: 126.589966 133.324158
[4]: 171.017120 140.945679
[4]: 128.258041 131.868683
[4]: 123.345261 128.115768
[3]: 171.233231 129.667557
[3]: 128.353119 129.926086
[3]: 126.482521 127.448074
[3]: 88.496017 60.540619
[3]: 129.331146 131.771637
[3]: 128.879150 126.479179
[3]: 129.486206 135.141663
[3]: 127.314407 130.633560
[3]: 127.130882 135.352875
[3]: 126.428848 125.978561
[3]: 124.405914 119.108917
[3]: 128.249741 127.657806
[3]: 127.642677 128.203644
[3]: 128.400757 132.660767
[3]: 127.810280 129.234131
[3]: 131.160080 131.750046
[3]: 128.183151 132.714172
[3]: 125.862114 155.685638
[3]: 127.019905 124.603302
[3]: 126.173203 122.442459
[3]: 127.352234 124.990410
[3]: 127.788971 136.959061
[3]: 126.623581 132.554504
[3]: 128.151459 128.384995
[3]: 129.299149 129.326920
[3]: 123.584503 120.673088
[3]: 127.655136 128.321609
[3]: 128.820602 128.891006
[3]: 127.569679 125.635117
[3]: 58.034508 64.354279
[3]: 129.818680 128.957504
[3]: 82.484589 117.774368
[3]: 127.883797 124.986511
[3]: 126.312561 121.671371
[2]: 167.512787 127.894775
[2]: 130.736389 136.264862
[2]: 129.724915 137.254089
[2]: 94.547310 113.327965
[2]: 130.183258 139.689117
[2]: 127.132439 126.364342
[2]: 133.832275 130.981094
[2]: 134.105927 128.233978
[2]: 137.318146 143.741364
[2]: 133.907913 136.178146
[2]: 114.425339 114.198883
[2]: 134.551529 130.096924
[2]: 133.781204 122.856323
[2]: 139.934662 141.394409
[2]: 135.157166 131.694214
[2]: 128.673172 125.654327
[2]: 134.817078 135.343277
[2]: 124.291298 68.268845
[2]: 127.153374 129.859833
[2]: 118.444328 117.726288
[2]: 127.759346 129.149658
[2]: 133.609100 144.983566
[2]: 135.399506 140.783249
[2]: 144.703384 136.607025
[2]: 128.870682 122.202629
[2]: 120.233055 115.770721
[2]: 118.966064 127.232552
[2]: 129.760529 141.488953
[2]: 120.625137 117.123810
[2]: 186.694611 187.028641
[2]: 118.739006 115.487915
[2]: 73.323120 115.701958
[2]: 136.067444 126.823853
[2]: 115.679329 119.795769
[1]: 83.575333 124.435265
[1]: 128.567825 126.022057
[1]: 131.339035 136.218262
[1]: 176.830994 195.582352
[1]: 128.799393 128.496063
[1]: 126.116219 127.885963
[1]: 130.683762 126.182396
[1]: 128.815475 126.707695
[1]: 131.704865 139.348587
[1]: 129.527191 128.695145
[1]: 120.677277 120.969055
[1]: 128.074341 129.116302
[1]: 131.161652 129.162750
[1]: 130.670578 133.181931
[1]: 131.218018 133.151993
[1]: 124.698830 118.258011
[1]: 133.422638 134.611816
[1]: 191.331680 191.817841
[1]: 129.655350 132.786499
[1]: 121.936142 122.490532
[1]: 124.158012 125.744560
[1]: 130.270584 135.743011
[1]: 130.578613 140.021667
[1]: 134.566666 134.113419
[1]: 130.405731 129.365189
[1]: 123.739967 119.186768
[1]: 124.082939 122.164551
[1]: 129.907303 136.165558
[1]: 127.233383 127.482735
[1]: 119.403992 131.550781
[1]: 125.528214 119.676590
[1]: 162.490280 117.413986
[1]: 130.641953 126.122925
[1]: 126.102745 130.843796
[0]: 139.558304 124.891190
[0]: 117.830261 117.632103
[0]: 121.625717 117.247887
[0]: 81.897560 91.521843
[0]: 120.557205 115.437042
[0]: 125.358368 129.795883
[0]: 110.868027 121.578682
[0]: 114.579048 123.861870
[0]: 104.876701 103.972305
[0]: 112.579384 121.032570
[0]: 159.829926 151.454742
[0]: 115.925232 124.158813
[0]: 118.046661 131.248230
[0]: 99.307091 105.238052
[0]: 110.025803 117.011108
[0]: 120.107269 130.063766
[0]: 111.601227 116.268654
[0]: 143.347382 155.970764
[0]: 129.712006 124.307205
[0]: 145.647232 141.321823
[0]: 129.065216 127.129501
[0]: 114.617043 105.662453
[0]: 112.553032 105.882210
[0]: 87.567413 112.333275
[0]: 117.610779 126.447815
[0]: 151.748245 147.295670
[0]: 147.116272 128.576889
[0]: 117.962341 112.386185
[0]: 141.966629 138.924698
[0]: 169.482330 185.904358
[0]: 143.574982 143.981277
[0]: 142.910187 146.401062
[0]: 109.844421 127.767845
[0]: 152.663040 137.356873
