[4]: 87.768257 132.432159
[4]: 128.110748 126.836334
[4]: 125.926239 117.904129
[4]: 170.688812 173.930054
[4]: 128.073441 124.594322
[4]: 127.304848 126.765602
[4]: 127.289040 122.387993
[4]: 126.907158 126.389420
[4]: 127.200447 111.252876
[4]: 128.500198 123.659187
[4]: 128.900894 133.923080
[4]: 128.245789 128.397034
[4]: 126.155563 127.930695
[4]: 127.906181 122.162163
[4]: 126.091141 123.592026
[4]: 130.557755 132.753708
[4]: 125.516533 118.670052
[4]: 63.299229 67.263580
[4]: 125.070953 125.855522
[4]: 128.168686 131.628586
[4]: 130.239319 130.921097
[4]: 128.464981 113.843704
[4]: 127.458641 117.078583
[4]: 126.399910 123.219727
[4]: 127.872467 128.845459
[4]: 127.299820 137.093811
[4]: 128.517120 133.075012
[4]: 127.868744 118.086906
[4]: 125.515617 129.906662
[4]: 126.159286 74.227898
[4]: 127.175812 133.324158
[4]: 172.830658 140.945679
[4]: 127.133278 131.868683
[4]: 125.818176 128.115768
[3]: 170.075104 129.667557
[3]: 125.448875 129.926086
[3]: 127.311539 127.448074
[3]: 87.638145 60.540619
[3]: 129.678497 131.771637
[3]: 127.143333 126.479179
[3]: 130.131424 135.141663
[3]: 127.526657 130.633560
[3]: 127.724602 135.352875
[3]: 123.496033 125.978561
[3]: 123.759682 119.108917
[3]: 129.403412 127.657806
[3]: 129.339081 128.203644
[3]: 128.152649 132.660767
[3]: 128.533630 129.234131
[3]: 131.399536 131.750046
[3]: 127.904228 132.714172
[3]: 126.035248 155.685638
[3]: 127.298409 124.603302
[3]: 126.831306 122.442459
[3]: 127.214394 124.990410
[3]: 125.225815 136.959061
[3]: 125.679390 132.554504
[3]: 128.920029 128.384995
[3]: 129.445389 129.326920
[3]: 123.762520 120.673088
[3]: 127.595284 128.321609
[3]: 126.858528 128.891006
[3]: 127.279533 125.635117
[3]: 53.717064 64.354279
[3]: 130.557938 128.957504
[3]: 82.183037 117.774368
[3]: 129.432419 124.986511
[3]: 123.350189 121.671371
[2]: 160.938156 127.894775
[2]: 131.008194 136.264862
[2]: 132.413712 137.254089
[2]: 88.998322 113.327965
[2]: 130.067368 139.689117
[2]: 116.744247 126.364342
[2]: 135.273529 130.981094
[2]: 137.908920 128.233978
[2]: 149.601990 143.741364
[2]: 131.576904 136.178146
[2]: 110.821991 114.198883
[2]: 139.174942 130.096924
[2]: 140.690613 122.856323
[2]: 135.332703 141.394409
[2]: 141.935883 131.694214
[2]: 127.814583 125.654327
[2]: 129.948730 135.343277
[2]: 125.931740 68.268845
[2]: 131.773880 129.859833
[2]: 121.274223 117.726288
[2]: 124.938652 129.149658
[2]: 129.942612 144.983566
[2]: 126.008003 140.783249
[2]: 149.411438 136.607025
[2]: 125.147385 122.202629
[2]: 120.328560 115.770721
[2]: 109.158646 127.232552
[2]: 122.261086 141.488953
[2]: 125.610588 117.123810
[2]: 182.175446 187.028641
[2]: 115.987556 115.487915
[2]: 77.736145 115.701958
[2]: 148.499252 126.823853
[2]: 98.871185 119.795769
[1]: 82.931816 124.435265
[1]: 126.615669 126.022057
[1]: 130.306778 136.218262
[1]: 171.145798 195.582352
[1]: 128.410339 128.496063
[1]: 126.934792 127.885963
[1]: 127.105934 126.182396
[1]: 126.633492 126.707695
[1]: 127.989372 139.348587
[1]: 125.701736 128.695145
[1]: 126.732628 120.969055
[1]: 127.077484 129.116302
[1]: 129.489609 129.162750
[1]: 126.218338 133.181931
[1]: 128.075241 133.151993
[1]: 124.251930 118.258011
[1]: 129.996033 134.611816
[1]: 191.826157 191.817841
[1]: 129.776642 132.786499
[1]: 125.921722 122.490532
[1]: 124.146461 125.744560
[1]: 127.417000 135.743011
[1]: 127.782722 140.021667
[1]: 128.532776 134.113419
[1]: 127.618042 129.365189
[1]: 128.160248 119.186768
[1]: 126.896507 122.164551
[1]: 127.865616 136.165558
[1]: 129.632767 127.482735
[1]: 125.792419 131.550781
[1]: 128.871826 119.676590
[1]: 167.530731 117.413986
[1]: 128.211670 126.122925
[1]: 129.153580 130.843796
[0]: 173.912720 124.891190
[0]: 126.671227 117.632103
[0]: 119.840988 117.247887
[0]: 81.664124 91.521843
[0]: 124.069534 115.437042
[0]: 140.034348 129.795883
[0]: 115.914490 121.578682
[0]: 116.972023 123.861870
[0]: 101.067444 103.972305
[0]: 127.560867 121.032570
[0]: 149.246506 151.454742
[0]: 115.059509 124.158813
[0]: 112.427650 131.248230
[0]: 118.244415 105.238052
[0]: 109.676865 117.011108
[0]: 123.339943 130.063766
[0]: 125.040611 116.268654
[0]: 133.724991 155.970764
[0]: 123.748276 124.307205
[0]: 132.414703 141.321823
[0]: 132.001358 127.129501
[0]: 128.372833 105.662453
[0]: 131.839844 105.882210
[0]: 100.437149 112.333275
[0]: 125.195969 126.447815
[0]: 140.354767 147.295670
[0]: 148.351013 128.576889
[0]: 133.618713 112.386185
[0]: 130.601791 138.924698
[0]: 169.601898 185.904358
[0]: 137.626953 143.981277
[0]: 101.543541 146.401062
[0]: 102.260078 127.767845
[0]: 162.618286 137.356873
